67075
88515
70731
77101
55937
14517
84864
45813
632561
94897
306801
748401
258611
409
89591
467531
4019
46523
80449
220101
41011
148451
95569
83977
91827
47414
13201
25544
621441
10317
187701
43872
80465
548831
882911
29407
30312
21595
54589
70924
150961
37411
72368
18433
39221
63631
72748
10362
20863
954721
90681
100861
69877
431711
87948
59636
67585
59249
693651
363671
43426
34068
32736
90054
26444
54136
542521
62309
19104
65009
65627
754081
997711
737361
87865
20745
77359
650001
75851
812741
45659
66104
29716
54467
890651
99367
834101
42846
33011
59411
90082
632861
861161
43208
829001
302341
89977
995311
84731
93325
19318
10776
6079
407911
528671
739101
68499
95431
64017
340721
33121
20789
55914
3935
91075
653801
43269
350951
25025
692341
84141
91957
65627
69896
78955
995701
44267
74517
21183
129101
194221
91668
73599
68907
739021
928731
756581
63144
75674
85841
27959
979201
39449
191311
64559
43468
670611
19337
14801
30326
32844
395911
726211
21211
37458
1492
62906
600701
710831
169951
33356
70914
91608
410111
88697
60164
266711
9283
508631
945121
703371
520701
133611
92901
74222
66519
93236
25415
4345
462241
7522
462631
76899
867361
60395
91679
3364
27264
43215
271
94871
532511
82106
65964
823841
18411
81107
924501
91634
297401
786621
56083
683821
16525
9729
77271
722311
24699
73437
257971
390821
70205
87776
35564
165501
58661
23147
93995
44978
492061
715821
25886
67211
27013
576681
53788
98753
96089
192451
74963
72276
960341
76334
969571
55378
166301
6181
393511
29125
10337
65541
10111
442401
771621
50999
45408
93134
2917
75958
60311
63973
57114
65213
424881
73214
649
199981
93486
45351
79149
85774
81838
95427
46267
59788
358401
30821
197141
72695
99593
907501
77098
176641
4328
918461
569681
69221
118361
99024
98105
781951
66064
39778
78506
40877
910741
140751
33555
686731
92701
75096
78729
70969
30931
839011
7095
18449
93629
29467
900061
884
4685
37539
646681
66543
59169
34399
10089
24265
256411
99098
69109
549111
8072
71051
4893
64166
87212
64114
280001
6668
953201
71142
92328
85794
77775
75865
957221
503881
5891
55106
86536
298941
912521
6584
41544
1531
84958
606071
984111
188251
159301
50449
11011
944021
770271
949721
912211
61514
79614
891491
1877
3038
47688
86789
98748
58819
60074
552211
46416
3993
49224
35339
96202
42916
559911
2696
8101
22288
932151
64099
96788
55837
87128
387431
233721
73725
1101
15803
66194
522001
349631
81787
72875
747221
13229
82021
38085
226401
742631
42085
975001
1884
98147
804501
69837
58247
910421
22734
500601
297551
83388
77229
843331
95299
77292
62614
12744
680911
691
582001
40779
19209
61031
23506
838
19316
98918
90379
997051
461681
15033
587871
736531
87697
41769
84747
87299
9237
69356
626371
91856
4766
63187
48023
95239
58319
42761
8561
45884
84049
543901
54282
53875
336101
73306
846901
2252
48697
985841
998141
991141
45801
68426
36679
78786
651461
74879
6337
93995
428551
13966
81789
49627
131861
1543
81148
172321
83169
93109
90847
14079
50123
70748
40668
907211
55155
99256
49548
63873
96886
717451
25169
62484
6117
411611
34217
60858
37572
616541
703161
133631
305041
69659
62518
32657
20556
236441
16923
79852
70231
929441
65154
757131
66494
744421
685301
76347
447201
38206
40977
51077
619221
31204
59005
94636
632601
15006
219231
799701
618901
36907
20373
2489
189341
929101
16611
595041
19851
663931
87836
12393
35533
42112
39185
722121
201511
239131
76399
82565
79146
38327
820091
716321
55909
747101
524601
596471
79685
66038
522431
32668
94648
8578
91197
451111
587821
29261
50926
850611
925221
3444
668901
77947
13503
454511
638001
30885
13022
35261
461711
438431
107321
47709
32703
938941
277411
54735
40492
57539
52532
958411
539221
42225
842501
85425
688341
909311
52456
568811
82209
999311
2924
41254
6756
4579
97611
99594
16141
88226
70558
17148
834401
52222
687321
91784
933121
792851
997841
568631
7846
41104
107581
31419
851051
733921
50426
16395
148001
98486
148511
765851
77513
89189
8188
56641
914541
114951
454321
74398
518811
19241
32994
87371
29034
5721
85433
201241
7099
6869
12146
82347
21524
77679
80011
94721
15401
902461
11452
22007
2347
15196
728401
4938
796041
60877
90108
47407
43184
8205
35997
453621
41601
51294
28301
28609
229031
35892
365841
977571
49941
544611
61526
34192
439501
54279
89942
66682
56848
77077
50415
13743
5827
41026
4183
25724
39087
886501
38977
53083
57498
830401
29644
86847
3484
805501
78194
99772
14806
981621
74475
79768
36355
73924
65682
58281
59159
59987
12213
49562
54885
82368
830901
60747
60401
4651
85216
229
18069
28486
95671
937761
87327
144331
850621
74074
116081
941521
137821
977851
20062
470541
5736
46625
621111
27405
80372
49321
881171
800521
37927
47534
16164
80882
322871
69349
932411
54042
76355
37369
48668
229141
40959
146541
27421
1827
339601
54867
4111
620921
546221
97376
613071
159081
28455
26584
36993
64847
25828
118401
64369
324221
1301
27741
4108
657101
267001
35557
428231
575111
82427
77019
12522
737321
509121
959741
690671
860861
113411
53817
824731
61028
1223
44999
59611
74011
83883
356441
146471
77536
134601
735201
84602
119611
51591
58965
51138
15831
23541
159851
58691
542841
39469
872421
193721
93747
73846
85665
59608
422741
214151
35431
29268
670721
40808
81818
5385
11391
93575
492511
63489
64048
748011
885701
52835
92341
419101
15652
633261
42523
631721
4709
5991
253571
303411
911351
28721
270221
49957
858811
983851
576271
12151
85418
47416
12332
40667
86332
113901
43676
608
42051
613601
976011
35841
79287
74243
86499
7788
737721
759481
28554
52256
917631
28913
14478
22709
561351
8095
8491
16772
61919
988111
87574
94355
33594
365211
7061
415601
264111
9438
916631
57363
3485
60089
93159
934831
22583
3375
2522
50007
19197
317761
583301
92667
83389
717361
64841
495601
502921
15058
56177
95638
94879
4518
769641
959171
894611
45175
94159
16676
22009
27148
6406
926251
44938
16148
84074
66198
585931
70492
85041
98562
69799
40735
625921
35476
3629
879011
682411
53441
55386
125
73477
37015
99187
616061
425081
73508
39531
150901
46578
24406
969531
37295
71541
97939
49954
28737
38793
691611
79815
2174
663601
65634
412661
12415
80498
65723
40829
167501
4018
695701
358161
88964
99537
64141
491011
685861
36825
42717
16733
7388
16169
932181
11351
53552
26889
24452
965621
5275
81367
67376
52737
859551
9538
21092
23233
796301
556211
513
40785
28462
76321
7861
82498
61603
95477
66301
22267
668751
49592
42745
450001
993611
83251
745811
611521
119831
4877
25649
78774
255571
36295
96893
75182
265421
393501
64537
9094
957701
722651
95992
139401
31833
341331
77929
28844
4268
44088
526831
120431
23969
99305
93976
617771
34526
19401
384261
177621
104281
110021
73156
524931
576111
217441
44774
7186
8079
82308
99421
92896
573541
111
69016
61543
251411
96286
69091
1611
53557
94243
25967
25749
140221
57001
8463
46975
594631
22442
316151
76727
38997
11449
95826
89496
212401
539101
52368
9307
9997
534441
22737
98373
771631
58848
68751
871251
262701
233631
92474
363301
65637
57207
81015
486781
281121
35451
790301
967321
95314
94228
81946
85039
45658
58886
189261
63864
43686
43252
993321
47947
48681
735511
749411
29496
365101
3279
252221
284121
56475
3058
891901
41998
38075
946801
569241
98629
170731
138731
254221
47906
4751
86901
97357
613011
68844
45216
68152
56341
489221
80199
659701
76161
33958
498921
10207
866361
62586
30211
38533
900721
76057
900511
98979
52025
11992
798721
494701
6085
32303
81311
192661
35557
43796
55059
22627
245121
5511
6576
930111
578
64407
99458
730611
13721
888411
74682
430501
79214
794411
569451
79582
222601
65224
99589
415411
98227
764331
94993
83698
51953
10565
631351
824911
45388
162821
13979
407141
97399
84539
641971
90831
521141
88235
391951
65224
10306
204061
51231
804611
69216
28829
64993
584431
4037
50079
57288
775261
24921
68478
21906
404401
91287
80377
31076
62806
83166
70349
164541
309341
5838
907811
176441
37994
72635
79205
87716
476011
19145
91496
6166
994121
21759
76218
87166
25707
738411
95386
52029
90112
274961
645511
123921
70768
705651
749051
92289
771211
442221
11444
6766
726411
96498
72623
68941
55312
60246
89499
48205
494511
6177
805221
966021
266841
899821
88278
29045
51101
47845
332511
39818
44011
997801
18409
17949
6371
976401
83986
76855
735521
43507
363251
54582
34921
69359
606541
95268
88948
2885
527801
701621
902351
96955
5401
13911
505731
60628
706641
94714
14168
79405
50852
67255
10445
200601
633551
45911
325641
549031
88
497121
43599
37889
74605
528121
32142
151901
14989
207001
25394
558241
145211
10426
60493
48582
4178
147471
16731
90611
625651
914821
24169
831501
5194
116101
5265
872651
978311
643331
54306
23087
70086
29846
72478
32152
48622
776441
856011
8975
493201
301611
615551
81434
91447
325971
62378
54534
28607
25029
527951
923951
770021
98391
139881
80244
188111
39346
90787
331031
71338
6971
93833
6489
5506
15461
57066
93028
6384
60822
34781
59619
66348
415631
87617
653411
48457
13352
99511
73431
3618
26306
64777
8373
9841
50305
8998
35951
25362
76507
57
42495
511931
16179
6652
92069
65449
731501
91825
135551
874061
77218
58416
32538
64811
152311
76551
586411
44096
561611
183011
71974
34675
24465
21847
424421
77838
62864
5279
79609
564701
95311
869061
169221
11554
88028
73307
17905
848711
83266
53134
76237
77906
32408
84528
15228
894041
71948
62291
319341
619061
77614
10058
931661
53796
78112
992771
1885
45099
661141
1416
488
80017
97189
5385
122511
70244
151911
84608
71666
25778
74326
22267
65444
766241
716651
36877
609651
13091
227541
360451
73142
497271
350741
623221
913641
5332
33495
39712
63588
515641
1548
286941
643661
50417
64846
46767
52865
50341
82724
272281
23766
115231
816101
92377
274541
53269
487901
46628
19947
73037
95377
6207
59121
23596
48772
17963
2676
11399
860721
452151
83597
130601
352331
539
98475
33975
6617
428
2498
10177
335511
65134
234301
221301
558141
93869
41992
476141
284301
9615
990951
258371
291001
82108
17346
11416
672101
151921
212601
76748
7664
90195
28108
683201
285021
58626
461
985771
72673
818841
97251
147311
89401
206191
16107
62519
5227
557781
1907
44086
627441
15724
899331
87113
145131
823401
62799
632721
18309
864401
42621
28626
777401
10619
8068
78509
32851
2318
8172
86306
2994
951231
776321
98487
288121
6622
40086
56277
31393
51344
52936
51455
28815
22841
930761
96879
310081
20019
833111
563301
897131
16667
979421
68709
45156
2861
49678
27369
510401
37236
14714
132921
715651
27441
50636
66162
98505
34749
466051
10959
94626
74277
97146
78861
12171
29859
974411
74167
28511
83986
64585
457
54512
699201
88718
86568
43101
727711
63344
98448
754051
990081
75816
181001
31706
35056
375421
43977
24168
3511
76328
440721
691351
171561
671711
449601
10682
81618
27441
84033
488011
37323
725001
55896
584401
6458
24388
745851
7683
767051
832151
104001
550241
776801
42683
702831
70845
39452
978231
47207
74568
25878
958821
32329
779741
56883
325901
92108
86631
30154
224701
27909
74851
77793
796381
51897
584811
528711
167641
41944
178671
731311
93356
670511
669131
44383
66662
244611
9999
19352
3807
91622
50099
46971
4321
857011
97077
139701
933011
55605
252871
873901
903601
699271
91758
475661
15562
11769
12785
93165
206031
393151
28694
25717
614351
334201
33279
82585
79725
281921
30899
95189
16212
25801
603731
932301
7021
62602
42751
56111
58388
45599
825921
70501
606471
19038
18308
43056
30245
28747
30974
82449
4107
85837
16131
858241
65786
725601
17402
93547
658551
96649
43269
89675
629351
99436
99005
62266
93696
32634
73966
18408
520291
7585
7236
8689
1979
594021
44921
1531
2651
580931
25521
30929
99546
27431
360141
5747
77637
10106
34385
23679
838701
24437
641331
940811
80493
67898
94024
77672
40784
82056
89748
44618
398111
26988
502011
86139
90023
24141
630731
13199
188341
6776
66664
86585
364811
70427
56028
72512
18939
79169
261221
76417
95647
10954
812211
30124
43559
53625
85717
39201
910101
46409
721801
21214
624901
3946
53493
757121
829401
601931
6548
96951
78717
20697
4013
76758
709001
46759
295461
42849
209031
651331
49459
90617
4381
853101
59519
58996
27904
17717
51291
644411
91151
75964
51909
363601
754531
328101
38945
47865
697971
786821
98011
927931
1926
1589
206501
4936
64784
34515
95523
7205
74785
42907
926001
345951
16238
76215
50662
90697
98324
502431
294
146551
308
242101
13058
878711
81878
6216
74485
83209
819001
74145
58531
14846
47945
82741
61062
61686
211031
43388
11711
539241
82215
12329
78721
767851
96239
83171
74153
36986
739111
10643
842711
452451
5483
586511
47666
630331
59449
89672
61097
68068
10375
8271
728311
92697
12765
65128
58349
478901
55488
97033
6651
12998
80878
89035
77666
190901
86529
69511
37823
35259
106531
93749
803701
89024
99118
84164
46714
90969
61009
119701
55921
541341
22485
84031
28009
809641
51984
55539
156101
976041
642031
652231
87557
30857
15899
430021
93994
884711
104931
694521
95535
16092
490041
69667
826811
915441
11104
187221
52309
75612
27999
89696
29709
316001
66545
71221
98808
675121
32471
919401
52671
11707
52871
58245
86396
66687
30347
23399
339431
99948
591331
4248
39967
936911
86994
41857
406301
55578
910301
4661
62894
9749
56761
798581
53059
64038
64197
84515
151131
468231
91051
87181
215011
85858
63411
91468
660031
9922
37287
62579
20655
91439
897951
6208
81707
98491
35388
85987
48843
58085
49617
54127
57219
92931
21466
918221
94875
75789
69762
70878
914211
35845
58468
80344
81794
25078
907931
185061
4623
40077
51823
807341
83289
157911
584001
62668
66601
310071
16318
578
51856
473771
18175
505561
9837
806931
70823
99345
45149
52974
193451
37252
55632
75811
961021
665831
43484
14395
49043
70557
732831
278211
96099
372121
32709
192411
52679
95858
48805
115121
22478
59799
34553
57535
6409
46412
65559
44897
678461
81428
22956
194601
83458
57527
553411
7615
18597
649811
63508
82148
7665
908111
28639
785721
66699
979301
926811
8145
120231
6105
86667
31511
75017
91233
62709
82003
35966
13382
485911
89375
6558
160751
35284
828701
296441
70895
340371
750221
22979
813611
35557
51703
780901
50246
86603
15807
861251
316521
3326
357211
895731
94493
26849
28974
10301
30732
41542
624571
701961
321271
33079
197421
42834
43476
36787
484931
911741
69456
94716
62277
858931
2964
883641
5188
62869
467771
71999
65146
911561
311131
53311
22469
741801
131771
39206
16239
75263
73558
544001
772461
98228
771411
95095
131441
13117
43606
70841
675801
380881
14609
32001
849131
748231
79076
7064
94027
967141
62259
207
39452
41951
94035
24836
64829
29441
14754
99057
15915
404141
71431
36705
83997
2669
277221
37263
3634
40111
616321
53488
455611
20223
76406
55711
514001
935341
99094
97208
7599
879
77849
92681
746501
623361
41736
600761
295011
846161
43347
9754
66495
80881
12107
279061
3459
417721
92361
30177
62057
222821
692541
72159
92871
79631
17397
66432
970871
403511
90624
87065
80656
70836
824221
994721
83974
85324
820711
1105
86653
71979
92834
283661
82821
80388
413531
531831
901511
61502
5688
11357
68309
671401
519281
78888
52328
93451
45355
526221
56775
864251
3045
71699
72032
77246
990841
15025
144931
5606
35486
44159
23183
86791
970981
43458
14634
49589
495821
872901
75102
37104
623411
89847
118781
3477
194361
57533
66442
87384
4204
58752
3941
16666
6917
28466
68597
382021
95481
929301
487
12696
10109
71357
8969
78448
98228
348921
2797
556941
94679
29599
123231
869401
606451
43165
145701
932551
298511
165001
314171
40029
677881
926321
3067
35822
78748
81575
2948
35759
9875
458371
69264
975211
28264
42298
1006
345031
88186
93284
87424
471171
99417
33743
824701
838821
84669
647731
715701
97289
27295
3859
923001
86561
133031
682101
98697
4519
80873
85402
795741
65298
96346
3711
991151
899461
90869
92519
377441
28149
45712
84966
66197
68319
506091
88901
27636
32309
19198
55249
2231
69636
908471
37179
35671
18439
29157
78611
23694
48
26045
248511
262701
86037
37961
9324
38957
51966
735001
73274
7507
86454
765721
531
17845
287911
752401
35211
57126
910061
28546
8639
643521
99969
94656
67586
94308
622111
6326
2324
93089
41566
36786
82861
64009
528241
773
912831
81049
66308
60986
94702
64497
70924
68038
28099
119701
588741
44044
32989
1024
75377
3623
86726
37269
250741
536801
98015
90789
72831
29519
974561
96511
83781
2027
951701
687641
347401
96807
79789
37243
482021
83649
80621
9809
86966
801811
350041
81236
563861
696321
162001
53524
82728
30763
17649
83115
34426
841201
131911
31359
916541
45392
62201
888641
96846
7115
332011
90499
21001
7783
979101
75482
11687
96679
395611
64993
981701
862851
908941
91189
22893
15322
733661
78355
254671
16672
90171
942311
872011
352731
24552
740031
20199
40642
239711
86357
63658
43004
374411
90502
54167
65425
207331
71186
62238
43218
34037
6732
73421
6912
343511
632341
5308
61393
301211
57971
36404
914411
29923
855251
29772
15011
344331
94243
548361
62368
85017
41378
38604
11603
960701
917641
901851
914541
21976
6579
35468
135
890721
52842
352631
603561
97375
169901
653111
39941
68438
596471
602641
8151
576271
85301
919751
107651
921731
11113
71244
7144
80545
25726
296121
87943
456101
771961
456711
393331
779001
82622
92364
74856
52823
60816
64017
64196
19414
60312
9047
2565
96187
57425
52217
467451
78585
70168
865
2603
131
702801
62423
51565
214971
94289
47573
92524
60878
9266
84234
78167
43866
12274
79774
9225
326931
65378
261551
55349
62953
585721
22241
47045
95842
434531
847011
527371
761601
13797
2418
89739
89051
12631
88111
695611
6806
55009
42951
86288
92709
13223
59666
97231
53892
96728
92188
9698
22265
92105
60332
83946
88881
26116
57625
51246
48908
97801
810331
91891
74657
26558
21369
51438
27806
69486
40973
300421
68569
726721
24214
6225
7024
52614
78598
233201
39565
242261
74301
1126
784421
335461
693811
95563
19779
32647
144351
94114
54667
63704
22475
876641
479061
85411
73864
639101
52346
42425
30301
4145
282171
526111
949911
26374
726401
92693
83481
936031
42155
11203
640711
70411
197651
94888
57092
76967
758541
40084
41651
97049
34421
640071
310101
27435
89706
61857
93192
23555
86572
170751
45725
85005
68555
5808
348
23413
9545
86217
60329
79725
918861
164811
554241
875921
588081
75928
374801
56251
736701
25058
416631
449441
24899
491551
15149
761731
84833
29056
97536
477711
717511
38188
813331
33976
820521
85317
870311
380751
29228
62029
621431
6093
70194
22827
71876
26639
964711
84225
20912
69955
4303
107851
93998
37832
462601
81604
94003
846021
677951
583421
94514
74168
407751
24987
40871
207181
35927
5337
1
43257
46628
153861
51405
90316
1009
59011
58909
206941
817321
22576
775371
723801
63841
64751
62743
72743
31088
288531
822641
85831
31529
63348
47508
833941
108011
39738
73995
93106
14266
66917
68389
291401
86213
82505
77945
86768
225401
258821
74645
3365
8138
850151
65143
67081
79151
31863
41928
877201
31611
45974
23998
23826
8342
86019
95723
47739
277821
69879
678431
965121
164111
70061
23288
995371
710711
86097
23353
94641
75412
91374
771501
61143
26314
466091
998531
81992
4778
290401
47471
22337
900811
66259
66357
505601
76701
2122
761641
563321
668101
96588
34155
19246
84586
56608
773211
8505
10792
53404
32787
23767
66397
70429
669501
78689
995111
36839
89459
61508
72103
893941
26683
52431
106821
34467
94531
88215
80767
226041
158631
51252
62663
266921
747
62508
22754
569501
595531
72025
58027
58999
723961
121221
8087
64273
840501
305851
88489
37536
386061
378741
636411
15764
52563
78578
49905
39301
636641
912021
44478
67351
76352
92485
59126
4586
473001
94485
755301
38501
5533
22801
905451
18815
955101
20265
68282
263401
97535
353641
547541
28793
82002
55172
27371
14646
74245
45705
20487
6473
49496
27929
7795
89552
36831
11534
61805
168031
93302
13729
315901
45914
192211
79027
72758
8706
62326
75767
35595
383681
73745
623501
6183
71477
74033
42438
623011
82286
67564
71048
50654
94566
718501
774721
595
223651
993361
749551
22076
929921
98946
758711
1458
747321
67969
26555
40669
39599
98741
26658
227221
63077
635021
14418
52018
220461
131641
321901
64617
718501
3077
84343
7886
77527
831501
734661
69246
863421
4869
11393
712061
174671
66946
4728
33838
569141
93061
64203
918761
4672
70349
20015
226741
398121
8902
967351
63368
77626
255571
77937
8653
38214
210021
21
801601
34344
4899
77619
81576
886631
93178
68862
931301
71017
607521
13923
522401
550941
921761
96917
81476
535801
2149
17469
563671
15106
59598
86577
12461
97478
288021
35767
57242
992451
15787
20423
99477
625
42507
504471
80629
143521
567781
39897
28829
8501
73217
46555
574801
714931
53888
45632
867221
812131
832831
419601
96139
65213
85678
2903
23565
790011
578081
28847
81948
68025
20541
24118
60972
320091
62993
49271
1094
19067
282561
97145
289701
6179
40079
2914
5765
36601
848951
20976
466011
95126
672451
2357
75177
69632
66144
17368
45665
5001
95108
591741
451511
50189
56736
70155
25848
34455
789941
94791
39611
602731
3204
773111
80069
717221
21835
667201
689701
45716
9256
74743
48721
12155
34423
916401
77231
69597
55509
52951
72708
3324
80246
55092
13211
11085
83376
79228
45225
84087
827721
770121
87265
92464
37599
28083
23943
543001
552931
43883
78274
7511
95529
5097
80021
316701
48452
750221
871061
80427
8716
450601
909031
58464
713641
41026
97657
82478
210051
839121
81737
920031
564241
77267
505041
77015
207011
95565
50479
918211
5397
304401
29712
87497
87574
40941
155401
856501
82732
42268
6227
471551
47107
915411
37347
8688
59502
47558
657601
76754
17065
311851
88643
67612
24345
47865
439021
84631
72768
94496
196741
15298
98381
559911
644071
191661
77419
3799
9892
64013
676501
698701
48277
90303
731141
72588
81427
31421
54159
64431
79015
10404
987651
63679
50194
73635
9497
82973
70346
712401
45165
505511
798331
99493
70449
46193
966601
668701
759951
88775
11501
38695
556711
303201
19978
974141
835901
30477
945701
91537
40187
95185
90588
21728
75555
30268
1314
178021
977341
915041
93308
49705
24931
39793
54749
69597
90233
408021
99177
7669
55929
697301
32597
74236
864511
266041
12205
418861
417881
572721
87991
190661
911241
52922
57865
43196
641121
83946
47978
68656
45179
108541
212001
502171
80088
568421
92937
225121
90828
41287
439601
558401
918221
72247
80674
13375
256111
1695
12338
39879
80252
843811
706
977111
979051
70056
386221
30185
2895
896
57478
31022
19021
389711
948031
28671
385381
10713
67268
978331
976211
90848
39549
323321
36754
713101
88488
682001
67356
92311
88502
33255
775561
4812
80945
19807
210611
4945
723631
215131
19731
56806
37113
843621
30987
97354
97255
703811
42316
981401
46213
22303
48889
53918
657
86087
98286
78753
87471
69289
23145
80401
729661
914831
3197
61529
77601
64864
52549
133761
10942
2256
80712
85172
527
630111
60488
272731
31627
78993
2333
79307
82645
3776
7104
2427
838071
78231
93607
62186
78441
45232
12374
3143
81296
27424
23339
695111
61156
78309
267781
920331
87844
47846
80917
62845
711901
83714
335801
683951
82441
70937
28693
97595
4893
765611
1216
34786
74266
84106
38913
86557
631901
81081
86751
27709
839411
303501
30576
898021
4739
18528
518631
13127
26506
92515
27759
888801
801011
391231
59805
642501
38845
23929
37286
957121
865941
8358
50618
77265
2749
66889
26
412141
826101
62692
49984
851601
68627
61044
77164
20071
62575
765621
35158
62851
978901
52588
38886
463581
104
56109
4129
50223
56387
94083
23408
98359
6884
57688
95115
42921
90989
44218
18178
532491
60733
403901
8117
184351
86343
86867
76594
744411
90927
6517
541121
46007
2397
624801
833151
882171
9283
73601
812361
2428
39348
618001
50253
757441
101821
14294
27558
409741
533631
714061
18903
46205
921791
10786
16647
96759
585161
37706
5716
812201
937111
10738
56011
901281
96844
73782
71721
39014
231401
62508
46799
82469
45283
20601
883131
603411
83869
88418
942841
945921
96592
20729
32918
232001
89388
81155
2945
23167
41889
48254
66428
87956
14109
95311
16229
39078
34456
4882
48534
29433
326431
53557
69968
35543
9671
615801
6989
745411
3582
38921
49238
837191
37385
11266
60978
15132
64307
9461
13731
20949
88098
79066
6269
88251
951
442451
95912
689311
507351
218911
848041
71861
818061
468631
66559
22456
86923
79258
371251
912841
138931
701341
71071
15729
65659
6789
61828
74898
49877
795231
95566
381931
554931
771821
251431
596001
911
7521
838741
24125
27612
72501
52911
952941
92153
245571
23601
908151
81658
18958
61856
11421
93451
13407
47075
74559
350221
77847
477121
103911
96048
147911
103521
4437
49353
225061
73501
961841
59077
23134
39057
64698
33728
10367
92158
95508
82175
99239
81248
38256
16985
950061
55458
436
70928
681401
499611
51533
89321
42403
310021
798101
50918
38875
721101
62495
21915
47529
792181
146921
49293
15615
531461
36251
448201
37762
199161
362201
638321
26964
38775
78019
42781
7882
40964
507321
56452
33752
7294
677931
39786
961
79239
80213
13298
13058
447451
617181
47283
202851
638811
6704
640141
71005
364631
479601
45015
14589
95963
841511
39875
603321
106751
5317
47638
477501
769011
11978
86952
84571
747501
80238
450901
62436
69051
817241
32311
44255
316051
42359
175611
37119
59788
497201
63055
386141
22325
7828
4639
134271
92879
83698
62507
65651
999751
25264
954051
52085
95931
6665
942901
42015
36047
324251
61925
45737
70748
714201
87769
52437
122741
698641
99668
87632
765471
27244
928161
45875
24801
904621
95501
857701
6369
22494
427731
996141
584241
817701
42259
506661
947461
32676
197741
505831
54128
44874
822111
22258
841701
376471
6604
22247
85159
356071
975101
15021
98119
19324
32435
13364
80754
4735
323111
26072
819731
21141
89571
81913
61219
83102
20387
37515
22012
14987
45598
68977
733421
76769
97866
74813
88816
21206
125361
37572
72494
46318
63415
992221
36476
80268
20908
74797
377941
76429
20836
35559
849011
72889
54463
990351
28998
16656
6161
61806
819771
75792
985441
325211
557481
914371
549331
40594
36131
27458
612251
191111
824301
824251
45793
76893
728501
64395
63597
261021
89206
96276
23487
727451
69187
77846
93721
72646
39472
3207
5919
10332
68375
94335
74089
974911
780751
379411
58211
653341
625131
354161
282311
66225
515301
796221
6904
9215
8121
618101
225301
37815
91961
90411
84431
79828
968121
73802
61554
40868
99498
284611
424801
76264
94217
625431
257531
730501
32251
562201
92001
850441
989071
646231
70348
59251
133601
59191
46827
175911
708101
90116
491161
449221
25789
972101
598931
84198
176031
83719
43916
27234
86186
28585
534301
98426
4728
85119
713241
3258
139961
31937
796701
97355
62065
95202
85749
982611
674651
36627
37919
92395
725231
90058
80693
489341
83005
885121
40966
7358
68716
25957
69346
19818
19931
434301
84185
643721
46806
33847
87352
84683
20773
754111
753341
75055
31497
90755
993601
937801
434501
39228
933831
12326
591441
816631
363221
59601
72178
316911
20182
73849
864601
5609
240311
592261
699
11497
88192
402741
872431
4774
80616
42388
46349
31201
77081
712311
39724
32237
61845
32021
4217
708431
93022
31022
20238
39001
89521
2613
568431
108821
764601
77053
2262
72026
652961
441501
575401
677311
53578
900341
966431
842311
69994
69166
774611
127071
17106
61269
86669
51401
86938
66208
70198
769561
453601
6201
30756
50201
275041
20989
661721
126711
964701
97763
731921
28697
9165
771561
6601
84686
49193
43068
66745
134911
84208
517351
77838
80699
52141
640961
237001
62611
15476
73651
79993
969011
8713
735701
769821
42323
90885
241521
76757
71306
571841
54788
59999
9905
53369
527
238501
884341
44677
77043
95344
375421
12357
64211
551411
66367
76075
627781
4883
10333
622541
46266
25331
14112
72405
47626
6668
26087
87389
84603
857501
828611
770271
643741
294
8301
809981
53754
250201
84209
81967
9932
75746
89007
463141
88418
95814
32999
442071
29101
7744
95453
72378
94979
512421
675521
24377
18323
55112
6088
47484
75199
415221
753211
93685
607201
54229
61899
89809
340841
41121
983501
685421
84465
3218
56139
901221
29671
49467
12593
61439
61399
583221
93592
98667
555001
1201
76457
53323
53434
553501
84144
35256
73606
54417
894411
979831
74192
804431
3095
78921
439
58543
263961
36861
77746
19912
827061
4611
611971
14363
367021
85351
41408
9956
33888
560571
83916
730301
51888
4435
86429
41741
214401
7058
34157
12704
21939
7698
94151
40117
64147
21747
405601
941011
15794
398721
96767
773031
155411
56889
728621
811001
656
67115
17267
27145
663221
313961
731
631681
236791
60907
924201
11446
55636
614221
575341
684501
2311
34142
6065
81027
81576
658211
264621
119551
96937
88777
33698
37801
89931
99289
50293
822631
600031
84518
96393
27158
3797
40498
72359
865911
48328
610011
471321
7726
51807
75707
226491
170601
682811
47333
64548
84635
88221
63818
88032
582151
47573
929651
27611
350231
56717
473721
39999
95135
95613
997
74195
5788
180221
80728
40297
66677
84798
36072
97581
204841
86424
220601
98695
491461
56474
73088
487241
836921
51672
938971
69875
15369
953451
12392
979311
8227
681511
184711
93586
57444
53662
85056
72656
3844
184621
971121
44426
50144
49374
96001
735371
952631
1049
28037
84421
4373
202021
22456
935431
20228
60937
73847
87627
80914
536601
279621
792221
365821
98586
1879
96709
7939
61584
512701
99206
41862
82383
4086
91794
49561
437141
821331
65696
41586
901201
807021
152941
16912
8377
720341
15396
40919
577431
93957
65669
68132
83886
25777
3849
21828
26991
29042
19501
622621
85024
325201
9987
445331
395611
27903
50013
109111
820621
48019
65134
44906
74181
9593
388931
11673
66874
59028
12119
45579
8284
462071
485251
20086
6039
73685
6914
92444
161401
431371
32279
30365
8425
352611
90271
823541
89699
26369
819061
752341
94401
97734
95548
344731
507901
96537
20864
95679
33687
44681
54511
847401
59672
19628
643701
92334
294321
62092
91124
994961
53525
64504
59651
507711
96025
6831
24752
95731
2866
30051
29759
846931
930001
68462
387091
802911
516041
216101
92941
85928
29662
92867
781871
227211
30676
24814
17276
855331
53726
98477
24545
49433
31428
56968
83616
69151
50213
909131
22722
26558
72714
44841
67447
40036
60311
38436
84689
323501
76802
366131
22273
78137
1762
26143
524521
842401
56829
54998
88948
15268
266041
613191
460241
472251
8876
89325
37732
29865
81816
611571
564301
4696
528231
68376
87824
32761
9919
99824
251161
579851
10871
53886
7147
313831
21141
46107
51862
628911
31847
99597
92648
93171
76314
59895
2378
902741
60048
6164
809531
70075
12778
35898
81587
356221
82911
18556
960331
186321
44789
614471
929111
42662
76129
74221
56149
23565
900741
723
69706
40191
267801
22991
455031
61125
635901
420901
95059
188331
471201
11396
59391
862421
968491
276051
61101
14896
554011
44302
82224
68066
283751
24201
21402
613631
92149
80861
13001
161941
860331
56127
33472
43079
63752
82964
252041
90957
61776
5207
344541
72199
90629
815861
80668
58568
53748
756911
57624
9456
84134
23876
154811
817661
712241
47438
974621
68579
856521
5244
983101
26163
899301
71984
84955
233211
18549
2705
75015
94005
770121
289311
897221
17554
98965
39659
927501
4027
16715
77729
94517
74481
17943
34828
789321
964531
640541
66529
68245
47719
83109
55356
786301
64582
91298
116821
53754
53359
27545
28535
45091
615201
73197
176041
32227
126331
584401
69927
3978
368261
31637
17325
11206
11832
4986
91682
558601
965541
94138
29896
24718
37907
677631
624821
56625
48882
22343
49186
273001
5047
99665
3892
994181
42811
34056
934731
85387
976001
478161
554551
36897
23748
381561
825821
346141
96046
31002
16604
3029
733311
445811
52753
20333
82166
60906
832701
67226
41987
9867
38058
836711
768311
772561
71938
7108
137301
20386
39499
98677
720841
439601
227
589241
699551
93554
86872
253471
261591
187311
89278
974541
46071
22138
23675
467561
708011
98784
43664
218541
571811
757031
251401
564731
79606
176621
83329
841201
582541
181321
46628
787631
523621
3298
24988
500721
147611
84746
32568
14978
22758
19243
97328
625291
86643
59525
5875
63855
436911
892701
274101
68746
434351
383851
20529
414171
468521
190411
7711
705461
542101
85895
53255
37139
30471
77664
85867
36438
83453
98965
66345
35195
897201
971811
32574
277861
151201
41692
2749
53726
21102
44171
3005
98322
21149
444901
82895
990921
713151
959081
83458
87339
16359
90845
40201
34171
39113
3548
248931
708701
801201
590901
500431
63088
237721
756541
759721
30224
28967
800401
59841
74441
36661
157381
431901
566841
271111
57198
313831
465261
623101
8259
92869
724861
23718
32556
86619
3208
3462
43906
50096
83477
10117
63417
867481
26337
851431
9049
57699
56269
89601
24877
6194
465131
35357
19088
5838
885851
427401
56499
726801
818411
63954
8511
37125
9456
61509
977131
4174
57494
44101
46337
492151
702001
910241
322531
663711
69731
35864
548451
31721
152011
288071
58328
55106
843231
642711
83488
2011
192931
112261
22271
882201
773011
31764
33297
638751
52318
62538
886331
2678
419311
720601
56735
31045
721521
438161
90616
33637
67019
843411
945001
80194
48073
273021
61903
15125
544701
19154
78377
913501
926201
63967
934741
376
667341
40268
81419
79061
4808
602901
13047
93144
94886
94628
92583
453011
49407
27363
93629
96283
77669
79251
44375
43531
30516
98998
29389
85786
21151
780241
23816
937951
460411
23816
933101
11859
78318
478041
58939
141901
5189
332151
59654
45115
652401
69344
722
407281
263351
520351
14468
74911
297101
29315
83744
17335
908111
56741
97771
3585
54095
43104
8922
2399
85741
985431
632971
21527
33627
75598
3303
715641
82537
94699
875601
87967
18361
54216
65145
574611
5841
153121
442351
728251
62138
273571
96151
15514
84154
86689
26014
18021
6328
12279
589311
52072
444901
81303
150961
782851
126361
21925
60772
522221
31995
697521
70645
981501
804521
615441
266811
49364
68726
71262
18
70972
43327
280901
72199
99004
40157
72927
79163
266211
571421
83006
63082
948951
821711
35011
863
68688
34226
954501
68485
720021
524981
86383
681501
697821
64385
67505
65032
57533
757351
694161
72025
84277
34447
852121
496011
22021
94854
1601
68565
74626
730311
70908
15277
83241
731721
64502
688511
75299
860851
855101
799181
20071
777701
79688
43544
614711
99157
96946
3796
90699
721531
28755
18791
55345
32453
8996
5913
41887
865561
62776
81598
60553
31229
735211
549
864551
87927
99321
494761
60648
98901
8677
40468
11688
132551
363581
701141
9841
80849
795091
16707
554721
43141
984021
50455
2119
101501
78433
68286
93083
29371
95811
97408
84664
542041
77182
43919
33981
61105
71573
292401
265251
66348
50317
16317
69251
197011
64288
78673
46151
255601
24575
441601
863411
87282
50195
2806
163461
365641
4908
67758
92757
728951
967721
62585
959251
146451
58439
21906
897621
1545
79951
70961
41656
426251
78968
466841
782001
30666
61857
863041
79197
96136
600341
59026
252731
647221
945241
42118
35015
47758
61714
72492
136311
39918
244751
650271
919161
86219
2073
18297
31256
676021
51344
78898
96107
36914
88256
98401
53105
14121
9753
816111
736831
379641
17058
87999
59926
955541
78442
6759
48124
671241
759
661641
43529
59253
855301
640101
643201
31272
63293
68345
98196
376801
834941
536121
59262
494731
53221
181911
168901
5415
276901
911101
15785
44544
67723
884601
589641
732781
29157
856661
467
34281
35925
395231
50856
87464
71952
96369
35427
123171
5826
654191
387421
5078
98285
555211
35593
90208
4894
22745
39156
1192
77425
983
24656
71997
28096
138521
349821
7875
2201
87242
91067
572521
56636
267131
80781
669221
74225
78481
663581
94798
43395
63206
33356
912111
77369
909511
50691
25723
23635
2709
80789
73583
960341
796481
34722
73147
37579
99853
753631
103471
72541
78708
76745
321911
17445
335201
52112
42067
892041
62201
984501
650211
413301
73543
51752
772451
257141
38295
84204
39484
199411
883121
46642
249311
71387
64129
907121
990151
92285
967921
37585
89459
74495
257941
66608
37666
493231
77899
11141
84955
69447
34474
21566
45759
3313
56185
77711
4975
10221
8104
46718
611721
20536
57109
66314
21629
67977
56301
22062
98168
7691
7895
1795
441901
760641
93565
69918
94978
78846
13378
20528
819801
954411
463
84886
71218
54232
11562
699621
4066
76697
146901
64219
98605
1847
67353
16773
463351
474761
281421
939
13136
363001
76767
45923
1889
24693
316111
17351
4795
410071
221931
74628
14985
66932
392911
94766
611151
154011
4198
670971
84274
348741
54934
560331
83429
681141
93402
28437
74432
510501
21428
60497
98829
78593
35071
224231
756401
80849
850761
77088
37996
73406
544601
695611
39591
88909
765041
20627
35239
377431
50392
44469
49716
263901
93597
25886
79169
91877
420541
60586
20092
62449
92708
85844
58345
88259
61339
73599
33825
94418
10387
56895
11432
92397
94395
518021
56898
444721
347551
68005
93049
95316
66671
81262
26639
7349
870001
805781
55376
98255
62227
80879
379091
959121
71443
80398
40333
45616
76335
694331
83045
875701
403721
40818
273
613561
429211
599011
50737
33992
66037
4525
511921
71034
296841
698371
109721
998001
34433
70483
336801
70136
7339
781021
708911
294
85486
5458
301521
35054
29018
44476
13879
66969
81887
9087
70109
71646
844951
44609
45408
7036
1477
24594
258001
85219
24983
160421
2597
31118
28408
14593
396251
406631
7129
428201
42835
882111
764921
316651
68011
33249
89603
69457
52029
8094
17526
89007
99801
919601
713321
63135
156471
40998
834351
26401
63004
60568
70823
1742
958601
259651
31037
6338
77858
3199
347301
32826
78138
7209
80945
90455
447151
42374
73968
35469
65501
691811
59368
37709
654501
26156
814401
70248
69468
50886
6311
50007
6807
98889
178
28103
94648
131631
6683
72094
84881
6739
683521
58714
605411
94448
9387
41176
37804
50526
91546
268201
743611
4802
22006
583501
6151
37946
94586
63369
19748
62124
427701
80406
77805
39326
235221
88249
73054
367421
67829
88587
1096
24149
52241
941031
36504
157701
79696
78249
66426
478001
40428
94897
5438
494601
84521
235321
8247
587731
57325
39882
791701
794031
77361
947821
77008
7167
87217
924001
40331
27331
36699
900601
30831
60214
65134
303521
90271
54021
24909
93398
734711
81306
85918
48209
90536
65041
49618
81867
69619
620461
964531
211401
79455
56884
206641
25701
57772
460221
880801
25234
82294
175111
40101
267551
536721
4755
32546
87089
635531
194311
673311
90693
33408
52265
81956
56407
69858
813701
431
77801
539421
42836
636931
60478
31298
402561
107471
93777
42848
60897
68034
50153
77996
300011
74758
327841
66676
31242
20204
2544
462011
243711
381221
74129
740141
802641
61722
88453
17244
73284
485221
57833
534
76076
16027
3269
683961
90338
88427
36349
191731
26801
970501
40439
5636
81091
266271
175601
271821
68552
818901
77769
42252
17503
32726
342121
456951
21922
571001
166911
3573
50328
8156
97443
382641
842401
68878
25747
184241
39168
21119
827431
831671
95736
92572
58993
57428
741571
507341
10018
849141
863421
799631
722721
94566
646201
5868
38003
917611
95983
53497
735801
52286
912741
28949
5451
18363
874811
604841
97946
9668
28419
40514
599981
38116
138151
64307
69036
75436
930221
56973
317821
14611
75866
96521
92721
84457
74802
518341
75711
52546
376601
27539
66707
72339
69884
5621
254421
389401
46758
856031
596651
860571
22777
6848
32027
958251
36921
851711
21281
431011
91877
623721
56945
14325
22246
51253
15301
606111
81267
51585
13449
3796
75373
187661
59599
587721
8026
80277
62694
83437
995831
69968
9148
483351
57587
6185
654341
14725
591101
37782
485931
89534
325011
155441
88898
993
53531
602171
262411
382051
8984
63806
58146
856441
10121
7588
355401
75118
57189
65033
648551
90096
28285
5139
738311
278001
490851
13748
870711
568751
73176
35754
488161
995421
825101
537621
24269
38201
29432
43582
18047
992041
78091
459711
25449
5428
43639
120261
96401
387801
769601
885731
10018
68913
6391
31899
521211
605761
81766
989521
78402
75119
37438
958541
38485
277051
59926
22084
636511
81857
25951
89058
903701
40648
25797
69944
937921
80895
61727
7774
72718
64778
2227
30177
7636
94165
26958
37048
513021
86144
53733
25649
45616
7746
91284
64586
88848
357741
18292
86991
428901
55147
783241
531341
51606
36182
3859
82256
998711
82628
545831
726321
442721
694121
57867
9566
372701
35249
81956
4252
865621
760841
409511
7394
609021
56178
49301
893161
66151
45342
17041
66296
11145
299051
546431
803371
772731
55279
73839
797551
73371
731111
84887
78125
49068
42766
700251
65579
264881
862221
63078
54528
152321
54805
148801
329441
64841
754311
764111
97691
288801
86239
56814
458551
837361
32552
63484
3448
56353
78201
674351
79554
6644
39278
85482
587
416101
245231
14531
8077
194501
58463
11851
6149
96467
69226
33509
1299
47279
40106
27115
46679
528951
835901
819801
24719
86325
538511
65301
99769
253091
861741
32567
404011
43053
27723
51365
534261
19831
41061
399751
610021
61505
751531
47141
84439
433011
781341
35306
39386
7024
62492
99697
514741
62742
82401
61737
7208
14644
65768
29434
7312
61138
560821
20902
62796
63488
93885
20465
898551
15592
31371
12447
300041
990301
72913
23494
60978
95809
26218
874131
929931
101641
559441
173751
11799
591641
89195
77417
622541
59374
41694
57779
12811
620931
45589
362
57507
40633
72724
8244
90927
62484
28405
1102
29594
714721
555361
88337
6949
61776
16011
201121
98795
266461
5276
34638
71591
21208
24609
47047
77428
310101
700431
862401
254131
6709
84044
37089
56568
14307
22343
934031
56969
944201
575121
10378
62019
1528
339011
95011
59727
74861
86762
542901
2862
378511
88366
36343
85584
3888
35101
484031
67108
62615
125951
868001
80478
40082
95147
818921
47053
46204
61806
98815
20278
189551
74559
6441
525661
4891
70294
73003
543321
33176
92774
61921
79279
45851
530341
44666
15007
8759
310131
519921
95216
716
132101
565821
935511
52221
629341
6533
56858
20231
973341
57639
303001
75684
957441
1785
17631
51006
36101
14439
785111
46858
93459
94556
313301
259221
1187
761921
33126
902621
126541
51545
148441
50766
11439
887511
14417
87484
16087
1255
32869
168331
76263
92675
76368
20796
737551
969101
93203
38392
18855
408871
57622
67325
741031
16616
250101
22521
62898
758911
6285
134061
42801
838301
2452
48538
93044
88215
303411
1143
58576
308031
83688
168611
214001
752811
58011
41689
152651
18651
85287
8239
624001
703131
759201
64319
6189
64568
955111
25728
57018
34551
29369
330451
150921
70599
67728
987321
6998
81144
55556
63376
15723
26695
20944
69636
7632
553301
9581
10411
99345
727661
902551
4883
14373
66802
15566
67472
306741
340351
3711
72627
281311
89558
19291
69691
400801
714221
30139
41086
6196
715031
480931
504011
95473
32331
814451
646951
595411
3079
30523
5307
932811
614571
52266
525621
67487
86798
29256
78245
643391
972701
65966
563041
9278
97508
609491
9058
30427
42198
95511
21036
759771
83074
248731
266201
96942
984541
487201
98351
46566
186931
87457
80971
22744
844531
601181
1624
715071
56448
84366
573941
326241
55394
68801
2156
170111
56122
45239
51394
194851
996601
32876
71698
935401
27252
910941
77458
470441
68911
752251
139201
476831
241811
1831
5613
178211
13646
637041
64501
10717
86148
539741
72113
2792
48765
518901
5687
6582
489861
725011
101141
754201
303061
112071
931651
471641
10961
71854
67466
49065
691911
874921
537401
99628
61786
38549
49879
8808
99956
71907
180211
56749
17641
94329
51566
90804
226711
197511
541011
63259
47635
27422
16133
748171
761651
435001
931051
75227
921821
6983
62347
56559
70131
719841
705311
39352
1509
231101
75349
66893
39067
50377
86744
23512
98556
543901
12221
70707
61515
342381
75457
16513
701311
35049
83249
58582
318811
757271
3804
78505
58279
847431
14231
954611
308621
336531
70609
8141
22197
74834
52484
72436
94136
394051
70899
468001
2124
7169
959011
65868
44255
46411
89511
35975
24535
95816
71489
97889
31587
97558
21366
90367
31845
566401
88796
30766
92669
757521
815411
994701
778101
68968
70611
75999
60648
29934
11369
70327
75218
614701
903321
66275
30136
16346
16688
65642
44689
77674
92501
136521
868871
233051
365501
68584
89304
645221
4786
712141
91028
77835
59632
41897
641601
33083
430341
982521
73885
470111
551211
69968
382051
36282
45088
417621
86006
97345
97218
490021
77492
71769
34452
563661
9671
93122
75133
56006
95658
681961
191301
17371
56015
49992
93689
99976
39361
7915
22819
76387
54327
96728
79315
26767
105461
30048
70063
49052
161821
82987
8688
96703
668171
58578
766151
826201
17044
87121
83586
50388
4483
5601
178831
345041
76316
931501
84106
73431
73896
58306
861231
59412
51989
668531
315001
923001
346711
61301
52811
385401
834461
68308
83287
78577
253621
592531
344341
80001
99538
66197
45806
927751
332301
56439
22005
121411
276151
804731
33294
40993
876041
89065
39059
26526
88595
91385
218951
99779
668011
28818
773131
98757
91968
40167
959951
46571
15089
174401
24339
3578
91245
30915
54238
762211
44304
103371
421801
65248
73796
570391
7378
27777
53474
38596
55565
698701
782721
68617
373901
42865
299751
33121
65579
45874
848241
415271
782231
16377
92521
50738
231221
43628
90198
13161
86446
66585
53585
951141
10147
42149
96649
86551
6169
616121
638541
509921
67983
568821
789051
339531
20351
49053
76554
23237
98259
5107
178461
142001
22986
16075
75846
545301
34909
684911
551441
831571
442041
366911
57503
71879
30596
357441
53276
29339
72987
74386
790961
295431
21625
38519
92281
78316
898131
76744
72837
424951
115531
886231
22467
6862
34892
39453
858411
19054
434041
342821
74916
80513
35642
102161
71632
95526
45827
9788
53349
8429
9559
87157
80332
878611
877801
722461
82997
14653
12536
917131
34207
52759
156121
885511
939331
60222
36804
21264
97849
77748
8954
248401
838
784431
42363
89399
699501
64733
33151
14867
63377
54676
486281
250221
15624
13176
90041
968021
408051
55172
52136
16344
156511
711321
79748
59019
940801
674901
27251
964001
32596
226
149481
77468
41395
124121
825801
41426
95016
88533
38392
19896
782411
4459
70032
88611
608501
870601
75284
14818
24768
766151
7932
262321
574
630921
7207
753841
86723
543171
72219
828221
47699
354241
21515
646301
195701
623011
65857
305701
44221
150661
145561
24024
82677
159841
97457
57011
88348
84162
85421
72465
886331
891
47609
95347
208081
316521
920441
976821
14165
226541
10449
96265
41225
24668
40413
90683
63551
590611
3421
84284
194141
68296
25474
737301
937011
2956
21184
53538
90914
97631
75973
767161
22555
54956
39396
15766
56083
68918
27446
12969
45317
420191
87321
883241
58628
620941
96939
90944
87167
61718
46797
37402
41505
63391
903301
12001
56486
788971
90767
279701
13198
7143
85869
494341
64098
40232
90098
5823
86343
6366
398
452231
65087
166861
13688
828001
38669
39433
50603
94266
836
36175
141331
199511
3449
538911
878901
789041
80636
88804
29158
36977
38235
385311
86196
60053
63542
431321
10481
324451
58259
30452
19078
67392
72013
329871
50406
65771
603621
649
444431
90209
20049
7302
91689
49495
81553
765801
15311
25109
95521
5728
668171
363901
11286
84339
598801
73509
69817
62414
759961
996041
4976
99037
22056
74211
559101
53396
94201
76348
754641
51987
56212
905011
5549
1374
43862
585311
28247
559101
645741
27117
323661
69554
35111
56739
65481
471421
672021
55169
60678
351321
40387
21326
540281
126401
14302
694311
175731
43605
88483
58515
618751
85776
4194
9082
96049
269251
17444
61894
485501
47997
60578
92946
98099
157841
79911
142521
863511
52964
957441
617931
653411
84319
97898
836201
941731
20601
827031
591541
653511
83565
81384
90234
33781
7305
6238
75904
578051
47168
926611
74567
45873
985751
158041
81955
87578
29144
642321
36023
92686
8565
5386
46268
22218
782181
40031
36039
7802
72456
439931
269441
93061
92469
86156
53893
74561
4636
14001
86376
1466
744441
989361
21294
82724
773031
85353
53121
95969
870701
65736
22417
903011
3445
124611
65978
747901
45789
24427
71886
61727
68479
622721
120011
71795
178721
82754
66448
118541
65254
4883
847521
74571
651241
33856
257441
74038
7588
681301
463731
21006
978381
456901
66206
182201
79017
45239
87237
296531
27711
75835
313931
220101
78468
85656
751261
943121
13212
1368
840811
46767
5166
490571
77187
1339
40839
63246
918411
11507
441611
28963
10563
58897
486141
19027
339661
309611
30002
1887
62518
89601
86774
29308
12927
92637
720101
684621
75922
56699
869011
749211
981131
64813
12379
649931
20097
54417
236221
86077
97625
67309
85629
619261
716241
81294
565631
960601
18247
10548
988411
7319
50069
481701
8188
4269
78542
696041
830111
58254
81366
381721
50427
87476
9883
73277
99905
8854
410041
3134
93914
62759
976241
30138
22995
50086
3761
39415
18438
71024
59696
97725
697931
48865
74453
61544
99805
31985
89629
213641
50211
96046
53999
55998
804651
70338
70175
64298
59419
60169
62131
678021
8155
6203
66656
909531
537161
59204
26229
780091
997731
332701
956151
754011
474271
20181
86466
9401
92076
914101
69543
76312
824411
751601
80784
465131
13747
45755
87049
50013
56255
998401
29093
29815
83042
51121
19558
754711
48062
93081
56326
43789
15576
507761
781601
46624
33315
72958
14644
57811
66397
81417
22673
79418
810751
55458
86366
19406
788401
737301
36276
97347
26991
14839
887721
47083
511121
14554
63696
838001
81046
68195
21114
67776
71022
55731
719471
5965
127511
324321
73493
584211
81886
27259
2941
74492
44708
95361
456011
40906
440691
48569
262211
65812
456921
92562
98222
32501
20354
282231
604131
709421
5034
14718
733011
88997
72254
405431
26882
122741
39201
76385
83796
5748
16867
953711
43038
92289
908621
20497
5829
40821
84761
880561
52166
68571
50941
72176
39737
94531
35041
99848
572691
8081
86921
89203
29415
99186
317701
87366
94452
299621
178261
438641
89878
86991
78176
99437
59168
75447
338411
2871
70138
97679
834861
27185
625
276271
95832
504701
402411
15334
76761
10624
128951
7033
540131
63446
464381
195281
60163
40197
141961
25218
83523
81456
52316
587241
27134
252301
38656
81825
726281
93524
269741
575011
9857
217111
213921
20393
22121
141621
626851
679311
56604
48711
40758
93383
862331
77531
26796
179931
74544
87317
10808
69584
99096
77778
406541
75226
67671
2338
41322
61772
418061
45084
26941
71411
5904
16596
88793
750411
6959
731151
99058
55679
287031
210611
65303
666811
971021
708141
22558
50427
839851
35864
501301
146201
4232
92621
540101
65379
77501
10601
171931
81259
20753
5685
915421
9091
88456
16419
43389
99398
20996
65008
66282
14754
265331
50287
285061
33468
65088
80668
46853
54927
32746
161091
93687
24829
950051
2947
653821
842031
58897
572301
72083
3198
807361
826981
4895
407001
54151
97847
79749
799901
62822
29316
71821
393911
8047
1568
89472
152531
61805
28676
6588
60505
743411
2097
91233
457811
686901
41863
640701
61111
986211
75932
370201
94039
52593
69318
27386
40715
963901
25936
45487
935441
518351
45698
37291
843371
64641
96093
24999
216601
75989
17132
61112
92094
94128
20628
56854
31174
89748
724421
94339
24213
26867
43514
41459
475911
84535
18335
56489
253161
43326
237001
72338
987101
18689
10203
138771
68848
91687
24055
85956
12448
887641
10522
60729
325471
6646
943011
402231
66349
874311
2881
7199
58747
3583
454301
690511
51235
27807
65426
23238
18411
79067
83961
25237
568951
397731
981801
9801
635131
2063
74305
98003
69407
418581
346841
11329
75646
679331
968731
608401
28617
75634
34659
345721
6562
22678
303431
95494
68485
52825
47536
66418
18329
89827
439001
68125
70854
733721
37486
50307
70011
17736
80619
691521
856521
652001
941
601301
31821
95366
33831
246001
92071
25551
891731
344041
393221
896331
55594
398811
36761
80003
92579
22275
56706
76277
155531
55052
76238
70586
23398
36625
668201
79007
149161
917531
980731
142601
942201
95557
44355
66213
737901
55641
718811
89579
93028
1146
772831
94041
57935
65861
77865
276711
93146
78217
93763
24848
15207
493021
98803
56385
90707
96221
808531
26501
65212
34702
30037
48219
9491
201941
61095
506531
971221
813151
734771
706031
60335
39437
593961
106651
685021
17877
19398
194751
2497
687
584391
325101
46022
523261
705121
64001
63947
3725
151281
10213
338131
69585
70716
905311
44397
434051
25788
95885
74797
330561
2385
55222
449221
15584
472421
215031
34147
95232
792721
57166
75919
275221
628841
67275
195021
59878
1318
474021
41609
7703
998341
47233
772711
35613
95442
877631
380851
295291
44407
945401
65049
706301
73789
68359
18217
195071
972631
320401
90952
32999
143821
518211
109711
369141
1709
69527
2548
54027
21188
871401
707431
717411
77797
972531
17793
689201
79729
6065
64645
43477
16111
671531
928711
69431
745131
460721
500151
8954
963771
295521
20996
21083
47116
654301
446061
87
91169
83115
477431
71639
650051
27607
252011
62955
573101
585101
95029
41469
258431
51003
430801
734531
55658
71391
353001
13877
91672
81542
63085
58421
769511
508241
689621
19247
81927
161911
422251
661041
70557
7997
51075
205721
934851
302931
215701
45641
57368
19652
93119
78806
103341
390831
315401
30993
40089
236511
7081
55508
40876
990021
74606
77119
437781
62721
10314
173571
929
65736
60234
48662
145261
961911
23649
60342
34214
30998
7175
578541
214701
542671
7308
616821
2742
58768
54095
263041
66051
849311
16412
31155
539921
9086
53929
12731
740661
908341
48639
170301
62345
713301
3558
336641
76837
734531
329011
3513
25886
93382
85277
9345
71557
62434
38348
515191
969941
85879
709
4736
83357
16953
79427
408201
234011
80786
17269
62494
61516
294941
62548
84729
5006
57426
769201
53566
48115
697431
92379
82207
224521
744711
72031
27539
9051
39977
13152
534121
655501
75445
75382
43542
21601
58321
435561
44556
45248
68577
6554
28006
582311
798
296141
19351
32537
65083
16279
81557
369
71926
547111
384611
74267
72707
9765
16724
3369
99271
572001
3349
253321
86806
410321
62028
43961
75376
83126
949801
37181
47641
26528
55943
721771
44787
49821
73979
63103
34088
9084
42114
73479
5956
98438
154801
85648
71671
84874
82221
33612
512301
712501
928921
712101
68295
61549
558701
31972
538581
62068
61687
24989
726
95201
93029
81798
58748
20019
45559
76873
842921
829721
39714
8129
426521
261241
758551
86634
50026
78389
337561
88538
39685
42102
987581
65492
69478
28698
85341
42317
142011
119321
44731
58246
79256
93477
52846
946421
31413
584341
87393
860311
36526
17388
68751
56527
83059
3687
621811
74321
5209
64176
235651
2142
95058
265381
231201
16918
55647
288141
2557
95557
475441
91176
456501
639311
733521
92339
82092
8677
92899
49086
975151
886301
777781
938031
20471
40779
892571
39705
389671
976421
56597
711941
67308
44736
67363
9694
794041
50973
89336
438301
58677
86538
86439
5469
81389
9989
49093
44605
990201
72087
351231
348801
33896
31531
416331
67397
489081
767751
375501
36291
149831
738511
587151
894191
138601
454581
60726
570551
744851
733171
8443
268851
655311
637111
34388
81886
58331
266101
31788
389601
88668
98956
24056
757011
188001
631501
598421
93993
84848
840541
50751
223501
487321
99869
230111
907411
67769
895901
2005
94339
7356
74836
36272
299881
561611
999321
76646
293701
57678
67549
99097
23921
697131
146931
661311
26818
43937
75517
79309
35871
734831
90521
556711
27467
573361
883031
518
43709
1139
32604
812801
63486
68109
159021
858061
75758
386221
74329
84881
81991
870831
9476
8413
3426
546101
401641
79316
350431
912511
877921
307231
150791
758001
22496
36417
5815
83619
43629
71177
8004
72339
35486
972401
72608
75541
198091
16631
27501
53411
53257
226411
2138
577401
19826
908061
3916
50155
98831
5101
34835
605001
82169
34602
4097
61815
32725
60113
21601
77871
44015
27995
60001
458
38172
81875
68537
972531
525201
8641
412221
539
29393
42658
699971
73428
40963
84836
65389
786311
839801
72666
4567
642411
80173
907761
6606
29585
67156
528451
70258
76238
38819
40157
84883
50396
768541
130711
2367
78456
3529
761201
888301
35096
79816
203901
440011
507621
87219
863111
50097
78055
51173
60427
531001
686221
98116
84687
92863
342101
28061
81007
720431
808801
152601
3639
57719
308541
4289
797201
222601
31863
79637
821821
535201
27906
969471
60265
61011
23929
81129
96849
5122
595911
90371
46563
55784
295041
19651
95308
784441
54738
12207
35312
933401
15599
28138
7719
13654
2887
554901
6386
228201
176011
928901
43638
64094
66185
97207
73769
48116
89822
75434
3969
620471
811401
92579
867301
89161
833751
78963
779271
855211
58412
515821
591301
89676
712871
32117
54863
15873
774431
41634
661611
26141
6518
80075
65176
435931
59549
60653
42925
25535
337331
68298
969101
70209
54633
559231
42629
20744
580121
889631
30639
41318
71329
44583
196801
820831
503831
65689
222001
4627
185881
8116
99726
63413
840811
47518
74603
70162
542361
74779
20068
54234
46176
253651
91097
51121
376451
1628
25749
40766
68779
569571
96521
39469
99787
386321
67058
28672
40792
30221
801711
507001
37667
21743
88538
752521
56921
20516
193041
9479
4935
96985
6406
300901
945471
293031
64299
69136
63919
36059
648141
1066
895161
896711
978461
125211
70624
215711
30544
5961
92607
983511
63157
47133
682801
237531
88057
913741
704721
440311
4107
55666
64867
623221
5269
9188
502301
20688
465091
46897
216701
16374
8914
863701
963061
38901
853901
234911
99357
93476
26718
478051
52942
9586
413521
65377
87059
87667
22977
938931
87638
713301
76068
29156
56876
99514
308021
61038
54089
65029
54201
62825
81444
927911
82729
595401
30724
48797
91608
741921
17477
759511
56918
738041
78054
853821
76798
52871
578001
29396
673601
437001
791411
441021
15421
662941
388811
36676
92589
31723
82847
523031
86901
76311
47166
64116
2419
888811
6233
83828
44177
42641
590021
605631
175501
77088
43795
41877
63761
650631
64437
915161
586641
90596
8577
62953
118531
560841
420761
166251
6097
54831
91963
933451
322071
5479
972871
48413
764391
911031
71238
53219
497011
118611
4468
94385
15449
933901
1621
79746
670701
31819
586231
90989
87034
7981
2251
98531
626331
27912
67759
802431
4866
6558
251611
994931
51933
582541
60853
68729
9464
61717
40103
532031
44978
95032
15875
17419
3737
432401
68984
62259
82693
88314
12146
204211
1898
5848
78132
87348
623661
886031
617401
82046
69073
655001
71779
89352
893101
15549
850611
35947
702431
948001
700621
65239
16513
499961
65327
68516
634201
24174
31928
27623
993761
85738
897511
91707
99243
85332
413201
23714
86239
259321
9649
70451
4146
793011
77869
2976
19757
545871
63513
66597
138
158771
31015
17541
87593
94628
99571
12121
380001
15789
66775
909571
9336
808801
629641
64625
91519
686201
984001
204621
737511
351811
4461
77645
4739
32369
52478
56045
228171
499941
607211
22331
28664
54981
3701
8028
558121
49879
20526
42708
84927
98737
92516
993421
2001
20766
888811
175331
45972
33764
600701
7707
3123
57154
5169
35074
59743
210911
22118
588101
93625
93291
70768
28943
854521
38157
10192
85275
99889
79895
78053
282
12376
386071
90413
28934
99078
49641
1295
88112
487811
70538
50826
62914
249111
85137
461581
510731
71464
61152
627401
478981
473411
321361
792511
50013
672871
23068
38684
43067
97422
5811
98903
42618
90523
986131
64976
45455
868
62918
75318
49716
74239
865261
17117
20016
19364
216641
210311
707721
488321
173131
3119
97393
145511
572831
95155
78455
32132
71868
65268
805061
694151
96241
775311
714901
45921
584751
66833
63418
959621
87606
330251
201101
10564
80416
500341
967651
51691
18359
220941
38428
70678
792421
99067
229521
533511
96687
47959
564541
37522
9079
22201
88979
303531
5188
57585
195601
82458
63658
336771
537301
14195
98072
858
885141
62649
422151
89236
14131
63973
660651
86286
17209
93275
727851
633151
93495
59753
64402
5573
154211
459021
429041
810501
39065
732611
35229
58272
412851
874011
47105
94173
422841
10168
76191
931631
52269
3058
77261
796441
10393
17113
143421
62302
94655
5375
36511
747761
21753
74014
27358
2119
241421
62366
945751
8735
85025
84877
889961
95619
422141
10089
49317
33921
18783
18486
76758
74812
61139
908601
51329
773301
589191
27689
214181
52184
19941
938341
3602
509181
64776
77826
673511
402331
266031
1259
92814
945
6586
160831
9419
88592
35838
9761
684011
839511
902521
228211
91724
3059
37027
55226
98347
303611
620451
69708
64336
453711
514341
685
99453
9668
98038
1438
59886
28924
483111
627651
42926
789121
14414
38065
8801
7487
81245
615541
90701
1616
47254
680771
98508
944431
52246
97347
37977
86675
76189
687741
45318
79384
65566
75569
913761
61286
448721
572411
61182
81434
49951
20638
129531
66119
265121
221801
361081
20406
99906
52007
95623
14631
628201
45455
137331
684101
68649
36156
435101
60501
90902
58016
175341
22867
688011
240461
825711
464001
98701
67896
645201
67979
927451
98017
920101
687441
51619
31214
42066
85699
74769
751201
24658
782221
85848
39298
88695
79367
76485
37467
74051
205711
99199
51387
99698
679711
57153
50714
64439
638601
806751
695101
38511
504141
83941
13279
67765
40982
63341
56288
82902
61677
689411
78236
5128
2556
41076
119601
95478
90134
305511
51522
52551
35
141011
66618
46892
33806
59187
92088
913601
35947
178531
534441
36011
2191
961001
33923
291471
86639
31516
87743
27035
476
186831
618261
961051
40079
212941
337401
24807
95506
7559
24577
74826
87729
410671
13672
756221
3102
61394
724061
31861
419081
71925
37884
930831
91929
8997
440241
14821
23325
17544
71644
72817
229931
63679
68379
71694
23878
881201
66752
6705
12861
3617
11706
90148
782621
49545
550711
7827
70429
49637
134811
55608
785001
13701
82209
30185
372601
322121
128051
41724
97255
88062
29875
311811
56754
55317
195801
490011
388811
882251
73166
68185
34211
705331
821411
915511
52647
34738
724411
534231
671201
4413
593501
3338
14053
671641
53219
56038
89894
534661
508511
59576
76997
414611
90379
62089
690141
651231
751101
654501
161461
65752
70142
60616
312551
9271
85472
897411
868241
414231
82365
84069
99485
6906
38308
602111
309851
66882
9816
610221
52269
427771
380171
667511
88806
92253
99636
68453
77531
47741
813611
28249
4825
52416
63341
62114
226441
46419
66399
12807
961701
4507
13636
82829
994531
88031
842201
70149
650021
99883
55037
9157
650411
746051
84311
170621
92822
45182
861501
496041
40802
3239
101431
6127
5751
31181
13617
87218
885531
48768
40217
12629
729711
58445
51691
65972
7962
8421
34739
75492
17214
491271
489401
4542
28585
358471
94982
89245
77096
97786
48104
68155
210231
21247
697511
45659
72537
67976
101551
62626
74048
26591
87616
3211
67556
232061
5494
85698
74349
147381
79002
858461
65331
14189
5351
57894
302911
39066
907501
208821
201141
819711
10697
83396
95095
38982
953931
72225
806371
28993
970811
197
90341
16199
98745
218021
6557
22295
753201
92566
299961
35546
16053
92597
92993
124211
46418
76524
320601
90721
45128
51757
85387
771681
89594
1
56281
14535
741201
32569
334321
538331
879651
304201
18693
541661
294641
97402
86514
74982
579121
53964
54401
94953
35909
75728
22928
179841
811001
6266
175011
36515
79611
97043
210301
80453
848121
604521
815411
7279
9357
834631
86798
996711
120111
65774
813531
95449
86037
28731
247611
75147
981261
63879
205311
878701
48519
646641
856051
718301
806031
38595
71024
906241
63094
68005
688751
92731
98859
217201
95868
325441
32308
4516
35307
62259
38881
1258
58558
265571
4083
9632
46107
300141
53103
59241
98847
63881
70188
38665
393861
839
96651
99416
55698
1449
24
56405
16374
711641
61811
128521
4546
772101
80535
812441
73941
856921
447731
61342
24512
41418
688161
64937
46688
357
32869
66615
10371
3977
89477
13821
336461
23346
81985
97699
29223
761721
75734
5764
707
97437
79641
6837
62495
253841
66895
971431
85508
86916
82655
90023
33626
21535
17797
864621
75539
473701
81393
479631
257911
52575
47921
874
71448
83522
482
36288
70357
69628
5904
122711
75187
8009
705621
95317
90579
7388
937461
19375
47845
81666
581601
82411
51209
60205
628111
580601
1984
43737
78197
51088
115841
156901
62569
82519
999781
93168
16029
60213
74236
783531
546141
85125
874121
399611
37556
95441
995281
45801
71716
457511
23149
32768
75005
90808
479031
74865
82876
984511
31546
84136
22127
646601
60303
27836
98999
8259
2503
35314
44463
34978
74859
9895
406851
86035
68188
20477
87231
76904
710521
47807
717481
89649
937751
22801
332401
172981
24292
97907
896351
36638
17519
59943
60417
