0.50000
0.29289
0.70711
0.40303
0.50000
0.29289
0.70711
0.40303
0.50000
0.29289
0.70711
0.40303
0.50000
0.29289
0.70711
0.40303
0.50000
0.29289
0.70711
0.40303
0.50000
0.29289
0.70711
0.40303
0.50000
0.29289
0.70711
0.40303
0.50000
0.29289
0.70711
0.40303
0.50000
0.29289
0.70711
0.40303
0.50000
0.29289
0.70711
0.40303
0.50000
0.29289
0.70711
0.40303
0.50000
0.29289
0.70711
0.40303
0.50000
0.29289
0.70711
0.40303
0.50000
0.29289
0.70711
0.40303
0.50000
0.29289
0.70711
0.40303
0.50000
0.29289
0.70711
0.40303
0.50000
0.29289
0.70711
0.40303
0.50000
0.29289
0.70711
0.40303
0.50000
0.29289
0.70711
0.40303
0.50000
0.29289
0.70711
0.40303
