329063033
18554759
4060
18758980
65716893
5319504
325500
1089667810
49519425
1736734
2062716264
229700526
179474168
1008430751
1928749273
380313756
323216621
424851836
103756016
135276300
1501165964
596904
39711
455
11480
9145270
6214425
69484899
456777123
655651370
39419604
51632516
7647059
1268416016
146379135
212278266
7316790
45982300
25588332
98283945
48078685
191784617
67409255
509211974
1007816593
71739044
168156668
315480760
651832090
880716418
74616060
975462201
22099635
671951929
330612295
486333250
1214505
21012005
198011814
229791464
572866973
12704100
105416947
327317626
239208004
128936619
447580
105734375
28032676
112906080
119887040
13369444
182095830
140015112
39416370
19120120
1488788844
1002305655
1086749959
117480
265964336
530614784
361433760
280560334
686029864
1822608550
105995
138744616
59481828
60920860
129766
700498021
18201261
151078120
44514890
58557380
336415
328233450
161241144
85356579
