100
1915 277 886 1883
492 386 835 293
27 2362 1421 1649
1426 263 59 1190
736 1672 926 540
1429 67 368 211
123 362 1530 782
2302 1429 635 1567
667 569 558 1522
542 11 956 1393
2419 1921 2373 1229
1824 198 1037 1284
1026 1413 1870 815
1873 2456 1480 1091
2281 1996 1670 1862
1327 2084 925 2305
1729 846 1505 336
1395 1124 857 1313
867 1314 545 2082
1250 1543 364 434
2178 2276 1808 1087
151 403 1084 788
60 2432 2399 254
12 239 868 2176
39 594 1086 1226
378 1434 570 795
402 97 1601 2467
756 1652 492 817
1941 1786 280 2301
1619 944 2189 1365
617 531 2229 940
675 1981 771 597
356 2067 1427 709
1965 2086 2353 1997
1124 1219 2183 306
1329 732 371 1528
868 770 19 2003
649 1340 1715 2208
2245 118 723 296
1055 421 951 346
728 264 2488 2379
1500 193 2350 2341
2414 124 264 2034
1491 1243 856 1987
1936 2359 865 2227
1728 1437 51 1432
1121 1474 407 775
1237 1029 1895 1358
1928 818 1293 735
2029 928 1011 1143
763 1943 2404 1276
1840 1106 2038 2113
688 128 2318 404
1996 2417 417 2369
2183 1970 243 824
1725 2272 499 990
639 5 590 644
582 169 2286 454
2007 197 964 1042
1111 1348 1304 1855
2343 1799 328 1122
422 1840 568 746
1801 105 1310 811
1305 2378 1230 661
1126 1944 1236 1820
916 1708 965 1022
137 424 758 782
2036 100 624 2062
550 1879 1899 952
2131 973 71 2468
894 1433 2430 1381
481 2199 163 1160
1273 459 496 1399
1095 2190 2168 313
1340 84 1466 426
542 876 184 2090
2256 2445 1607 936
1912 1887 918 1679
2009 1659 2172 848
87 1342 210 2336
2372 213 1801 706
2099 2319 1255 321
2311 939 2404 221
1228 1705 667 1440
1658 984 1650 1127
2269 2422 1724 1420
84 630 1581 1396
1350 172 1972 1792
1799 1222 385 125
713 1398 1042 1640
90 524 1190 2298
1836 1319 1081 709
504 994 1155 232
1776 273 2269 379
642 1860 2255 1350
705 1993 884 579
613 4 2067 121
1759 1326 254 1961
1006 702 702 1444
868 342 2021 1784
