9 16 1
9 50 2
7 75 3
15 48 4
12 5 5
29 42 6
18 133 7
13 128 8
9 54 9
10 160 10
20 88 11
21 108 12
28 260 13
3 182 2
13 375 15
21 192 16
9 306 17
23 486 18
10 304 19
3 440 2
5 63 1
1 638 0
13 161 23
23 336 24
2 0 1
21 416 26
7 540 13
9 84 10
15 580 29
4 30 6
1 465 1
5 864 2
11 165 11
11 306 12
19 595 35
23 540 36
28 555 37
3 1026 2
24 546 39
8 800 8
21 738 41
21 336 0
12 1032 19
4 484 4
23 855 45
13 0 20
12 846 23
11 1056 4
15 294 19
12 1450 2
26 510 51
21 1456 10
7 1113 11
23 108 8
3 660 1
8 1456 8
10 1140 17
8 58 10
26 1711 7
9 1740 6
29 549 3
18 434 26
19 693 25
11 320 20
3 455 5
19 1056 28
12 201 19
100
7 340 12
25 1587 19
7 980 0
27 1491 17
14 2088 16
29 2117 15
13 1332 22
2 375 3
7 684 6
3 1771 5
24 1950 30
15 1659 19
6 400 8
18 2268 9
28 656 26
21 1660 41
15 840 24
20 340 5
17 344 18
1 2262 1
18 1848 16
22 2225 1
23 1440 44
28 1001 35
4 2576 4
6 1581 9
3 94 4
14 2375 11
18 672 24
15 1261 7
12 784 2
27 2079 45
13 900 22
