40
90
58
150
26
128
126
158
94
210
162
172
272
264
276
348
298
334
462
410
538
492
544
630
706
758
860
904
876
942
1048
1074
1220
1268
1242
1404
1430
1540
1556
1676
1720
1840
1930
1936
2146
2224
2278
2434
2496
2528
2718
2754
2822
3050
3130
3230
3298
3434
3552
3662
3834
3858
4082
4198
4330
4464
4532
4648
4798
4978
5118
5238
5458
5490
5680
5884
6028
6184
6312
6452
6666
6746
6992
7174
7238
7438
7614
7808
8034
8216
8408
8548
8756
8910
9044
9286
9424
9668
9872
10052
10318
10528
10716
10922
11140
11374
11496
11736
11954
12196
12446
12556
12888
13058
13332
13566
13794
13934
14168
14474
14744
14996
15264
15444
15668
15890
16244
16418
16694
16918
17226
17428
17688
17960
18312
18612
18888
19178
19342
19650
19946
20168
20488
20778
21068
21320
21618
21908
22214
22518
22858
23222
23514
23742
24044
24460
24664
25074
25298
25670
26052
26326
26620
27002
27312
27694
27968
28266
28692
28978
29334
29614
29988
30408
30696
31078
31440
31740
32148
32526
32812
33264
33566
33870
34250
34670
35108
35384
35762
36114
36568
36894
37322
37776
38138
38554
38944
39254
39638
40100
40530
40910
41340
41662
42096
42472
42974
43304
43774
44166
44522
45064
45434
45850
46360
46722
47218
47632
48044
48428
48940
49312
49764
50206
50626
51082
51530
52098
52474
52916
53434
53964
54386
54792
55244
55698
56218
56646
57166
57720
58150
58586
59146
59646
60102
60582
61042
61544
62034
62618
63070
63636
64132
64596
65164
65660
66136
66682
67176
67696
68256
68646
69262
69762
70240
70846
71358
71890
72452
72990
73460
74120
74642
75192
75728
76200
76770
77398
77906
78450
79050
79634
80130
80700
81272
81810
82396
83080
83654
84200
84746
85366
85926
86454
87050
87710
88316
88876
89536
90032
90620
91216
91836
92548
93130
93742
94382
94988
95560
96156
96752
97344
97992
98646
99248
99928
100554
101150
101802
102432
103166
103790
104440
105014
105726
106390
107036
107626
108284
109002
109636
110286
110978
111634
112254
112924
113588
114264
114930
115674
116332
116982
117700
118412
119094
119790
120532
121214
121902
122522
123202
123964
124714
125430
126122
126776
127534
128228
128962
129704
130462
131178
131792
132560
133270
133984
134784
135488
136210
136980
137778
138462
139228
139898
140636
141402
142226
142994
143778
144454
145270
146040
146804
147528
148288
149042
149880
150668
151408
152126
152966
153750
154466
155320
156152
156856
157724
158484
159304
160140
160938
161680
162484
163310
164124
164900
165746
166516
167312
168168
169006
169886
170612
171430
172272
173162
173946
174858
175648
176402
177260
178090
179016
179790
180716
181548
182382
183248
184170
185034
185798
186748
187556
188470
189276
190238
190980
191850
192750
193644
194556
195478
196268
197230
198148
198982
199844
200742
201658
202598
203440
204356
205314
206220
207092
207990
208860
209884
210774
211740
212634
213576
214466
215308
216304
217282
218102
219114
220094
220942
221952
222826
223860
224806
225762
226688
227558
228490
229568
230486
231466
232348
233430
234322
235330
236236
237266
238260
239140
240148
241172
242172
243064
244082
245146
246086
247038
248114
249138
250138
251010
252110
253046
254134
255094
256044
257136
258164
259096
260172
261140
262264
263242
264214
265244
266292
267348
268442
269372
270456
271442
272586
273550
274710
275750
276796
277792
278914
279930
280958
282062
283098
284230
285272
286276
287364
288494
289558
290522
291716
292702
293786
294918
296006
297042
298182
299316
300356
301442
302596
303686
304722
305840
306998
308034
309268
310308
311412
312578
313724
314804
315900
317002
318178
319254
320440
321616
322756
323794
325028
326122
327214
328456
329484
330726
331896
333002
334152
335272
336490
337700
338840
339998
341084
342280
343492
344706
345836
347042
348192
349356
350526
351656
352944
354146
355228
356436
357710
358802
360036
361268
362488
363676
364844
366092
367262
368456
369782
370952
372114
373386
374612
375874
377004
378298
379594
380770
381968
383248
384460
385778
387022
388228
389496
390706
391954
393238
394468
395658
397012
398280
399510
400718
402000
403316
404568
405816
407142
408368
409718
410970
412254
413468
414788
416124
417384
418656
419918
421314
422612
423876
425188
426516
427748
429062
430358
431736
432968
434386
435704
437014
438304
439616
440994
442306
443672
444918
446352
447632
448952
450322
451720
452930
454352
455672
457054
458450
459780
461134
462468
463802
465126
466498
467862
469236
470642
471974
473444
474748
476212
477544
478984
480278
481722
483100
484502
485868
487308
488672
490108
491416
492932
494312
495752
497088
498562
499920
501282
502736
504240
505606
507040
508368
509868
511328
512668
514184
515632
517050
518522
519894
521412
522828
524234
525698
527108
528530
530092
531554
532950
534412
535928
537324
538886
540322
541770
543282
544646
546214
547626
549080
550600
552172
553654
555134
556576
558116
559564
561002
562554
564016
565560
567048
568632
570116
571624
573174
574658
576112
577672
579242
580726
582204
583710
585294
586864
588378
589864
591448
592916
594482
596048
597558
599098
600664
602314
603810
605290
606874
608460
609998
611572
613206
614708
616366
617838
619368
621068
622634
624132
625734
627356
628940
630500
632132
633752
635216
636834
638434
640094
641624
643280
644824
646470
648100
649668
651298
652998
654520
656158
657772
659420
661078
662598
664354
665964
667534
669228
670826
672418
674154
675778
677440
679012
680760
682328
683960
685584
687300
688966
690632
692308
694008
695620
697362
698946
700666
702266
703938
705712
707362
709034
710670
712358
714098
715842
717516
719224
720866
722530
724314
725940
727734
729398
731098
732854
734558
736244
737976
739626
741324
743044
744878
746594
748290
750062
751816
753564
755288
756902
758750
760426
762202
763984
765690
767498
769222
770914
772740
774416
776220
777994
779716
781474
783352
785074
786882
788638
790338
792142
794002
795804
797492
799300
801098
802926
804636
806460
808284
810132
811836
813632
815440
817300
819160
820910
822712
824526
826384
828120
829974
831884
833636
835478
837360
839084
841026
842830
844684
846530
848248
850162
852056
853826
855626
857510
859466
861190
863132
864980
866874
868726
870596
872478
874268
876172
878022
879952
881860
883734
885584
887414
889380
891140
893134
895040
896842
898784
900666
902632
904468
906352
908278
910144
912124
913982
915912
917834
919708
921730
923648
925444
927458
929364
931346
933290
935090
937032
939060
941018
942840
944820
946732
948808
950666
952688
954618
956558
958468
960530
962424
964420
966324
968364
970326
972330
974300
976166
978160
980116
982090
984086
986184
988110
990116
992106
994074
996074
998100
1000140
1002046
1004104
1006044
1008064
1010090
1012088
1014186
1016194
1018206
1020122
1022240
1024166
1026262
1028208
1030332
1032308
1034412
1036396
1038412
1040420
1042530
1044544
1046548
1048634
1050736
1052762
1054736
1056818
1058854
1061006
1062970
1065060
1067130
1069176
1071308
1073402
1075442
1077522
1079592
1081656
1083758
1085810
1087904
1089964
1092084
1094136
1096290
1098320
1100468
1102608
1104638
1106718
1108812
1110948
1113074
1115250
1117370
1119420
1121606
1123710
1125860
1127980
1129972
1132134
1134238
1136420
1138608
1140710
1142880
1144948
1147160
1149238
1151400
1153506
1155710
1157884
1159956
1162084
1164366
1166496
1168670
1170862
1172976
1175168
1177254
1179508
1181630
1183870
1185946
1188144
1190374
1192606
1194686
1196910
1199062
1201244
1203548
1205736
1207916
1210116
1212216
1214472
1216614
1218902
1221100
1223326
1225476
1227742
1229948
1232110
1234328
1236554
1238774
1241066
1243324
1245490
1247730
1249940
1252296
1254466
1256678
1258972
1261194
1263452
1265764
1267954
1270208
1272520
1274686
1276928
1279246
1281484
1283786
1286048
1288348
1290526
1292784
1295052
1297406
1299660
1302018
1304258
1306518
1308736
1311048
1313318
1315618
1317968
1320340
1322504
1324908
1327138
1329476
1331746
1334110
1336400
1338734
1340988
1343314
1345730
1347974
1350338
1352592
1355022
1357270
1359680
1362022
1364260
1366668
1368978
1371338
1373686
1375958
1378276
1380704
1383004
1385332
1387772
1390134
1392518
1394830
1397182
1399500
1401992
1404290
1406668
1409002
1411350
1413794
1416142
1418618
1420990
1423388
1425774
1428112
1430432
1432928
1435282
1437654
1440084
1442414
1444812
1447254
1449636
1452034
1454560
1456898
1459396
1461728
1464218
1466630
1469060
1471404
1473892
1476312
1478732
1481116
1483620
1486044
1488476
1490982
1493338
1495788
1498288
1500676
1503200
1505658
1507988
1510500
1512916
1515450
1517874
1520314
1522866
1525270
1527708
1530236
1532738
1535122
1537690
1540128
1542652
1545090
1547594
1550066
1552644
1555144
1557548
1560082
1562574
1565122
1567560
1570114
1572530
1575026
1577668
1580186
1582696
1585218
1587630
1590128
1592704
1595250
1597704
1600252
1602882
1605310
1607896
1610416
1612900
1615580
1618064
1620616
1623114
1625764
1628282
1630752
1633414
1635848
1638480
1641000
1643628
1646202
1648658
1651320
1653912
1656504
1659034
1661602
1664230
1666778
1669328
1671872
1674448
1677098
1679644
1682324
1684876
1687500
1690028
1692674
1695300
1697894
1700434
1703160
1705716
1708372
1710998
1713550
1716208
1718770
1721428
1724038
1726616
1729312
1731876
1734624
1737180
1739848
1742450
1745062
1747726
1750444
1753020
1755656
1758324
1761002
1763588
1766336
1768906
1771570
1774250
1776968
1779650
1782270
1784968
1787600
1790246
1792960
1795676
1798390
1801052
1803668
1806348
1809134
1811798
1814418
1817182
1819940
1822574
1825330
1828040
1830702
1833394
1836062
1838860
1841576
1844250
1847010
1849656
1852414
1855182
1857852
1860526
1863314
1866060
1868768
1871522
1874268
1876994
1879674
1882434
1885170
1887904
1890664
1893502
1896240
1898934
1901702
1904482
1907284
1909948
1912766
1915530
1918328
1921086
1923826
1926608
1929332
1932142
1935002
1937770
1940464
1943298
1946138
1948922
1951608
1954428
1957262
1960106
1962922
1965674
1968542
1971234
1974100
1976866
1979652
1982508
1985360
1988140
1991024
1993780
1996634
1999408
2002336
2005058
2007970
2010726
2013628
2016492
2019262
2022130
2024960
2027812
2030710
2033478
2036328
2039270
2042068
2044938
2047786
2050628
2053574
2056372
2059250
2062114
2064990
2067848
2070760
2073678
2076526
2079506
2082364
2085222
2088156
2090976
2093898
2096774
2099640
2102634
2105540
2108366
2111248
2114144
2117124
2120036
2122878
2125840
2128700
2131632
2134610
2137466
2140384
2143328
2146240
2149172
2152140
2155060
2157980
2160990
2163956
2166824
2169796
2172740
2175752
2178608
2181654
2184534
2187518
2190422
2193404
2196398
2199350
2202314
2205326
2208214
2211304
2214252
2217190
2220114
2223198
2226080
2229084
2232168
2235076
2238066
2241014
2244082
2247066
2250000
2253028
2256042
2259050
2262086
2265128
2268038
2271152
2274126
2277136
2280138
2283182
2286242
2289280
2292318
2295358
2298302
2301406
2304450
2307492
2310444
2313582
2316564
2319566
2322586
2325696
2328764
2331766
2334836
2337866
2341002
2344014
2347052
2350206
2353252
2356324
2359348
2362444
2365504
2368636
2371730
2374754
2377774
2380910
2383954
2387134
2390144
2393274
2396388
2399414
2402530
2405706
2408834
2411920
2414916
2418164
2421152
2424338
2427374
2430524
2433690
2436834
2439942
2443064
2446160
2449252
2452408
2455606
2458728
2461850
2464966
2468108
2471324
2474404
2477582
2480642
2483818
2487064
2490166
2493344
2496404
2499650
2502790
2506000
2509090
2512266
2515480
2518596
2521850
2525016
2528170
2531334
2534508
2537676
2540842
2544132
2547246
2550446
2553686
2556912
2560102
2563206
2566440
2569708
2572874
2576142
2579352
2582550
2585774
2588914
2592138
2595412
2598644
2601850
2605056
2608360
2611578
2614692
2617942
2621248
2624474
2627706
2631000
2634248
2637444
2640750
2643960
2647228
2650522
2653666
2656968
2660234
2663454
2666768
2669986
2673314
2676528
2679894
2683068
2686440
2689734
2692920
2696232
2699540
2702856
2706130
2709400
2712708
2715988
2719280
2722544
2725818
2729224
2732428
2735852
2739072
2742456
2745726
2748968
2752372
2755678
2758970
2762266
2765654
2769002
2772254
2775564
2779002
2782234
2785594
2788990
2792244
2795632
2799064
2802346
2805650
2809072
2812460
2815786
2819056
2822466
2825884
2829156
2832534
2835974
2839226
2842666
2846064
2849400
2852772
2856118
2859616
2862964
2866266
2869714
2873066
2876462
2879896
2883216
2886634
2890096
2893480
2896818
2900330
2903686
2907110
2910442
2913850
2917338
2920766
2924116
2927638
2931008
2934392
2937934
2941266
2944682
2948154
2951636
2955018
2958518
2961948
2965310
2968780
2972300
2975730
2979144
2982558
2986010
2989522
2992964
2996460
2999842
3003342
3006810
3010290
3013834
3017206
3020710
3024166
3027722
3031164
3034584
3038094
3041642
3045160
3048578
3052118
3055564
3059032
3062524
3066012
3069642
3073060
3076578
3080122
3083668
3087182
3090690
3094216
3097648
3101144
3104712
3108210
3111774
3115348
3118862
3122340
3125842
3129390
3132996
3136556
3140072
3143622
3147094
3150654
3154264
3157784
3161422
3164964
3168464
3172100
3175658
3179124
3182680
3186256
3189930
3193500
3197084
3200640
3204224
3207702
3211382
3214874
3218498
3222056
3225740
3229212
3232862
3236520
3240010
3243732
3247296
3250908
3254498
3258112
3261764
3265252
3268864
3272582
3276228
3279784
3283442
3287064
3290696
3294348
3297958
3301580
3305236
3308862
3312444
3316110
3319806
3323468
3327046
3330644
3334304
3337982
3341606
3345302
3348928
3352568
3356274
3360010
3363664
3367334
3370938
3374638
3378356
3381962
3385628
3389354
3393070
3396752
3400338
3404066
3407800
3411516
3415236
3418830
3422564
3426212
3429980
3433628
3437324
3441028
3444774
3448460
3452198
3455918
3459674
3463360
3467090
3470892
3474514
3478354
3482046
3485724
3489458
3493198
3496978
3500704
3504496
3508148
3511900
3515740
3519436
3523214
3526938
3530666
3534490
3538280
3541960
3545712
3549572
3553246
3557000
3560782
3564576
3568360
3572126
3575964
3579742
3583498
3587300
3591098
3594828
3598740
3602512
3606248
3610002
3613822
3617714
3621498
3625256
3629136
3632874
3636748
3640518
3644374
3648226
3652042
3655792
3659708
3663398
3667246
3671074
3675016
3678734
3682612
3686542
3690280
3694220
3698006
3701840
3705658
3709602
3713406
3717326
3721110
3725002
3728762
3732714
3736534
3740424
3744356
3748110
3752076
3755908
3759766
3763658
3767530
3771364
3775354
3779182
3783028
3787044
3790874
3794810
3798740
3802594
3806508
3810316
3814272
3818134
3822078
3826032
3829850
3833870
3837752
3841646
3845586
3849492
3853506
3857408
3861342
3865258
3869192
3873104
3876986
3881024
3884980
3888858
3892854
3896754
3900720
3904680
3908594
3912622
3916510
3920438
3924450
3928334
3932314
3936264
3940252
3944274
3948250
3952174
3956164
3960230
3964158
3968150
3972084
3976084
3980056
3984026
3988018
3992114
3996092
4000034
4004070
4008068
4012092
4016042
4020026
4024072
4028182
4032106
4036088
4040136
4044202
4048240
4052190
4056302
4060306
4064306
4068308
4072464
4076416
4080462
4084568
4088592
4092652
4096596
4100640
4104688
4108736
4112784
4116964
4121000
4124994
4129074
4133112
4137250
4141302
4145296
4149500
4153486
4157564
4161716
4165736
4169888
4173920
4178012
4182090
4186244
4190336
4194388
4198504
4202516
4206722
4210790
4214934
4219020
4223108
4227276
4231342
4235456
4239622
4243674
4247746
4251852
4256068
4260120
4264328
4268390
4272514
4276692
4280814
4284970
4289082
4293268
4297356
4301564
4305644
4309868
4314004
4318206
4322250
4326412
4330700
4334856
4338988
4343178
4347294
4351412
4355666
4359762
4364006
4368196
4372350
4376574
4380730
4384862
4389160
4393258
4397446
4401622
4405888
4410066
4414266
4418510
4422618
4426908
4431078
4435264
4439492
4443768
4448010
4452128
4456438
4460670
4464906
4469044
4473306
4477520
4481730
4485960
4490220
4494528
4498750
4502988
4507200
4511424
4515756
4519942
4524196
4528386
4532702
4536912
4541230
4545526
4549806
4554010
4558278
4562500
4566852
4571116
4575430
4579646
4583982
4588222
4592478
4596832
4601110
4605426
4609746
4614030
4618204
4622530
4626912
4631216
4635544
4639758
4644162
4648460
4652732
4657024
4661384
4665720
4669970
4674248
4678650
4682896
4687284
4691666
4695894
4700344
4704602
4708990
4713264
4717702
4722054
4726328
4730698
4735044
4739468
4743728
4748094
4752518
4756836
4761264
4765578
4769924
4774240
4778656
4782996
4787444
4791842
4796230
4800536
4804892
4809362
4813772
4818054
4822446
4826888
4831214
4835608
4840120
4844478
4848834
4853306
4857676
4862082
4866440
4870978
4875318
4879706
4884116
4888550
4893046
4897382
4901892
4906228
4910686
4915102
4919556
4924068
4928512
4932980
4937302
4941868
4946262
4950756
4955078
4959644
4964052
4968574
4972998
4977384
4981892
4986418
4990854
4995330
4999716
5004248
5008736
5013194
5017704
5022188
5026644
5031112
5035634
5040034
5044560
5049114
5053528
5058054
5062570
5067136
5071530
5076074
5080624
5085136
5089590
5094136
5098648
5103180
5107654
5112162
5116744
5121290
5125698
5130280
5134840
5139312
5143958
5148370
5152972
5157512
5162078
5166658
5171188
5175652
5180314
5184742
5189416
5193980
5198466
5203020
5207632
5212182
5216782
5221300
5225858
5230382
5235082
5239644
5244190
5248732
5253404
5257896
5262442
5267024
5271696
5276276
5280946
5285448
5290078
5294672
5299324
5303814
5308474
5313090
5317668
5322280
5326942
5331504
5336126
5340842
5345402
5350104
5354644
5359244
5363900
5368574
5373156
5377776
5382466
5387140
5391750
5396392
5401100
5405674
5410314
5414966
5419700
5424278
5428984
5433588
5438310
5442926
5447590
5452226
5457000
5461612
5466252
5470936
5475666
5480316
5485102
5489750
5494340
5499044
5503836
5508434
5513210
5517930
5522542
5527206
5531992
5536694
5541362
5546094
5550870
5555534
5560272
5564966
5569700
5574346
5579158
5583812
5588560
5593350
5597976
5602690
5607424
5612190
5617036
5621684
5626426
5631262
5635878
5640672
5645506
5650252
5654958
5659734
5664510
5669252
5674000
5678744
5683490
5688346
5693098
5697772
5702584
5707364
5712188
5717022
5721734
5726484
5731252
5736136
5740952
5745648
5750492
5755340
5760044
5764884
5769644
5774496
5779266
5784068
5788972
5793686
5798488
5803324
5808206
5813032
5817880
5822608
5827420
5832228
5837076
5841992
5846730
5851598
5856404
5861312
5866094
5870978
5875884
5880652
5885494
5890406
5895226
5900124
5904974
5909850
5914646
5919578
5924390
5929298
5934228
5938972
5943930
5948854
5953624
5958530
5963466
5968384
5973226
5978128
5983056
5987896
5992742
5997604
6002600
6007444
6012378
6017320
6022184
6027040
6032050
6036912
6041858
6046696
6051602
6056546
6061524
6066372
6071388
6076316
6081232
6086172
6091096
6096100
6100948
6105936
6110830
6115856
6120766
6125738
6130638
6135616
6140516
6145544
6150466
6155470
6160446
6165406
6170332
6175274
6180328
6185194
6190232
6195182
6200142
6205172
6210126
6215148
6220130
6225036
6230062
6235012
6240098
6245096
6250000
6255122
6260052
6265032
6270096
6275140
6280148
6285050
6290098
6295202
6300180
6305222
6310232
6315228
6320248
6325248
6330340
6335330
6340348
6345392
6350502
6355508
6360582
6365552
6370718
6375676
6380712
6385750
6390814
6395948
6401018
6405968
6411084
6416112
6421186
6426224
6431410
6436488
6441564
6446528
6451698
6456740
6461848
6466892
6472030
6477160
6482158
6487222
6492316
6497468
6502520
6507692
6512814
6517928
6523006
6528110
6533140
6538376
6543472
6548492
6553666
6558804
6563862
6569074
6574178
6579250
6584460
6589544
6594626
6599844
6604938
6610142
6615302
6620452
6625596
6630694
6635868
6641068
6646168
6651344
6656440
6661642
6666776
6672016
6677114
6682344
6687466
6692606
6697824
6702958
6708150
6713284
6718584
6723694
6728920
6734086
6739288
6744456
6749696
6754876
6760106
6765332
6770412
6775666
6780902
6786132
6791364
6796484
6801768
6806926
6812216
6817324
6822670
6827772
6833102
6838242
6843578
6848724
6853956
6859220
6864472
6869700
6874924
6880154
6885480
6890750
6895962
6901162
6906390
6911654
6916984
6922250
6927424
6932782
6937958
6943312
6948554
6953876
6959144
6964458
6969728
6974930
6980280
6985538
6990788
6996106
7001398
7006642
7012022
7017316
7022568
7027824
7033112
7038518
7043766
7049138
7054404
7059786
7065086
7070356
7075608
7080984
7086384
7091696
7097030
7102226
7107604
7112938
7118308
7123686
7128920
7134310
7139616
7145066
7150292
7155710
7161028
7166428
7171780
7177068
7182448
7187902
7193176
7198546
7203964
7209326
7214600
7219978
7225416
7230846
7236162
7241538
7246910
7252308
7257654
7263038
7268452
7273876
7279266
7284722
7290026
7295460
7300852
7306268
7311646
7317066
7322438
7327932
7333380
7338754
7344188
7349544
7355016
7360508
7365876
7371238
7376730
7382150
7387548
7393086
7398444
7403928
7409298
7414796
7420178
7425634
7431158
7436568
7442036
7447562
7453036
7458440
7463862
7469330
7474894
7480294
7485754
7491286
7496774
7502154
7507648
7513156
7518620
7524170
7529584
7535138
7540628
7546132
7551536
7557138
7562582
7568054
7573584
7579082
7584638
7590084
7595618
7601110
7606640
7612218
7617618
7623190
7628716
7634202
7639784
7645294
7650860
7656294
7661842
7667452
7672938
7678508
7683984
7689600
7695098
7700672
7706194
7711862
7717288
7722868
7728528
7734048
7739606
7745130
7750674
7756262
7761874
7767446
7773020
7778532
7784170
7789774
7795346
7800970
7806564
7812028
7817662
7823274
7828814
7834466
7840132
7845626
7851312
7856940
7862488
7868156
7873674
7879316
7884962
7890524
7896196
7901780
7907450
7912980
7918696
7924326
7929906
7935502
7941158
7946888
7952424
7958148
7963762
7969412
7975036
7980664
7986364
7992012
7997688
8003314
8009026
8014654
8020298
8025980
8031614
8037348
8042952
8048666
8054292
8059932
8065716
8071284
8077012
8082730
8088352
8094150
8099754
8105450
8111242
8116874
8122526
8128220
8133918
8139690
8145420
8151100
8156856
8162474
8168180
8173938
8179674
8185462
8191172
8196776
8202564
8208268
8214062
8219814
8225566
8231174
8237012
8242756
8248520
8254146
8259930
8265752
8271376
8277198
8282910
8288780
8294400
8300214
8306060
8311822
8317566
8323298
8329062
8334856
8340642
8346380
8352222
8357910
8363698
8369556
8375248
8381126
8386824
8392728
8398488
8404328
8410108
8415832
8421680
8427510
8433264
8439154
8444922
8450674
8456496
8462372
8468122
8473952
8479746
8485584
8491538
8497314
8503144
8508930
8514734
8520580
8526500
8532374
8538110
8544064
8549872
8555640
8561570
8567410
8573294
8579052
8584966
8590838
8596666
8602630
8608392
8614294
8620200
8626068
8631938
8637858
8643648
8649598
8655366
8661274
8667246
8673026
8679030
8684840
8690724
8696702
8702528
8708522
8714396
8720238
8726206
8732070
8737980
8743866
8749868
8755694
8761630
8767548
8773510
8779418
8785324
8791304
8797274
8803222
8809060
8815008
8821004
8826902
8832926
8838836
8844740
8850734
8856660
8862542
8868602
8874546
8880514
8886364
8892384
8898352
8904266
8910232
8916282
8922224
8928144
8934168
8940144
8946088
8952140
8958160
8964094
8970106
8976064
8982018
8988050
8994062
9000056
9006128
9012104
9018064
9024082
9030046
9036178
9042058
9048098
9054198
9060192
9066128
9072240
9078296
9084242
9090306
9096368
9102422
9108462
9114474
9120414
9126456
9132604
9138596
9144680
9150636
9156682
9162738
9168924
9174870
9180948
9187016
9193038
9199094
9205244
9211306
9217324
9223456
9229510
9235560
9241636
9247816
9253810
9259958
9266056
9272118
9278164
9284298
9290362
9296420
9302560
9308650
9314740
9320824
9327034
9333164
9339138
9345348
9351490
9357482
9363706
9369752
9375902
9382088
9388110
9394228
9400390
9406506
9412690
9418862
9424956
9431120
9437278
9443432
9449522
9455696
9461804
9468002
9474222
9480304
9486492
9492592
9498838
9504994
9511102
9517290
9523474
9529618
9535744
9541984
9548152
9554386
9560534
9566734
9572918
9579086
9585282
9591526
9597682
9603910
9610052
9616336
9622450
9628612
9634912
9641094
9647288
9653550
9659664
9665928
9672240
9678390
9684600
9690858
9697028
9703328
9709468
9715800
9722052
9728174
9734408
9740656
9747002
9753208
9759452
9765660
9772016
9778128
9784392
9790716
9796984
9803198
9809468
9815820
9821998
9828366
9834530
9840838
9847118
9853356
9859694
9865954
9872244
9878456
9884756
9891138
9897402
9903618
9909962
9916250
9922640
9928866
9935168
9941526
9947836
9954166
9960344
9966742
9973082
9979418
9985626
9991980
9998276
10004640
10010920
10017274
10023602
10029948
10036320
10042658
10048970
10055264
10061586
10067938
10074308
10080766
10087074
10093422
10099692
10106054
10112400
10118766
10125178
10131552
10137954
10144258
10150634
10157052
10163470
10169854
10176154
10182610
10188890
10195312
10201670
10208076
10214506
10220866
10227292
10233644
10240130
10246536
10252872
10259342
10265736
10272100
10278568
10284900
10291292
10297798
10304164
10310548
10317044
10323464
10329864
10336280
10342784
10349196
10355640
10362050
10368498
10374870
10381336
10387828
10394268
10400712
10407084
10413544
10420104
10426514
10432958
10439468
10445866
10452392
10458828
10465364
10471708
10478232
10484692
10491162
10497614
10504194
10510610
10517162
10523602
10530140
10536518
10543038
10549560
10556120
10562594
10569130
10575628
10582012
10588602
10595076
10601602
10608122
10614630
10621124
10627604
10634246
10640770
10647192
10653758
10660280
10666776
10673364
10679920
10686430
10692994
10699550
10706000
10712668
10719156
10725684
10732288
10738812
10745348
10751866
10758438
10764976
10771536
10778108
10784674
10791324
10797866
10804428
10810948
10817658
10824178
10830808
10837360
10843910
10850444
10857042
10863710
10870212
10876872
10883448
10890072
10896620
10903336
10909874
10916432
10923096
10929760
10936354
10942996
10949526
10956206
10962748
10969380
10976062
10982618
10989254
10995906
11002584
11009214
11015792
11022466
11029042
11035702
11042348
11049040
11055650
11062288
11069064
11075614
11082322
11088914
11095640
11102302
11108894
11115558
11122320
11128972
11135672
11142278
11148962
11155606
11162422
11169032
11175666
11182428
11189118
11195764
11202528
11209124
11215916
11222508
11229288
11236022
11242636
11249398
11256040
11262766
11269544
11276170
11282942
11289610
11296344
11303160
11309858
11316524
11323344
11329976
11336770
11343504
11350216
11357024
11363704
11370436
11377156
11383956
11390746
11397472
11404234
11410982
11417734
11424478
11431246
11437960
11444742
11451568
11458344
11465064
11471910
11478592
11485398
11492136
11498942
11505740
11512460
11519244
11526106
11532922
11539636
11546424
11553246
11560058
11566922
11573688
11580498
11587222
11594166
11600904
11607726
11614568
11621282
11628128
11634962
11641830
11648610
11655490
11662280
11669194
11676030
11682754
11689606
11696450
11703284
11710190
11717056
11723830
11730716
11737540
11744466
11751278
11758102
11764916
11771772
11778664
11785590
11792456
11799246
11806196
11812970
11819920
11826758
11833602
11840586
11847420
11854338
11861260
11868152
11875036
11881928
11888828
11895728
11902522
11909434
11916332
11923314
11930252
11937084
11943988
11950906
11957818
11964804
11971696
11978590
11985580
11992480
11999300
12006294
12013266
12020168
12027072
12034004
12041018
12047892
12054908
12061760
12068794
12075730
12082710
12089600
12096566
12103558
12110432
12117466
12124332
12131326
12138298
12145346
12152292
12159264
12166156
12173246
12180178
12187188
12194094
12201096
12208112
12215058
12222110
12229052
12236094
12243000
12250064
12257068
12264032
12271054
12278090
12285146
12292164
12299116
12306090
12313148
12320118
12327180
12334150
12341172
12348270
12355274
12362380
12369292
12376446
12383496
12390530
12397474
12404562
12411664
12418632
12425636
12432702
12439736
12446816
12453958
12461026
12468034
12475042
12482220
12489274
12496294
12503382
12510448
12517556
12524610
12531604
12538788
12545890
12552978
12560046
12567082
12574128
12581276
12588364
12595536
12602560
12609624
12616706
12623948
12630932
12638084
12645262
12652270
12659406
12666616
12673714
12680748
12687910
12695078
12702230
12709242
12716392
12723544
12730722
12737886
12744902
12752120
12759250
12766458
12773542
12780658
12787820
12795008
12802184
12809346
12816448
12823698
12830830
12837940
12845166
12852348
12859506
12866638
12873746
12880932
12888164
12895398
12902478
12909754
12916920
12924150
12931340
12938506
12945642
12952856
12960054
12967242
12974540
12981730
12988818
12996060
13003366
13010496
13017756
13024946
13032230
13039462
13046604
13053862
13061022
13068228
13075506
13082826
13089996
13097212
13104526
13111754
13118910
13126246
13133452
13140712
13147976
13155188
13162424
13169756
13176990
13184234
13191556
13198772
13206006
13213360
13220616
13227808
13235060
13242390
13249704
13256884
13264208
13271588
13278810
13286096
13293316
13300732
13307946
13315250
13322534
13329828
13337124
13344446
13351836
13359122
13366436
13373704
13381096
13388398
13395628
13403002
13410292
13417586
13425036
13432300
13439686
13446984
13454338
13461566
13469040
13476292
13483712
13490972
13498302
13505684
13513066
13520354
13527724
13535174
13542452
13549812
13557260
13564562
13571920
13579340
13586598
13594110
13601372
13608832
13616216
13623512
13630914
13638388
13645662
13653048
13660488
13667824
13675322
13682620
13690020
13697518
13704852
13712214
13719752
13727100
13734478
13741932
13749340
13756740
13764152
13771650
13779054
13786414
13793856
13801234
13808794
13816128
13823530
13831102
13838408
13845940
13853290
13860762
13868272
13875658
13883134
13890554
13898032
13905452
13912922
13920406
13927952
13935360
13942784
13950322
13957698
13965216
13972660
13980200
13987706
13995148
14002630
14010100
14017626
14025128
14032552
14040070
14047504
14055044
14062560
14070128
14077646
14085052
14092534
14100096
14107614
14115126
14122660
14130184
14137688
14145240
14152770
14160220
14167742
14175354
14182762
14190314
14197858
14205384
14213006
14220582
14228050
14235560
14243102
14250638
14258286
14265790
14273336
14280950
14288482
14296048
14303618
14311146
14318788
14326314
14333924
14341436
14348968
14356580
14364104
14371770
14379274
14386980
14394554
14402058
14409734
14417310
14424864
14432410
14440100
14447624
14455330
14462832
14470446
14478034
14485650
14493390
14500936
14508546
14516184
14523732
14531474
14538980
14546664
14554344
14561958
14569520
14577168
14584888
14592490
14600090
14607734
14615430
14622990
14630626
14638410
14646062
14653686
14661292
14669018
14676620
14684276
14691992
14699616
14707306
14714986
14722618
14730300
14737940
14745692
14753422
14760972
14768730
14776346
14784078
14791774
14799522
14807188
14814880
14822572
14830232
14838010
14845708
14853426
14861146
14868838
14876550
14884250
14891942
14899730
14907384
14915142
14922808
14930518
14938358
14946054
14953802
14961442
14969172
14977008
14984752
14992394
15000222
15007900
15015764
15023380
15031188
15038992
15046706
15054538
15062176
15069996
15077768
15085572
15093264
15101052
15108844
15116662
15124440
15132214
15139964
15147704
15155494
15163358
15171064
15178828
15186662
15194532
15202232
15210066
15217896
15225722
15233460
15241238
15249144
15256860
15264650
15272500
15280414
15288166
15295928
15303870
15311684
15319482
15327324
15335188
15343008
15350732
15358646
15366496
15374340
15382108
15390042
15397778
15405748
15413486
15421464
15429218
15437180
15445042
15452838
15460690
15468606
15476462
15484290
15492166
15500100
15507910
15515826
15523698
15531590
15539478
15547330
15555196
15563060
15570930
15578858
15586716
15594624
15602634
15610486
15618428
15626226
15634172
15642126
15650076
15657892
15665858
15673690
15681638
15689614
15697530
15705450
15713340
15721252
15729160
15737204
15745038
15753008
15760978
15768930
15776918
15784756
15792706
15800676
15808638
15816550
15824586
15832492
15840446
15848430
15856462
15864316
15872342
15880252
15888324
15896230
15904214
15912202
15920170
15928166
15936072
15944182
15952036
15960078
15968034
15976134
15984028
15992010
16000030
16008080
16016080
16024150
16032122
16040106
16048086
16056052
16064166
16072090
16080154
16088126
16096200
16104194
16112204
16120224
16128308
16136428
16144360
16152460
16160452
16168524
16176526
16184566
16192650
16200646
16208766
16216796
16224786
16232932
16240954
16248970
16257052
16265218
16273164
16281336
16289340
16297404
16305558
16313526
16321622
16329684
16337776
16345926
16353964
16362046
16370170
16378266
16386440
16394492
16402514
16410622
16418736
16426844
16434974
16443106
16451168
16459374
16467490
16475516
16483674
16491734
16499866
16508048
16516216
16524232
16532404
16540510
16548668
16556900
16564926
16573106
16581184
16589344
16597478
16605628
16613788
16621984
16630146
16638366
16646524
16654614
16662728
16670902
16679120
16687264
16695466
16703666
16711766
16719976
16728232
16736378
16744508
16752778
16760868
16769046
16777354
16785466
16793648
16801816
16810030
16818248
16826484
16834614
16842878
16851084
16859246
16867500
16875780
16883930
16892134
16900394
16908622
16916784
16925058
16933226
16941512
16949822
16958022
16966240
16974422
16982704
16990916
16999196
17007426
17015666
17023966
17032150
17040460
17048774
17056936
17065266
17073462
17081808
17090044
17098304
17106506
17114868
17123174
17131424
17139724
17148022
17156196
17164510
17172750
17181120
17189354
17197680
17205990
17214338
17222508
17230884
17239162
17247426
17255724
17264110
17272372
17280746
17289072
17297368
17305666
17313924
17322296
17330650
17338994
17347366
17355572
17363998
17372298
17380686
17388970
17397272
17405708
17414032
17422346
17430764
17439032
17447438
17455728
17464158
17472480
17480814
17489182
17497628
17505902
17514292
17522678
17531028
17539486
17547746
17556104
17564522
17572892
17581282
17589758
17598128
17606446
17614924
17623274
17631682
17640074
17648518
17656894
17665240
17673694
17682042
17690464
17698958
17707366
17715730
17724162
17732562
17741022
17749490
17757834
17766352
17774678
17783186
17791544
17800102
17808522
17816866
17825322
17833856
17842234
17850762
17859164
17867594
17876072
17884576
17893024
17901498
17909932
17918360
17926782
17935244
17943760
17952200
17960750
17969146
17977682
17986106
17994630
18003068
18011540
18020106
18028638
18037012
18045516
18054142
18062500
18071112
18079528
18088024
18096612
18105084
18113666
18122068
18130690
18139156
18147610
18156204
18164714
18173266
18181706
18190300
18198872
18207340
18215930
18224442
18232976
18241488
18250090
18258648
18267142
18275712
18284232
18292774
18301374
18309886
18318420
18327028
18335536
18344132
18352740
18361310
18369876
18378440
18387048
18395560
18404224
18412774
18421386
18429878
18438482
18447134
18455720
18464348
18472820
18481444
18490078
18498694
18507294
18515828
18524462
18533158
18541718
18550328
18558874
18567488
18576224
18584752
18593418
18602106
18610648
18619360
18627936
18636620
18645164
18653780
18662428
18671182
18679796
18688336
18697004
18705640
18714392
18723036
18731716
18740350
18748908
18757630
18766260
18774966
18783620
18792306
18800962
18809692
18818262
18827000
18835730
18844398
18853050
18861688
18870424
18879162
18887724
18896412
18905230
18913826
18922522
18931332
18939928
18948720
18957454
18966054
18974838
18983536
18992300
19000974
19009630
19018444
19027182
19035834
19044552
19053284
19061962
19070788
19079464
19088160
19096912
19105646
19114478
19123228
19131920
19140666
19149446
19158158
19166928
19175672
19184456
19193202
19201942
19210770
19219466
19228358
19237084
19245882
19254598
19263378
19272164
19280964
19289702
19298508
19307244
19316096
19324912
19333742
19342432
19351314
19360108
19368842
19377698
19386470
19395356
19404140
19412914
19421716
19430466
19439378
19448174
19456980
19465884
19474662
19483514
19492352
19501140
19509952
19518798
19527676
19536498
19545380
19554140
19563066
19571808
19580666
19589516
19598432
19607214
19616110
19624950
19633878
19642736
19651490
19660390
19669310
19678212
19687058
19695972
19704842
19713644
19722542
19731378
19740268
19749268
19758158
19766920
19775858
19784734
19793678
19802522
19811506
19820354
19829290
19838190
19847082
19856034
19864964
19873782
19882786
19891644
19900590
19909524
19918500
19927342
19936316
19945206
19954110
19963062
19971998
19981018
19989924
19998858
20007862
20016778
20025688
20034674
20043612
20052598
20061546
20070418
20079498
20088392
20097334
20106306
20115224
20124300
20133294
20142260
20151244
20160188
20169216
20178090
20187074
20196160
20205098
20214132
20223018
20232074
20241132
20250046
20259046
20268052
20277128
20286052
20295152
20304052
20313184
20322132
20331212
20340198
20349184
20358244
20367310
20376304
20385354
20394398
20403334
20412436
20421452
20430402
20439474
20448568
20457558
20466636
20475668
20484754
20493738
20502836
20511846
20521018
20530036
20539074
20548112
20557184
20566288
20575306
20584390
20593500
20602600
20611608
20620810
20629882
20638936
20648042
20657086
20666164
20675314
20684412
20693538
20702530
20711712
20720732
20729900
20739032
20748088
20757272
20766300
20775438
20784502
20793632
20802770
20811916
20821052
20830146
20839302
20848360
20857548
20866722
20875796
20885014
20894124
20903184
20912420
20921504
20930730
20939904
20948982
20958128
20967334
20976446
20985636
20994786
21003940
21013080
21022260
21031510
21040704
21049806
21058968
21068234
21077374
21086536
21095688
21104846
21114148
21123332
21132544
21141620
21150874
21160004
21169308
21178418
21187612
21196848
21206044
21215322
21224468
21233736
21242988
21252212
21261416
21270582
21279776
21289000
21298264
21307474
21316784
21325932
21335242
21344400
21353758
21362892
21372178
21381390
21390644
21399882
21409260
21418396
21427782
21436938
21446296
21455530
21464742
21474072
21483364
21492544
21501828
21511178
21520418
21529622
21538962
21548216
21557486
21566824
21576058
21585368
21594716
21604032
21613262
21622522
21631906
21641140
21650440
21659846
21669052
21678362
21687762
21696980
21706296
21715712
21724976
21734250
21743622
21752982
21762348
21771582
21781024
21790240
21799580
21808990
21818256
21827684
21837048
21846306
21855672
21865104
21874412
21883814
21893130
21902520
21911890
21921176
21930622
21939874
21949242
21958614
21967990
21977474
21986732
21996136
22005582
22014906
22024268
22033646
22043154
22052416
22061846
22071300
22080736
22090032
22099422
22108810
22118342
22127732
22137038
22146448
22155926
22165360
22174800
22184124
22193572
22203050
22212422
22221836
22231350
22240728
22250148
22259526
22269022
22278446
22287856
22297422
22306818
22316210
22325750
22335126
22344540
22354122
22363566
22372902
22382388
22391826
22401418
22410892
22420320
22429696
22439176
22448674
22458194
22467726
22477112
22486688
22496116
22505622
22515046
22524566
22534142
22543562
22553030
22562528
22572104
22581524
22591032
22600566
22610080
22619660
22629150
22638606
22648200
22657684
22667142
22676768
22686232
22695704
22705318
22714892
22724416
22733900
22743502
22752958
22762502
22772014
22781568
22791180
22800718
22810212
22819742
22829368
22838936
22848418
22858074
22867580
22877104
22886768
22896332
22905844
22915462
22924986
22934612
22944146
22953784
22963378
22972852
22982436
22992124
23001714
23011322
23020888
23030432
23040112
23049600
23059272
23068928
23078430
23088056
23097704
23107300
23116884
23126492
23136104
23145736
23155468
23165006
23174628
23184318
23193978
23203570
23213144
23222782
23232406
23242108
23251786
23261450
23271022
23280704
23290354
23299930
23309632
23319380
23328934
23338580
23348364
23357992
23367694
23377356
23387008
23396634
23406284
23416054
23425652
23435326
23444970
23454658
23464418
23474062
23483794
23493446
23503200
23512900
23522560
23532304
23542046
23551748
23561398
23571072
23580812
23590586
23600212
23610006
23619734
23629380
23639164
23648876
23658636
23668340
23678050
23687798
23697438
23707272
23716998
23726682
23736516
23746210
23755926
23765674
23775470
23785258
23794972
23804688
23814460
23824166
23833932
23843750
23853576
23863290
23873080
23882822
23892580
23902454
23912136
23921884
23931690
23941582
23951346
23961048
23970922
23980646
23990536
24000296
24010006
24019864
24029742
24039548
24049218
24059070
24068858
24078746
24088472
24098390
24108102
24117990
24127836
24137700
24147526
24157296
24167086
24176960
24186848
24196628
24206438
24216378
24226154
24235994
24245904
24255638
24265540
24275396
24285236
24295094
24305040
24314796
24324718
24334624
24344364
24354322
24364112
24374000
24383872
24393746
24403740
24413488
24423458
24433340
24443274
24453084
24462934
24472834
24482812
24492720
24502568
24512524
24522396
24532348
24542138
24552078
24561946
24571936
24581886
24591720
24601716
24611640
24621494
24631438
24641386
24651284
24661156
24671194
24681090
24690988
24701006
24710906
24720820
24730764
24740808
24750632
24760670
24770656
24780494
24790478
24800504
24810440
24820340
24830318
24840308
24850240
24860278
24870208
24880246
24890184
24900180
24910158
24920080
24930156
24940158
24950130
24960038
24970130
24980048
24990066
25000126
25010010
25020110
25030148
25040060
25050120
25060160
25070164
25080144
25090216
25100110
25110138
25120192
25130172
25140218
25150326
25160274
25170394
25180466
25190482
25200426
25210496
25220516
25230548
25240594
25250636
25260800
25270748
25280894
25290844
25300984
25311054
25321036
25331138
25341246
25351282
25361416
25371440
25381476
25391554
25401638
25411698
25421790
25431936
25441958
25452074
25462138
25472226
25482318
25492542
25502640
25512616
25522734
25532814
25542950
25553074
25563270
25573386
25583408
25593582
25603740
25613850
25623896
25634098
25644106
25654344
25664378
25674620
25684648
25694790
25704922
25715104
25725232
25735380
25745604
25755672
25765876
25776056
25786148
25796356
25806524
25816598
25826832
25836900
25847098
25857224
25867434
25877580
25887856
25898002
25908214
25918368
25928508
25938648
25948910
25959080
25969312
25979506
25989650
25999922
26010126
26020246
26030422
26040616
26050888
26061028
26071266
26081480
26091770
26101976
26112222
26122408
26132654
26142856
26153072
26163354
26173520
26183804
26194064
26204170
26214430
26224752
26234982
26245204
26255464
26265630
26275984
26286170
26296486
26306770
26316920
26327224
26337456
26347702
26358002
26368330
26378512
26388848
26399156
26409420
26419608
26429948
26440208
26450568
26460748
26471122
26481396
26491660
26501948
26512280
26522562
26532852
26543128
26553544
26563842
26574138
26584478
26594716
26605094
26615358
26625654
26635928
26646360
26656632
26666918
26677246
26687558
26697904
26708300
26718674
26729014
26739302
26749622
26760062
26770288
26780650
26791040
26801424
26811738
26822150
26832406
26842878
26853262
26863520
26873966
26884348
26894716
26905054
26915368
26925830
26936120
26946560
26956956
26967388
26977756
26988116
26998552
27008930
27019286
27029648
27040068
27050430
27060912
27071292
27081754
27092146
27102546
27112910
27123338
27133820
27144104
27154578
27165058
27175368
27185884
27196282
27206754
27217132
27227524
27238084
27248528
27258982
27269320
27279806
27290312
27300758
27311078
27321636
27332096
27342524
27352910
27363374
27373936
27384408
27394852
27405334
27415770
27426208
27436672
27447246
27457638
27468090
27478602
27489176
27499546
27510130
27520534
27531094
27541508
27552020
27562566
27573110
27583642
27594088
27604560
27615132
27625604
27636072
27646636
27657094
27667708
27678180
27688672
27699248
27709708
27720326
27730778
27741376
27751942
27762386
27772946
27783454
27794020
27804614
27815194
27825646
27836224
27846866
27857390
27867870
27878534
27888968
27899662
27910218
27920718
27931242
27941866
27952500
27962986
27973520
27984102
27994688
28005324
28015856
28026498
28037074
28047726
28058268
28068942
28079462
28090086
28100642
28111254
28121908
28132520
28143050
28153756
28164258
28175002
28185542
28196114
28206826
28217388
28227980
28238664
28249332
28259884
28270628
28281196
28291808
28302538
28313092
28323738
28334362
28345034
28355718
28366360
28376930
28387594
28398296
28408964
28419634
28430298
28441004
28451586
28462260
28473012
28483696
28494264
28505034
28515620
28526292
28537040
28547714
28558360
28569026
28579722
28590438
28601244
28611878
28622576
28633314
28644008
28654716
28665438
28676166
28686770
28697488
28708164
28718902
28729696
28740360
28751138
28761772
28772626
28783350
28793996
28804770
28815532
28826198
28836928
28847748
28858434
28869210
28879882
28890674
28901434
28912140
28922938
28933698
28944466
28955268
28965928
28976716
28987504
28998328
29009022
29019852
29030546
29041324
29052204
29062978
29073682
29084506
29095314
29106152
29116832
29127702
29138468
29149302
29160132
29170870
29181670
29192424
29203222
29214096
29224900
29235716
29246548
29257376
29268200
29279046
29289806
29300674
29311526
29322336
29333122
29343902
29354776
29365630
29376536
29387374
29398084
29409060
29419800
29430680
29441590
29452370
29463190
29474054
29484900
29495876
29506706
29517530
29528486
29539316
29550210
29560996
29571978
29582752
29593724
29604572
29615378
29626292
29637190
29648146
29659046
29669906
29680814
29691616
29702500
29713504
29724310
29735330
29746184
29757056
29767968
29778890
29789814
29800696
29811630
29822546
29833574
29844458
29855364
29866342
29877170
29888128
29899146
29909966
29920948
29931920
29942880
29953766
29964798
29975752
29986592
29997616
30008544
30019568
30030504
30041422
30052388
30063400
30074270
30085358
30096316
30107192
30118150
30129148
30140140
30151118
30162116
30173078
30184164
30195146
30206140
30217128
30228142
30239104
30250124
30261044
30272044
30283088
30294074
30305164
30316100
30327124
30338148
30349204
30360158
30371142
30382162
30393268
30404328
30415234
30426346
30437374
30448358
30459458
30470512
30481492
30492594
30503670
30514656
30525696
30536774
30547766
30558832
30569910
30581016
30591990
30603114
30614222
30625240
30636230
30647402
30658374
30669524
30680568
30691706
30702796
30713832
30724950
30736008
30747060
30758226
30769348
30780424
30791522
30802568
30813668
30824732
30835846
30846958
30858110
30869244
30880390
30891462
30902614
30913668
30924794
30935984
30947102
30958158
30969306
30980494
30991516
31002688
31013814
31024950
31036044
31047186
31058424
31069582
31080676
31091884
31102978
31114130
31125302
31136404
31147676
31158854
31169898
31181184
31192254
31203466
31214640
31225748
31236946
31248162
31259328
31270562
31281708
31292874
31304164
31315332
31326420
31337746
31348840
31360064
31371226
31382446
31393674
31404914
31416150
31427328
31438512
31449696
31461020
31472226
31483356
31494632
31505858
31517016
31528300
31539550
31550780
31562046
31573260
31584518
31595682
31606888
31618180
31629454
31640644
31651898
31663180
31674414
31685662
31696966
31708232
31719448
31730800
31742068
31753346
31764588
31775832
31787086
31798422
31809636
31820882
31832278
31843552
31854802
31866160
31877326
31888628
31899988
31911334
31922594
31933860
31945114
31956482
31967826
31979112
31990428
32001782
32013080
32024380
32035732
32046962
32058270
32069582
32080904
32092366
32103668
32114966
32126262
32137572
32148936
32160316
32171716
32182938
32194310
32205682
32217096
32228376
32239736
32251104
32262438
32273764
32285246
32296512
32307932
32319292
32330708
32341996
32353378
32364782
32376202
32387482
32398966
32410378
32421768
32433112
32444544
32455910
32467346
32478624
32490090
32501438
32512878
32524288
32535638
32547134
32558548
32569848
32581396
32592702
32604138
32615524
32626944
32638506
32649824
32661302
32672718
32684206
32695604
32707036
32718436
32729882
32741360
32752868
32764180
32775666
32787136
32798660
32809986
32821500
32833030
32844452
32855896
32867326
32878762
32890296
32901820
32913288
32924690
32936234
32947718
32959166
32970658
32982144
32993592
33005124
33016546
33028130
33039578
33051088
33062528
33074112
33085608
33097090
33108598
33120134
33131658
33143168
33154638
33166206
33177612
33189158
33200718
33212254
33223772
33235282
33246888
33258346
33269832
33281398
33292906
33304544
33316082
33327630
33339132
33350638
33362234
33373792
33385394
33396948
33408408
33420076
33431600
33443202
33454708
33466360
33477876
33489402
33501032
33512652
33524234
33535782
33547290
33558892
33570480
33582128
33593716
33605220
33616822
33628510
33640024
33651602
33663274
33674908
33686518
33698150
33709724
33721384
33732910
33744536
33756200
33767752
33779372
33790980
33802716
33814282
33825978
33837522
33849192
33860830
33872422
33884100
33895712
33907378
33919080
33930674
33942284
33953966
33965644
33977244
33989022
34000620
34012228
34023940
34035572
34047308
34058906
34070672
34082320
34093954
34105736
34117292
34129004
34140670
34152476
34164042
34175772
34187530
34199156
34210924
34222522
34234276
34245944
34257636
34269440
34281146
34292812
34304558
34316180
34327992
34339714
34351436
34363072
34374888
34386518
34398246
34410016
34421698
34433548
34445272
34456918
34468760
34480482
34492188
34503992
34515722
34527428
34539158
34550934
34562746
34574530
34586234
34597936
34609716
34621556
34633338
34645122
34656778
34668624
34680438
34692198
34703932
34715754
34727552
34739238
34751114
34762940
34774648
34786480
34798284
34810128
34821896
34833662
34845492
34857346
34869034
34880850
34892688
34904502
34916346
34928220
34939946
34951884
34963680
34975426
34987300
34999136
35011020
35022786
35034578
35046506
35058258
35070128
35081960
35093896
35105650
35117596
35129406
35141248
35153094
35164918
35176786
35188748
35200542
35212466
35224312
35236158
35248094
35259948
35271798
35283624
35295538
35307442
35319270
35331162
35343134
35354990
35366916
35378802
35390736
35402602
35414440
35426432
35438214
35450186
35462108
35473966
35485874
35497902
35509750
35521654
35533534
35545540
35557406
35569362
35581264
35593280
35605194
35617164
35629022
35640940
35652862
35664904
35676848
35688696
35700628
35712638
35724598
35736572
35748578
35760438
35772408
35784358
35796314
35808308
35820306
35832280
35844226
35856250
35868200
35880204
35892100
35904132
35916082
35928068
35940160
35952088
35964142
35976078
35988070
36000052
36012116
36024070
36036038
36048106
36060112
36072044
36084178
36096196
36108178
36120224
36132150
36144146
36156186
36168250
36180254
36192354
36204404
36216388
36228400
36240452
36252468
36264542
36276650
36288636
36300690
36312768
36324838
36336840
36348864
36360912
36373044
36385138
36397168
36409268
36421264
36433296
36445468
36457470
36469654
36481652
36493688
36505784
36517904
36529936
36542076
36554178
36566284
36578328
36590528
36602614
36614654
36626714
36638814
36650924
36663072
36675208
36687326
36699378
36711584
36723676
36735748
36747888
36760018
36772204
36784360
36796420
36808574
36820714
36832852
36844976
36857042
36869260
36881402
36893508
36905702
36917878
36930024
36942094
36954368
36966478
36978686
36990738
37002954
37015164
37027248
37039510
37051606
37063844
37076050
37088218
37100316
37112478
37124670
37136896
37149122
37161348
37173534
37185644
37197880
37210074
37222294
37234462
37246616
37258840
37271116
37283296
37295552
37307706
37319952
37332162
37344418
37356574
37368846
37381016
37393364
37405532
37417824
37429936
37442194
37454496
37466772
37478930
37491240
37503504
37515708
37527918
37540246
37552450
37564724
37576954
37589276
37601434
37613802
37626056
37638236
37650532
37662786
37675158
37687376
37699666
37711914
37724174
37736546
37748846
37761032
37773410
37785630
37798022
37810284
37822530
37834874
37847174
37859486
37871732
37884056
37896352
37908708
37920970
37933340
37945718
37957960
37970276
37982674
37995024
38007358
38019672
38031912
38044350
38056650
38068954
38081290
38093682
38105996
38118280
38130668
38143026
38155404
38167748
38180044
38192414
38204856
38217200
38229550
38241862
38254296
38266690
38278968
38291450
38303798
38316160
38328540
38340980
38353342
38365658
38378128
38390474
38402948
38415306
38427644
38440062
38452534
38464896
38477226
38489648
38502122
38514474
38526934
38539270
38551784
38564188
38576542
38588976
38601510
38613856
38626264
38638726
38651100
38663564
38675970
38688490
38700940
38713354
38725770
38738202
38750716
38763196
38775614
38788048
38800496
38813004
38825488
38837868
38850342
38862878
38875304
38887824
38900186
38912664
38925254
38937696
38950166
38962694
38975178
38987620
39000048
39012518
39025140
39037540
39050044
39062642
39075104
39087624
39100078
39112516
39125146
39137674
39150146
39162604
39175140
39187608
39200122
39212664
39225222
39237728
39250344
39262888
39275306
39287936
39300490
39313028
39325506
39338056
39350620
39363104
39375760
39388292
39400760
39413408
39425970
39438452
39451060
39463612
39476118
39488658
39501290
39513804
39526508
39538964
39551570
39564132
39576710
39589292
39601902
39614496
39627086
39639646
39652258
39664882
39677520
39690014
39702640
39715246
39727896
39740524
39753072
39765690
39778330
39790944
39803516
39816144
39828852
39841480
39854078
39866732
39879362
39891890
39904492
39917234
39929790
39942428
39955042
39967720
39980384
39993032
40005720
40018392
40030990
40043706
40056270
40068914
40081696
40094268
40106946
40119612
40132354
40145000
40157680
40170288
40182938
40195606
40208370
40221090
40233766
40246394
40259146
40271804
40284476
40297228
40309858
40322598
40335330
40347938
40360742
40373334
40386090
40398822
40411560
40424268
40436948
40449716
40462440
40475104
40487908
40500528
40513318
40526082
40538802
40551486
40564188
40577008
40589686
40602502
40615222
40627896
40640658
40653446
40666214
40678986
40691670
40704518
40717194
40730058
40742698
40755480
40768234
40781072
40793856
40806664
40819358
40832112
40844952
40857678
40870498
40883304
40896048
40908958
40921660
40934518
40947238
40960078
40972880
40985686
40998440
41011222
41024128
41036876
41049726
41062484
41075400
41088182
41101060
41113754
41126642
41139402
41152260
41165114
41177970
41190822
41203574
41216520
41229352
41242170
41255038
41267912
41280636
41293610
41306440
41319222
41332122
41344908
41357854
41370642
41383580
41396480
41409226
41422124
41434992
41447924
41460770
41473600
41486620
41499410
41512378
41525182
41538076
41551056
41563914
41576814
41589696
41602618
41615464
41628344
41641246
41654146
41667060
41679984
41692990
41705888
41718744
41731680
41744652
41757458
41770444
41783352
41796364
41809232
41822172
41835162
41848094
41861010
41873954
41886912
41899860
41912776
41925656
41938592
41951626
41964598
41977568
41990450
42003450
42016346
42029380
42042360
42055278
42068300
42081298
42094170
42107206
42120150
42133188
42146114
42159114
42172052
42185130
42198052
42211102
42224028
42237032
42250084
42263134
42276126
42289054
42302138
42315104
42328090
42341164
42354074
42367106
42380200
42393158
42406236
42419268
42432302
42445278
42458264
42471356
42484366
42497374
42510528
42523534
42536580
42549564
42562710
42575736
42588794
42601756
42614846
42627982
42640936
42654084
42667132
42680104
42693182
42706290
42719368
42732426
42745482
42758604
42771682
42784794
42797886
42810882
42824006
42837110
42850178
42863264
42876432
42889506
42902568
42915714
42928734
42941950
42955042
42968046
42981246
42994350
43007390
43020486
43033676
43046784
43059948
43072986
43086150
43099332
43112438
43125616
43138646
43151858
43164944
43178146
43191252
43204328
43217590
43230738
43243862
43256964
43270110
43283288
43296540
43309632
43322862
43335918
43349124
43362322
43375424
43388580
43401774
43414974
43428118
43441388
43454556
43467748
43480960
43494030
43507280
43520450
43533714
43546888
43560138
43573214
43586430
43599648
43612828
43626166
43639246
43652524
43665698
43678918
43692198
43705328
43718628
43731864
43745010
43758234
43771480
43784730
43797946
43811218
43824496
43837658
43851024
43864176
43877494
43890748
43903928
43917144
43930524
43943780
43957004
43970296
43983552
43996796
44009964
44023342
44036602
44049788
44063094
44076438
44089632
44103006
44116264
44129564
44142790
44156140
44169418
44182688
44195918
44209324
44222636
44235912
44249222
44262542
44275730
44289094
44302426
44315692
44329048
44342368
44355616
44368944
44382300
44395570
44409026
44422266
44435676
44448958
44462284
44475564
44488920
44502332
44515712
44529050
44542316
44555664
44569070
44582328
44595780
44609148
44622524
44635850
44649176
44662564
44675912
44689268
44702596
44716090
44729406
44742784
44756142
44769560
44782950
44796348
44809718
44823074
44836556
44849868
44863298
44876634
44890038
44903516
44916904
44930234
44943710
44957166
44970476
44983870
44997406
45010818
45024228
45037620
45051004
45064384
45077804
45091316
45104714
45118098
45131596
45145082
45158448
45171956
45185342
45198864
45212222
45225742
45239092
45252550
45265992
45279554
45292954
45306408
45319884
45333302
45346804
45360236
45373826
45387258
45400652
45414228
45427660
45441220
45454628
45468144
45481666
45495096
45508562
45522054
45535562
45549118
45562500
45576108
45589594
45603068
45616590
45630162
45643544
45657118
45670578
45684098
45697638
45711166
45724710
45738268
45751730
45765314
45778844
45792312
45805860
45819458
45833030
45846514
45860054
45873556
45887102
45900682
45914252
45927778
45941362
45954974
45968424
45982040
45995598
46009178
46022770
46036350
46049856
46063492
46076996
