6788
40
91
59
150
26
128
126
158
95
211
162
173
273
265
276
348
298
334
462
411
539
492
545
631
706
759
861
904
877
943
1048
1075
1220
1269
1243
1404
1431
1540
1556
1676
1721
1840
1930
1937
2146
2225
2279
2434
2496
2528
2719
2754
2822
3050
3131
3230
3299
3435
3552
3662
3835
3859
4083
4198
4330
4464
4532
4648
4798
4978
5118
5238
5459
5491
5680
5885
6029
6185
6313
6453
6667
6747
6992
7175
7239
7438
7615
7809
8034
8217
8408
8549
8757
8910
9045
9286
9425
9668
9872
10053
10319
10528
10716
10922
11140
11375
11497
11737
11954
12196
12447
12556
12889
13058
13332
13566
13794
13934
14169
14475
14744
14996
15265
15445
15668
15890
16244
16419
16695
16919
17226
17429
17689
17961
18312
18612
18889
19179
19343
19651
19946
20169
20488
20778
21068
21320
21618
21909
22215
22518
22858
23222
23515
23742
24045
24461
24665
25075
25299
25670
26052
26327
26621
27003
27313
27695
27969
28266
28693
28978
29334
29614
29988
30408
30697
31079
31441
31741
32149
32527
32812
33265
33567
33870
34250
34670
35109
35385
35763
36115
36569
36894
37323
37776
38139
38554
38945
39255
39638
40101
40531
40910
41340
41662
42097
42472
42974
43305
43775
44167
44522
45065
45434
45851
46361
46722
47218
47633
48045
48429
48941
49313
49764
50207
50627
51082
51531
52098
52475
52916
53434
53964
54387
54793
55244
55699
56219
56646
57166
57720
58150
58586
59147
59646
60103
60583
61043
61544
62034
62618
63070
63637
64132
64597
65165
65661
66136
66683
67177
67697
68256
68646
69263
69762
70241
70846
71359
71890
72453
72991
73460
74121
74642
75193
75729
76200
76771
77398
77906
78451
79050
79634
80131
80701
81273
81811
82396
83080
83655
84200
84747
85366
85927
86454
87051
87710
88317
88876
89537
90033
90621
91216
91836
92549
93131
93743
94383
94988
95560
96156
96753
97345
97992
98646
99248
99928
100555
101150
101802
102433
103167
103791
104441
105014
105726
106390
107037
107626
108284
109002
109636
110287
110979
111634
112254
112925
113588
114264
114931
115674
116333
116983
117700
118412
119094
119790
120533
121215
121902
122522
123203
123964
124714
125430
126123
126776
127534
128228
128963
129704
130463
131178
131793
132561
133270
133985
134784
135488
136211
136981
137779
138462
139229
139899
140636
141403
142226
142995
143779
144455
145270
146040
146805
147528
148288
149043
149881
150668
151408
152127
152966
153750
154467
155321
156153
156856
157724
158484
159305
160141
160938
161680
162485
163311
164124
164900
165747
166517
167313
168169
169006
169886
170612
171430
172272
173162
173946
174859
175649
176402
177260
178090
179017
179790
180717
181549
182383
183248
184170
185034
185799
186748
187556
188470
189277
190238
190980
191851
192750
193644
194557
195478
196268
197231
198149
198982
199844
200742
201659
202599
203441
204357
205314
206221
207092
207990
208860
209885
210775
211741
212634
213576
214467
215309
216305
217282
218102
219115
220094
220942
221952
222826
223861
224806
225763
226689
227558
228490
229568
230487
231466
232349
233430
234323
235331
236237
237267
238261
239141
240149
241172
242173
243064
244082
245147
246087
247038
248115
249139
250138
251011
252111
253047
254134
255095
256045
257137
258164
259096
260173
261141
262264
263243
264214
265245
266293
267349
268442
269372
270456
271442
272587
273551
274711
275750
276796
277792
278915
279930
280958
282063
283099
284230
285272
286276
287365
288494
289559
290523
291716
292702
293786
294918
296007
297042
298182
299317
300357
301442
302596
303686
304722
305841
306999
308035
309269
310309
311413
312578
313725
314805
315901
317003
318178
319255
320441
321616
322756
323794
325029
326122
327215
328457
329484
330727
331897
333003
334152
335272
336491
337701
338840
339999
341085
342281
343492
344707
345836
347043
348193
349356
350527
351656
352945
354146
355229
356436
357710
358803
360036
361269
362488
363676
364845
366093
367263
368456
369782
370952
372114
373387
374612
375875
377005
378298
379594
380771
381968
383249
384461
385778
387023
388229
389496
390706
391954
393239
394468
395658
397012
398281
399510
400718
402001
403316
404569
405817
407143
408369
409719
410970
412255
413469
414789
416125
417385
418657
419919
421314
422612
423877
425188
426517
427749
429062
430358
431737
432968
434387
435705
437014
438304
439617
440994
442306
443672
444918
446353
447633
448953
450322
451721
452930
454353
455672
457054
458451
459780
461134
462468
463802
465127
466498
467863
469237
470643
471974
473444
474748
476212
477544
478984
480278
481723
483101
484502
485869
487309
488673
490108
491416
492933
494312
495752
497088
498562
499920
501282
502736
504240
505607
507041
508369
509868
511329
512669
514184
515633
517050
518522
519895
521412
522829
524235
525698
527109
528531
530093
531555
532950
534412
535929
537325
538886
540323
541771
543282
544646
546214
547626
549081
550601
552172
553655
555134
556576
558117
559565
561003
562555
564017
565561
567049
568632
570117
571625
573174
574659
576113
577672
579242
580727
582204
583711
585295
586865
588379
589864
591449
592917
594483
596048
597559
599098
600665
602315
603811
605290
606874
608461
609998
611573
613207
614709
616367
617839
619369
621068
622635
624132
625735
627357
628940
630501
632133
633753
635216
636835
638435
640095
641625
643281
644825
646470
648100
649669
651299
652998
654520
656159
657773
659420
661078
662599
664354
665964
667535
669229
670826
672418
674154
675779
677440
679013
680761
682328
683960
685585
687300
688966
690633
692308
694008
695621
697363
698947
700667
702266
703939
705713
707362
709034
710671
712359
714098
715843
717516
719224
720867
722530
724315
725940
727734
729398
731099
732855
734559
736245
737977
739626
741325
743045
744879
746595
748291
750062
751816
753564
755289
756902
758751
760426
762202
763984
765691
767498
769222
770914
772740
774416
776221
777994
779717
781475
783353
785074
786883
788639
790338
792143
794003
795804
797493
799301
801098
802927
804637
806461
808285
810132
811836
813632
815441
817300
819161
820910
822713
824526
826385
828120
829975
831885
833636
835479
837361
839084
841026
842831
844685
846530
848248
850163
852057
853827
855626
857510
859467
861190
863132
864980
866875
868726
870597
872478
874269
876173
878022
879952
881861
883734
885585
887415
889381
891140
893135
895041
896842
898785
900666
902633
904469
906352
908278
910145
912124
913982
915912
917835
919709
921730
923648
925444
927459
929364
931347
933290
935091
937033
939060
941018
942841
944820
946732
948808
950666
952689
954619
956558
958468
960531
962425
964420
966325
968365
970326
972331
974300
976166
978160
980117
982090
984087
986185
988111
990116
992107
994075
996074
998101
1000141
1002046
1004104
1006044
1008064
1010090
1012088
1014187
1016195
1018207
1020122
1022240
1024167
1026263
1028208
1030333
1032309
1034413
1036396
1038412
1040420
1042530
1044544
1046549
1048634
1050737
1052763
1054736
1056819
1058855
1061007
1062971
1065060
1067130
1069177
1071309
1073402
1075442
1077523
1079592
1081656
1083759
1085811
1087904
1089965
1092085
1094136
1096291
1098321
1100469
1102609
1104638
1106719
1108812
1110949
1113074
1115251
1117370
1119420
1121607
1123711
1125861
1127980
1129973
1132134
1134239
1136421
1138609
1140711
1142881
1144948
1147160
1149239
1151401
1153507
1155710
1157884
1159956
1162084
1164366
1166496
1168671
1170862
1172976
1175169
1177254
1179508
1181630
1183870
1185947
1188144
1190375
1192606
1194687
1196911
1199062
1201244
1203549
1205737
1207917
1210117
1212216
1214472
1216615
1218903
1221101
1223327
1225477
1227743
1229948
1232110
1234329
1236554
1238774
1241067
1243324
1245490
1247730
1249941
1252297
1254467
1256679
1258972
1261195
1263452
1265764
1267955
1270209
1272520
1274686
1276929
1279247
1281484
1283787
1286048
1288348
1290527
1292785
1295052
1297407
1299660
1302018
1304259
1306519
1308736
1311048
1313319
1315619
1317968
1320340
1322504
1324908
1327138
1329477
1331746
1334111
1336400
1338734
1340988
1343314
1345731
1347974
1350339
1352593
1355023
1357270
1359680
1362023
1364261
1366669
1368978
1371338
1373687
1375959
1378277
1380704
1383005
1385333
1387773
1390135
1392519
1394830
1397182
1399500
1401993
1404290
1406669
1409003
1411351
1413794
1416143
1418619
1420991
1423388
1425775
1428112
1430433
1432929
1435283
1437655
1440085
1442415
1444813
1447254
1449636
1452035
1454560
1456898
1459397
1461728
1464219
1466630
1469060
1471404
1473892
1476312
1478732
1481116
1483621
1486044
1488476
1490982
1493339
1495789
1498289
1500676
1503200
1505659
1507988
1510501
1512917
1515450
1517874
1520315
1522867
1525271
1527708
1530237
1532739
1535123
1537691
1540129
1542652
1545090
1547595
1550066
1552644
1555144
1557548
1560083
1562575
1565122
1567560
1570115
1572530
1575027
1577669
1580187
1582696
1585218
1587631
1590128
1592704
1595250
1597705
1600253
1602883
1605311
1607896
1610417
1612900
1615581
1618064
1620617
1623114
1625764
1628282
1630752
1633415
1635848
1638481
1641000
1643628
1646203
1648659
1651320
1653912
1656505
1659034
1661603
1664231
1666779
1669329
1671873
1674448
1677099
1679644
1682325
1684876
1687501
1690029
1692674
1695301
1697894
1700434
1703160
1705717
1708373
1710998
1713550
1716208
1718770
1721428
1724038
1726616
1729312
1731877
1734625
1737181
1739849
1742451
1745062
1747727
1750445
1753021
1755656
1758324
1761002
1763588
1766337
1768906
1771570
1774250
1776969
1779650
1782270
1784968
1787601
1790246
1792961
1795677
1798391
1801053
1803668
1806349
1809134
1811798
1814419
1817182
1819940
1822574
1825331
1828040
1830702
1833395
1836063
1838861
1841576
1844251
1847010
1849657
1852415
1855183
1857852
1860527
1863315
1866060
1868768
1871523
1874268
1876995
1879674
1882434
1885170
1887904
1890664
1893502
1896240
1898934
1901703
1904483
1907285
1909949
1912766
1915531
1918329
1921087
1923826
1926609
1929333
1932143
1935003
1937770
1940464
1943298
1946138
1948922
1951609
1954429
1957263
1960107
1962922
1965675
1968542
1971235
1974101
1976866
1979652
1982508
1985361
1988141
1991024
1993781
1996635
1999409
2002337
2005059
2007970
2010726
2013629
2016493
2019263
2022131
2024961
2027813
2030711
2033478
2036329
2039270
2042068
2044938
2047787
2050629
2053575
2056372
2059250
2062115
2064991
2067848
2070760
2073678
2076526
2079506
2082365
2085223
2088157
2090977
2093899
2096774
2099641
2102635
2105540
2108366
2111248
2114144
2117124
2120037
2122879
2125840
2128701
2131633
2134611
2137466
2140384
2143329
2146240
2149172
2152141
2155061
2157981
2160991
2163957
2166825
2169796
2172741
2175753
2178608
2181655
2184535
2187519
2190423
2193404
2196398
2199350
2202315
2205327
2208214
2211305
2214252
2217191
2220114
2223198
2226081
2229085
2232168
2235076
2238067
2241014
2244083
2247066
2250001
2253029
2256042
2259051
2262087
2265128
2268039
2271152
2274126
2277136
2280138
2283183
2286242
2289281
2292319
2295358
2298303
2301406
2304451
2307492
2310444
2313582
2316565
2319567
2322586
2325696
2328765
2331767
2334836
2337866
2341003
2344015
2347053
2350206
2353252
2356325
2359349
2362445
2365504
2368636
2371731
2374755
2377774
2380911
2383955
2387135
2390145
2393275
2396388
2399414
2402530
2405706
2408834
2411921
2414916
2418165
2421152
2424338
2427375
2430525
2433690
2436835
2439942
2443065
2446160
2449253
2452409
2455606
2458728
2461851
2464966
2468109
2471324
2474405
2477582
2480642
2483819
2487064
2490167
2493345
2496405
2499651
2502790
2506000
2509091
2512267
2515481
2518596
2521851
2525017
2528171
2531335
2534508
2537676
2540843
2544133
2547247
2550446
2553687
2556912
2560103
2563207
2566440
2569709
2572874
2576143
2579353
2582551
2585775
2588915
2592139
2595413
2598644
2601850
2605057
2608360
2611579
2614692
2617943
2621248
2624475
2627707
2631001
2634248
2637445
2640750
2643961
2647229
2650522
2653666
2656968
2660235
2663455
2666769
2669987
2673314
2676528
2679894
2683068
2686440
2689735
2692920
2696232
2699541
2702856
2706130
2709400
2712709
2715988
2719280
2722544
2725818
2729225
2732428
2735852
2739073
2742456
2745727
2748969
2752372
2755679
2758971
2762266
2765655
2769002
2772254
2775565
2779003
2782235
2785594
2788990
2792244
2795633
2799064
2802347
2805651
2809073
2812460
2815787
2819056
2822467
2825884
2829156
2832535
2835974
2839226
2842666
2846064
2849400
2852772
2856119
2859616
2862965
2866266
2869715
2873066
2876463
2879897
2883216
2886635
2890097
2893480
2896818
2900331
2903687
2907110
2910442
2913850
2917338
2920766
2924116
2927638
2931009
2934393
2937935
2941266
2944682
2948155
2951636
2955019
2958518
2961949
2965310
2968781
2972301
2975730
2979145
2982558
2986010
2989523
2992964
2996461
2999842
3003343
3006811
3010290
3013835
3017206
3020710
3024167
3027722
3031164
3034585
3038094
3041643
3045161
3048578
3052118
3055564
3059032
3062524
3066012
3069643
3073060
3076579
3080123
3083668
3087182
3090691
3094216
3097648
3101145
3104712
3108211
3111774
3115348
3118863
3122340
3125842
3129391
3132997
3136557
3140073
3143623
3147094
3150655
3154264
3157785
3161423
3164965
3168464
3172101
3175659
3179125
3182680
3186256
3189930
3193501
3197084
3200640
3204224
3207702
3211383
3214874
3218499
3222056
3225741
3229212
3232862
3236520
3240010
3243732
3247296
3250908
3254499
3258112
3261765
3265253
3268864
3272583
3276228
3279785
3283443
3287065
3290697
3294348
3297959
3301581
3305236
3308862
3312444
3316111
3319806
3323469
3327047
3330644
3334304
3337982
3341606
3345303
3348929
3352569
3356274
3360011
3363664
3367334
3370938
3374639
3378357
3381963
3385629
3389355
3393071
3396753
3400339
3404066
3407800
3411516
3415237
3418831
3422565
3426212
3429980
3433629
3437324
3441029
3444775
3448461
3452198
3455919
3459674
3463360
3467090
3470893
3474514
3478355
3482047
3485725
3489458
3493198
3496979
3500704
3504496
3508148
3511901
3515740
3519436
3523214
3526939
3530667
3534491
3538281
3541961
3545713
3549573
3553246
3557001
3560782
3564577
3568360
3572127
3575964
3579742
3583499
3587301
3591098
3594829
3598741
3602513
3606248
3610002
3613822
3617715
3621499
3625256
3629137
3632875
3636749
3640518
3644375
3648227
3652043
3655792
3659709
3663399
3667247
3671075
3675016
3678735
3682613
3686542
3690280
3694220
3698007
3701841
3705659
3709603
3713407
3717326
3721110
3725002
3728762
3732715
3736535
3740424
3744356
3748111
3752076
3755909
3759766
3763658
3767530
3771364
3775355
3779182
3783029
3787044
3790874
3794811
3798741
3802594
3806508
3810316
3814272
3818134
3822078
3826033
3829851
3833871
3837753
3841647
3845587
3849493
3853507
3857408
3861342
3865259
3869192
3873105
3876986
3881025
3884981
3888858
3892854
3896755
3900721
3904681
3908594
3912622
3916511
3920438
3924450
3928334
3932315
3936265
3940253
3944275
3948251
3952174
3956164
3960230
3964158
3968150
3972085
3976085
3980056
3984027
3988018
3992115
3996093
4000034
4004070
4008069
4012093
4016043
4020027
4024073
4028182
4032107
4036089
4040136
4044202
4048241
4052191
4056303
4060307
4064306
4068308
4072464
4076417
4080462
4084568
4088593
4092653
4096597
4100640
4104689
4108737
4112784
4116965
4121000
4124995
4129074
4133112
4137250
4141302
4145297
4149501
4153487
4157565
4161716
4165736
4169889
4173920
4178013
4182090
4186245
4190336
4194388
4198504
4202516
4206723
4210791
4214935
4219020
4223109
4227277
4231342
4235456
4239623
4243674
4247747
4251853
4256069
4260121
4264329
4268390
4272515
4276693
4280815
4284970
4289083
4293269
4297357
4301565
4305645
4309869
4314005
4318207
4322251
4326412
4330701
4334856
4338988
4343179
4347294
4351413
4355666
4359763
4364006
4368196
4372350
4376575
4380731
4384862
4389161
4393259
4397446
4401623
4405889
4410067
4414266
4418510
4422618
4426909
4431078
4435265
4439492
4443769
4448010
4452129
4456438
4460670
4464907
4469045
4473307
4477520
4481731
4485960
4490221
4494528
4498750
4502989
4507201
4511424
4515757
4519942
4524196
4528386
4532702
4536912
4541230
4545527
4549807
4554010
4558278
4562500
4566853
4571117
4575430
4579646
4583983
4588223
4592478
4596833
4601110
4605427
4609747
4614031
4618205
4622531
4626913
4631217
4635545
4639758
4644162
4648461
4652733
4657025
4661384
4665721
4669970
4674249
4678650
4682897
4687285
4691667
4695894
4700344
4704602
4708991
4713264
4717703
4722055
4726328
4730699
4735044
4739468
4743729
4748094
4752519
4756837
4761265
4765579
4769925
4774241
4778656
4782997
4787444
4791843
4796231
4800536
4804892
4809362
4813772
4818054
4822446
4826889
4831215
4835608
4840121
4844479
4848834
4853307
4857677
4862083
4866441
4870979
4875318
4879707
4884116
4888551
4893046
4897383
4901892
4906229
4910687
4915103
4919556
4924068
4928512
4932981
4937303
4941869
4946262
4950757
4955079
4959645
4964053
4968574
4972999
4977385
4981892
4986418
4990854
4995330
4999716
5004248
5008736
5013195
5017705
5022189
5026644
5031113
5035635
5040035
5044560
5049115
5053528
5058054
5062570
5067137
5071530
5076075
5080625
5085137
5089591
5094137
5098649
5103181
5107654
5112162
5116744
5121291
5125699
5130280
5134841
5139312
5143958
5148371
5152973
5157513
5162079
5166658
5171188
5175652
5180315
5184743
5189417
5193980
5198467
5203021
5207632
5212182
5216782
5221300
5225858
5230383
5235083
5239644
5244191
5248732
5253404
5257897
5262442
5267025
5271696
5276276
5280946
5285448
5290078
5294673
5299324
5303815
5308474
5313090
5317669
5322280
5326943
5331504
5336127
5340843
5345403
5350105
5354644
5359244
5363900
5368575
5373157
5377777
5382466
5387141
5391751
5396392
5401101
5405675
5410315
5414967
5419701
5424279
5428985
5433589
5438310
5442927
5447590
5452227
5457000
5461612
5466253
5470937
5475666
5480317
5485103
5489751
5494341
5499045
5503837
5508434
5513211
5517931
5522542
5527207
5531992
5536694
5541362
5546095
5550871
5555534
5560272
5564967
5569700
5574347
5579158
5583812
5588561
5593350
5597977
5602691
5607425
5612191
5617037
5621685
5626427
5631262
5635879
5640673
5645506
5650253
5654958
5659735
5664511
5669253
5674000
5678745
5683490
5688347
5693098
5697772
5702585
5707364
5712189
5717022
5721734
5726485
5731253
5736136
5740953
5745648
5750493
5755340
5760045
5764884
5769644
5774497
5779266
5784068
5788973
5793686
5798488
5803325
5808207
5813032
5817880
5822609
5827421
5832228
5837076
5841992
5846730
5851598
5856404
5861312
5866095
5870979
5875884
5880653
5885494
5890407
5895227
5900124
5904974
5909850
5914647
5919579
5924390
5929298
5934229
5938973
5943930
5948854
5953624
5958531
5963466
5968385
5973227
5978128
5983056
5987896
5992743
5997604
6002600
6007444
6012379
6017320
6022185
6027041
6032051
6036912
6041858
6046697
6051603
6056547
6061525
6066372
6071388
6076316
6081232
6086172
6091096
6096100
6100949
6105937
6110830
6115856
6120766
6125738
6130639
6135616
6140517
6145544
6150466
6155470
6160446
6165406
6170333
6175274
6180329
6185195
6190232
6195182
6200142
6205173
6210127
6215148
6220131
6225037
6230063
6235013
6240099
6245096
6250000
6255122
6260053
6265032
6270097
6275140
6280148
6285051
6290099
6295203
6300181
6305222
6310232
6315229
6320248
6325248
6330341
6335331
6340349
6345392
6350503
6355508
6360583
6365552
6370718
6375676
6380712
6385751
6390815
6395948
6401018
6405969
6411085
6416113
6421187
6426225
6431411
6436488
6441565
6446528
6451698
6456740
6461848
6466893
6472031
6477161
6482159
6487223
6492316
6497469
6502521
6507692
6512815
6517929
6523007
6528111
6533140
6538376
6543472
6548492
6553667
6558804
6563863
6569074
6574179
6579251
6584461
6589544
6594627
6599844
6604938
6610142
6615302
6620452
6625597
6630695
6635868
6641069
6646168
6651345
6656441
6661642
6666777
6672017
6677114
6682345
6687467
6692607
6697824
6702958
6708150
6713285
6718584
6723694
6728921
6734086
6739288
6744456
6749696
6754876
6760106
6765332
6770413
6775666
6780903
6786132
6791364
6796485
6801768
6806926
6812217
6817324
6822671
6827772
6833103
6838243
6843579
6848725
6853957
6859221
6864473
6869700
6874924
6880155
6885480
6890751
6895963
6901162
6906390
6911654
6916984
6922250
6927425
6932783
6937959
6943313
6948554
6953876
6959144
6964459
6969729
6974931
6980281
6985538
6990789
6996107
7001399
7006642
7012022
7017317
7022569
7027825
7033112
7038519
7043766
7049138
7054405
7059787
7065086
7070356
7075608
7080985
7086384
7091697
7097030
7102226
7107605
7112938
7118308
7123686
7128920
7134311
7139617
7145067
7150292
7155711
7161029
7166429
7171780
7177069
7182449
7187902
7193176
7198547
7203964
7209327
7214600
7219979
7225417
7230847
7236162
7241538
7246911
7252308
7257654
7263039
7268452
7273876
7279267
7284722
7290026
7295461
7300852
7306268
7311647
7317066
7322438
7327933
7333381
7338755
7344188
7349544
7355017
7360509
7365877
7371239
7376731
7382150
7387549
7393086
7398445
7403928
7409299
7414797
7420179
7425635
7431159
7436569
7442037
7447563
7453037
7458440
7463863
7469331
7474894
7480295
7485755
7491286
7496774
7502154
7507648
7513156
7518621
7524170
7529584
7535139
7540628
7546133
7551537
7557138
7562582
7568055
7573585
7579082
7584638
7590085
7595619
7601111
7606640
7612218
7617618
7623191
7628717
7634202
7639785
7645294
7650860
7656294
7661843
7667452
7672939
7678508
7683984
7689601
7695098
7700673
7706195
7711863
7717289
7722869
7728528
7734048
7739606
7745131
7750674
7756263
7761874
7767446
7773020
7778533
7784171
7789775
7795346
7800970
7806564
7812029
7817663
7823274
7828814
7834467
7840132
7845626
7851313
7856941
7862489
7868156
7873674
7879317
7884962
7890524
7896197
7901780
7907451
7912981
7918697
7924326
7929906
7935502
7941159
7946888
7952425
7958148
7963762
7969412
7975037
7980664
7986364
7992013
7997688
8003315
8009026
8014655
8020299
8025981
8031615
8037349
8042953
8048666
8054293
8059933
8065717
8071284
8077012
8082730
8088352
8094150
8099755
8105451
8111242
8116875
8122526
8128221
8133918
8139690
8145420
8151100
8156856
8162474
8168180
8173939
8179675
8185463
8191172
8196776
8202564
8208269
8214063
8219814
8225566
8231174
8237013
8242757
8248520
8254147
8259930
8265753
8271377
8277198
8282911
8288780
8294400
8300215
8306060
8311823
8317567
8323298
8329062
8334857
8340642
8346380
8352222
8357911
8363698
8369556
8375249
8381127
8386825
8392729
8398488
8404328
8410109
8415832
8421680
8427511
8433265
8439155
8444923
8450675
8456496
8462372
8468123
8473953
8479746
8485585
8491538
8497314
8503145
8508931
8514734
8520581
8526501
8532374
8538110
8544064
8549873
8555640
8561571
8567411
8573295
8579053
8584966
8590838
8596667
8602631
8608393
8614294
8620201
8626069
8631939
8637858
8643648
8649599
8655367
8661275
8667246
8673027
8679031
8684841
8690724
8696703
8702528
8708522
8714396
8720239
8726206
8732071
8737981
8743867
8749869
8755694
8761630
8767549
8773511
8779419
8785324
8791305
8797275
8803222
8809061
8815008
8821004
8826903
8832926
8838836
8844740
8850734
8856661
8862542
8868602
8874547
8880515
8886364
8892384
8898353
8904266
8910232
8916282
8922224
8928145
8934169
8940145
8946089
8952141
8958161
8964094
8970106
8976065
8982019
8988051
8994063
9000057
9006128
9012104
9018065
9024083
9030047
9036178
9042059
9048099
9054198
9060192
9066128
9072240
9078297
9084243
9090307
9096368
9102422
9108462
9114474
9120415
9126457
9132605
9138597
9144680
9150637
9156682
9162739
9168925
9174870
9180948
9187017
9193038
9199095
9205244
9211306
9217324
9223456
9229511
9235560
9241637
9247816
9253810
9259959
9266057
9272118
9278165
9284299
9290363
9296421
9302560
9308651
9314740
9320824
9327034
9333165
9339139
9345349
9351490
9357483
9363706
9369753
9375902
9382089
9388110
9394228
9400390
9406507
9412691
9418863
9424957
9431121
9437278
9443432
9449523
9455697
9461805
9468002
9474222
9480305
9486493
9492593
9498839
9504995
9511103
9517291
9523475
9529619
9535744
9541984
9548152
9554387
9560535
9566735
9572919
9579086
9585282
9591526
9597683
9603910
9610052
9616337
9622450
9628613
9634912
9641095
9647288
9653550
9659664
9665929
9672241
9678390
9684600
9690858
9697028
9703328
9709469
9715801
9722053
9728174
9734408
9740656
9747003
9753208
9759453
9765660
9772016
9778129
9784393
9790717
9796985
9803199
9809469
9815821
9821998
9828366
9834531
9840839
9847119
9853356
9859694
9865954
9872244
9878456
9884756
9891138
9897402
9903618
9909962
9916250
9922641
9928867
9935168
9941526
9947837
9954166
9960345
9966743
9973082
9979418
9985627
9991981
9998276
10004641
10010921
10017275
10023602
10029949
10036321
10042658
10048971
10055265
10061587
10067938
10074308
10080767
10087074
10093423
10099692
10106054
10112400
10118767
10125179
10131553
10137955
10144258
10150635
10157053
10163471
10169854
10176155
10182611
10188890
10195312
10201671
10208077
10214506
10220866
10227292
10233645
10240130
10246537
10252872
10259342
10265737
10272101
10278569
10284901
10291292
10297798
10304165
10310549
10317044
10323465
10329865
10336281
10342785
10349197
10355641
10362050
10368498
10374870
10381336
10387829
10394268
10400712
10407085
10413544
10420104
10426515
10432959
10439468
10445867
10452393
10458829
10465365
10471709
10478232
10484693
10491162
10497614
10504195
10510610
10517163
10523603
10530140
10536519
10543038
10549560
10556121
10562594
10569131
10575629
10582012
10588603
10595076
10601602
10608122
10614630
10621124
10627604
10634247
10640770
10647192
10653759
10660281
10666776
10673365
10679920
10686430
10692994
10699551
10706000
10712669
10719157
10725684
10732288
10738813
10745348
10751866
10758438
10764976
10771536
10778109
10784674
10791324
10797867
10804429
10810949
10817659
10824179
10830809
10837361
10843911
10850444
10857042
10863710
10870213
10876873
10883448
10890073
10896621
10903337
10909874
10916433
10923096
10929760
10936354
10942996
10949526
10956206
10962748
10969380
10976063
10982619
10989255
10995907
11002584
11009214
11015793
11022466
11029043
11035702
11042349
11049040
11055651
11062289
11069064
11075615
11082323
11088915
11095641
11102303
11108895
11115559
11122321
11128973
11135672
11142279
11148963
11155606
11162422
11169033
11175667
11182429
11189118
11195765
11202529
11209125
11215916
11222509
11229288
11236022
11242636
11249399
11256040
11262766
11269545
11276171
11282942
11289611
11296344
11303161
11309859
11316525
11323345
11329976
11336771
11343505
11350216
11357025
11363704
11370437
11377156
11383957
11390747
11397472
11404235
11410983
11417734
11424479
11431246
11437961
11444743
11451568
11458345
11465065
11471911
11478593
11485398
11492136
11498942
11505740
11512460
11519244
11526106
11532923
11539637
11546424
11553246
11560059
11566922
11573688
11580498
11587222
11594167
11600904
11607727
11614569
11621282
11628129
11634962
11641830
11648611
11655491
11662280
11669195
11676030
11682755
11689606
11696451
11703284
11710190
11717056
11723830
11730716
11737541
11744467
11751279
11758102
11764916
11771773
11778664
11785590
11792457
11799247
11806196
11812971
11819920
11826759
11833603
11840586
11847420
11854338
11861260
11868152
11875037
11881929
11888829
11895729
11902522
11909434
11916332
11923314
11930252
11937084
11943989
11950907
11957818
11964805
11971696
11978591
11985580
11992481
11999300
12006295
12013266
12020169
12027073
12034004
12041019
12047893
12054909
12061761
12068794
12075731
12082711
12089601
12096567
12103559
12110433
12117466
12124332
12131326
12138299
12145346
12152292
12159265
12166156
12173247
12180178
12187189
12194094
12201096
12208113
12215059
12222110
12229053
12236095
12243001
12250064
12257068
12264032
12271055
12278091
12285147
12292164
12299116
12306091
12313149
12320118
12327181
12334150
12341172
12348270
12355275
12362380
12369292
12376446
12383497
12390530
12397474
12404562
12411665
12418633
12425637
12432703
12439737
12446817
12453959
12461027
12468034
12475042
12482220
12489275
12496294
12503383
12510449
12517557
12524611
12531605
12538788
12545891
12552979
12560046
12567083
12574129
12581276
12588365
12595537
12602561
12609625
12616706
12623948
12630933
12638084
12645263
12652270
12659407
12666617
12673715
12680748
12687910
12695079
12702231
12709243
12716392
12723544
12730722
12737886
12744902
12752120
12759250
12766458
12773543
12780658
12787820
12795009
12802185
12809347
12816449
12823699
12830830
12837941
12845166
12852349
12859507
12866639
12873746
12880933
12888164
12895398
12902479
12909755
12916920
12924151
12931341
12938506
12945642
12952857
12960055
12967242
12974540
12981730
12988819
12996061
13003367
13010497
13017756
13024946
13032230
13039463
13046604
13053862
13061023
13068228
13075506
13082827
13089997
13097213
13104526
13111754
13118911
13126247
13133453
13140712
13147977
13155188
13162425
13169757
13176991
13184234
13191557
13198773
13206007
13213361
13220616
13227808
13235061
13242391
13249704
13256885
13264209
13271589
13278810
13286097
13293316
13300733
13307947
13315251
13322534
13329828
13337124
13344446
13351837
13359122
13366436
13373704
13381096
13388399
13395628
13403002
13410292
13417587
13425037
13432300
13439687
13446984
13454339
13461566
13469041
13476293
13483713
13490972
13498302
13505685
13513067
13520355
13527725
13535175
13542452
13549812
13557261
13564562
13571920
13579340
13586599
13594110
13601372
13608833
13616216
13623513
13630914
13638389
13645663
13653049
13660488
13667824
13675323
13682621
13690020
13697518
13704853
13712215
13719752
13727100
13734478
13741933
13749341
13756741
13764152
13771651
13779055
13786415
13793856
13801234
13808794
13816128
13823531
13831103
13838408
13845940
13853291
13860763
13868272
13875659
13883135
13890554
13898033
13905452
13912922
13920407
13927953
13935360
13942784
13950323
13957699
13965216
13972660
13980201
13987707
13995149
14002631
14010100
14017626
14025128
14032552
14040070
14047504
14055044
14062560
14070128
14077646
14085053
14092535
14100096
14107614
14115127
14122661
14130185
14137689
14145240
14152770
14160220
14167743
14175355
14182763
14190315
14197858
14205384
14213006
14220582
14228051
14235560
14243102
14250639
14258286
14265791
14273336
14280951
14288482
14296049
14303619
14311146
14318788
14326315
14333925
14341437
14348969
14356580
14364105
14371771
14379275
14386980
14394554
14402059
14409734
14417310
14424864
14432411
14440100
14447624
14455331
14462833
14470446
14478035
14485650
14493390
14500937
14508547
14516184
14523733
14531475
14538981
14546665
14554345
14561958
14569520
14577169
14584888
14592490
14600091
14607735
14615430
14622990
14630627
14638411
14646062
14653687
14661293
14669019
14676621
14684276
14691992
14699616
14707307
14714986
14722619
14730300
14737941
14745693
14753422
14760972
14768730
14776346
14784078
14791774
14799522
14807189
14814881
14822573
14830233
14838010
14845709
14853426
14861146
14868838
14876551
14884251
14891943
14899731
14907384
14915142
14922809
14930519
14938359
14946054
14953802
14961442
14969173
14977009
14984752
14992394
15000222
15007901
15015764
15023380
15031188
15038993
15046706
15054539
15062177
15069997
15077768
15085572
15093265
15101053
15108845
15116663
15124441
15132214
15139964
15147704
15155495
15163359
15171064
15178829
15186663
15194533
15202232
15210066
15217896
15225722
15233461
15241238
15249144
15256861
15264651
15272500
15280415
15288167
15295929
15303870
15311685
15319483
15327325
15335189
15343009
15350733
15358646
15366497
15374340
15382109
15390042
15397778
15405749
15413486
15421464
15429219
15437180
15445042
15452839
15460691
15468607
15476462
15484290
15492166
15500100
15507911
15515827
15523699
15531591
15539479
15547331
15555196
15563060
15570931
15578859
15586717
15594625
15602635
15610487
15618428
15626226
15634173
15642127
15650077
15657892
15665858
15673690
15681639
15689615
15697531
15705451
15713341
15721252
15729161
15737204
15745039
15753009
15760979
15768931
15776919
15784756
15792706
15800677
15808638
15816550
15824586
15832492
15840446
15848431
15856462
15864316
15872343
15880253
15888325
15896230
15904215
15912202
15920170
15928167
15936072
15944183
15952037
15960078
15968034
15976134
15984029
15992010
16000031
16008081
16016080
16024151
16032123
16040107
16048087
16056052
16064167
16072091
16080154
16088127
16096200
16104194
16112205
16120225
16128309
16136428
16144361
16152461
16160453
16168524
16176527
16184566
16192650
16200646
16208766
16216797
16224787
16232932
16240954
16248971
16257053
16265219
16273165
16281337
16289341
16297405
16305559
16313526
16321622
16329684
16337776
16345927
16353964
16362046
16370170
16378267
16386440
16394492
16402515
16410623
16418736
16426844
16434975
16443107
16451168
16459374
16467491
16475516
16483674
16491735
16499866
16508048
16516216
16524232
16532404
16540511
16548668
16556901
16564927
16573107
16581184
16589344
16597478
16605629
16613789
16621985
16630146
16638366
16646524
16654615
16662729
16670902
16679121
16687265
16695467
16703666
16711767
16719976
16728232
16736378
16744509
16752779
16760869
16769047
16777354
16785466
16793648
16801816
16810030
16818249
16826485
16834615
16842879
16851084
16859247
16867501
16875780
16883930
16892135
16900394
16908623
16916785
16925058
16933226
16941512
16949822
16958022
16966240
16974422
16982705
16990917
16999196
17007427
17015667
17023966
17032151
17040460
17048775
17056937
17065267
17073463
17081808
17090045
17098304
17106507
17114869
17123175
17131424
17139725
17148023
17156197
17164511
17172751
17181120
17189355
17197681
17205990
17214339
17222508
17230885
17239163
17247427
17255724
17264111
17272372
17280747
17289073
17297369
17305666
17313924
17322296
17330650
17338994
17347366
17355573
17363999
17372298
17380686
17388970
17397273
17405708
17414033
17422346
17430765
17439032
17447439
17455729
17464159
17472481
17480814
17489183
17497629
17505903
17514293
17522679
17531029
17539486
17547746
17556105
17564522
17572893
17581282
17589759
17598128
17606447
17614925
17623274
17631682
17640074
17648518
17656894
17665241
17673694
17682042
17690465
17698959
17707367
17715731
17724162
17732562
17741023
17749490
17757834
17766352
17774678
17783187
17791544
17800102
17808523
17816866
17825323
17833857
17842235
17850763
17859165
17867595
17876072
17884576
17893024
17901499
17909933
17918360
17926783
17935245
17943760
17952201
17960751
17969146
17977682
17986107
17994630
18003068
18011540
18020106
18028638
18037012
18045516
18054143
18062501
18071112
18079528
18088025
18096613
18105084
18113667
18122068
18130690
18139157
18147611
18156204
18164715
18173266
18181707
18190300
18198873
18207340
18215931
18224442
18232976
18241488
18250091
18258648
18267142
18275713
18284233
18292774
18301375
18309886
18318420
18327029
18335537
18344133
18352740
18361311
18369876
18378441
18387049
18395560
18404224
18412774
18421386
18429878
18438483
18447134
18455720
18464349
18472821
18481445
18490079
18498695
18507295
18515828
18524462
18533158
18541719
18550328
18558875
18567488
18576224
18584752
18593419
18602106
18610648
18619361
18627937
18636621
18645165
18653780
18662428
18671183
18679796
18688336
18697004
18705641
18714392
18723037
18731717
18740350
18748909
18757630
18766260
18774966
18783620
18792307
18800963
18809693
18818262
18827000
18835731
18844399
18853050
18861689
18870425
18879163
18887725
18896412
18905231
18913827
18922522
18931332
18939929
18948720
18957454
18966054
18974839
18983536
18992301
19000974
19009630
19018444
19027182
19035835
19044553
19053285
19061962
19070789
19079465
19088161
19096912
19105646
19114479
19123228
19131921
19140666
19149446
19158159
19166928
19175672
19184457
19193203
19201943
19210771
19219466
19228359
19237084
19245883
19254598
19263379
19272164
19280965
19289702
19298509
19307244
19316096
19324912
19333742
19342433
19351314
19360109
19368842
19377698
19386470
19395356
19404141
19412914
19421717
19430467
19439379
19448175
19456981
19465885
19474663
19483515
19492352
19501141
19509953
19518798
19527677
19536498
19545380
19554141
19563066
19571808
19580666
19589517
19598433
19607215
19616111
19624950
19633878
19642736
19651490
19660391
19669310
19678213
19687059
19695973
19704842
19713645
19722542
19731378
19740268
19749268
19758158
19766920
19775859
19784734
19793679
19802523
19811506
19820354
19829290
19838191
19847083
19856034
19864965
19873783
19882787
19891644
19900590
19909524
19918501
19927343
19936316
19945206
19954110
19963062
19971998
19981018
19989925
19998858
20007862
20016779
20025688
20034675
20043612
20052598
20061547
20070419
20079498
20088392
20097334
20106307
20115225
20124300
20133295
20142260
20151244
20160189
20169217
20178090
20187075
20196161
20205098
20214133
20223018
20232074
20241133
20250046
20259047
20268053
20277129
20286052
20295153
20304053
20313184
20322133
20331212
20340198
20349185
20358245
20367311
20376305
20385354
20394398
20403335
20412436
20421453
20430403
20439475
20448569
20457558
20466636
20475669
20484754
20493739
20502837
20511846
20521018
20530036
20539075
20548113
20557184
20566288
20575306
20584390
20593500
20602600
20611609
20620811
20629883
20638936
20648042
20657086
20666165
20675314
20684412
20693538
20702530
20711712
20720732
20729901
20739032
20748089
20757272
20766300
20775438
20784503
20793632
20802771
20811917
20821053
20830146
20839302
20848360
20857549
20866723
20875797
20885015
20894125
20903184
20912420
20921504
20930731
20939905
20948982
20958128
20967335
20976447
20985636
20994786
21003940
21013080
21022260
21031511
21040705
21049806
21058968
21068234
21077375
21086537
21095689
21104847
21114148
21123333
21132544
21141621
21150874
21160004
21169309
21178419
21187613
21196849
21206044
21215322
21224468
21233737
21242988
21252213
21261417
21270583
21279777
21289001
21298264
21307475
21316785
21325932
21335242
21344400
21353759
21362892
21372178
21381391
21390645
21399882
21409261
21418396
21427783
21436939
21446296
21455531
21464743
21474072
21483365
21492545
21501828
21511179
21520419
21529623
21538962
21548216
21557487
21566825
21576058
21585369
21594717
21604033
21613262
21622522
21631907
21641140
21650440
21659847
21669052
21678363
21687762
21696981
21706296
21715712
21724977
21734251
21743622
21752982
21762348
21771582
21781024
21790240
21799580
21808991
21818256
21827684
21837048
21846306
21855672
21865104
21874412
21883815
21893131
21902521
21911891
21921177
21930622
21939874
21949243
21958614
21967990
21977475
21986732
21996136
22005582
22014907
22024268
22033647
22043154
22052416
22061846
22071301
22080736
22090032
22099422
22108811
22118342
22127732
22137038
22146449
22155926
22165361
22174801
22184125
22193572
22203051
22212423
22221837
22231350
22240728
22250148
22259527
22269022
22278446
22287856
22297422
22306818
22316211
22325750
22335127
22344540
22354122
22363566
22372903
22382389
22391827
22401418
22410893
22420321
22429696
22439176
22448674
22458194
22467727
22477112
22486688
22496117
22505622
22515047
22524566
22534143
22543562
22553031
22562528
22572105
22581525
22591032
22600567
22610081
22619660
22629151
22638607
22648201
22657684
22667143
22676768
22686233
22695705
22705319
22714892
22724417
22733901
22743503
22752958
22762502
22772015
22781568
22791181
22800718
22810213
22819742
22829368
22838936
22848419
22858074
22867581
22877105
22886768
22896333
22905845
22915463
22924987
22934613
22944147
22953785
22963379
22972853
22982437
22992125
23001714
23011322
23020889
23030433
23040112
23049601
23059273
23068928
23078431
23088057
23097705
23107301
23116885
23126492
23136105
23145737
23155468
23165007
23174628
23184318
23193978
23203570
23213144
23222783
23232407
23242108
23251786
23261451
23271023
23280704
23290355
23299931
23309633
23319381
23328934
23338580
23348364
23357993
23367694
23377356
23387008
23396634
23406284
23416054
23425652
23435326
23444970
23454658
23464419
23474063
23483794
23493447
23503200
23512900
23522561
23532304
23542046
23551748
23561398
23571072
23580812
23590586
23600213
23610006
23619734
23629381
23639164
23648876
23658636
23668341
23678051
23687798
23697438
23707272
23716999
23726683
23736517
23746210
23755927
23765674
23775471
23785258
23794972
23804689
23814461
23824167
23833932
23843750
23853577
23863291
23873080
23882823
23892580
23902454
23912137
23921884
23931690
23941582
23951346
23961048
23970922
23980647
23990536
24000297
24010007
24019865
24029742
24039549
24049218
24059071
24068858
24078747
24088473
24098391
24108103
24117991
24127836
24137700
24147527
24157296
24167086
24176961
24186849
24196628
24206439
24216379
24226154
24235994
24245905
24255639
24265541
24275397
24285236
24295095
24305041
24314796
24324719
24334625
24344364
24354322
24364112
24374000
24383872
24393746
24403741
24413489
24423459
24433340
24443275
24453085
24462935
24472835
24482812
24492721
24502569
24512524
24522396
24532349
24542138
24552079
24561947
24571936
24581886
24591720
24601717
24611641
24621495
24631438
24641386
24651284
24661156
24671195
24681090
24690989
24701007
24710906
24720820
24730764
24740808
24750633
24760671
24770656
24780495
24790478
24800504
24810441
24820341
24830318
24840309
24850240
24860279
24870209
24880246
24890184
24900180
24910158
24920080
24930156
24940158
24950131
24960039
24970131
24980049
24990067
25000127
25010010
25020111
25030148
25040061
25050121
25060160
25070165
25080144
25090216
25100110
25110138
25120192
25130173
25140219
25150327
25160275
25170395
25180466
25190483
25200426
25210496
25220516
25230548
25240595
25250636
25260801
25270748
25280894
25290845
25300985
25311055
25321037
25331138
25341246
25351283
25361417
25371440
25381476
25391555
25401639
25411699
25421791
25431937
25441958
25452075
25462139
25472227
25482318
25492542
25502640
25512617
25522734
25532814
25542951
25553074
25563271
25573386
25583408
25593583
25603741
25613850
25623897
25634099
25644107
25654345
25664378
25674621
25684648
25694791
25704923
25715105
25725232
25735380
25745604
25755672
25765877
25776056
25786149
25796356
25806525
25816599
25826832
25836901
25847099
25857225
25867434
25877580
25887857
25898003
25908214
25918368
25928509
25938649
25948911
25959081
25969312
25979506
25989650
25999922
26010127
26020246
26030422
26040617
26050888
26061028
26071267
26081480
26091770
26101977
26112222
26122409
26132654
26142856
26153073
26163354
26173520
26183804
26194065
26204171
26214430
26224753
26234982
26245204
26255464
26265631
26275984
26286171
26296487
26306771
26316920
26327224
26337456
26347703
26358003
26368330
26378513
26388848
26399156
26409420
26419608
26429948
26440208
26450568
26460748
26471122
26481397
26491661
26501949
26512280
26522562
26532853
26543128
26553545
26563843
26574138
26584478
26594717
26605095
26615359
26625655
26635929
26646361
26656633
26666918
26677247
26687558
26697904
26708301
26718675
26729014
26739302
26749622
26760063
26770289
26780651
26791041
26801424
26811738
26822151
26832407
26842878
26853262
26863521
26873966
26884348
26894717
26905055
26915368
26925830
26936121
26946561
26956957
26967388
26977756
26988116
26998553
27008931
27019286
27029648
27040069
27050430
27060912
27071292
27081755
27092147
27102546
27112910
27123338
27133821
27144105
27154578
27165058
27175369
27185885
27196283
27206755
27217132
27227525
27238085
27248528
27258982
27269321
27279807
27290313
27300758
27311078
27321636
27332096
27342525
27352911
27363375
27373937
27384409
27394853
27405335
27415771
27426209
27436672
27447246
27457638
27468090
27478603
27489177
27499546
27510130
27520535
27531094
27541509
27552021
27562566
27573111
27583642
27594088
27604561
27615133
27625605
27636073
27646637
27657095
27667708
27678181
27688672
27699248
27709709
27720327
27730778
27741377
27751942
27762387
27772946
27783454
27794020
27804615
27815194
27825647
27836224
27846866
27857391
27867870
27878534
27888968
27899663
27910218
27920718
27931243
27941866
27952501
27962986
27973521
27984103
27994688
28005325
28015857
28026498
28037075
28047726
28058269
28068943
28079462
28090087
28100643
28111255
28121908
28132520
28143051
28153757
28164258
28175003
28185542
28196115
28206827
28217388
28227980
28238664
28249332
28259885
28270628
28281196
28291808
28302539
28313092
28323739
28334362
28345035
28355718
28366360
28376931
28387595
28398297
28408964
28419635
28430298
28441004
28451586
28462261
28473013
28483696
28494265
28505034
28515621
28526293
28537041
28547715
28558360
28569027
28579722
28590438
28601245
28611879
28622577
28633315
28644009
28654717
28665439
28676166
28686770
28697489
28708164
28718902
28729696
28740361
28751139
28761773
28772627
28783350
28793996
28804770
28815533
28826198
28836928
28847748
28858434
28869210
28879882
28890675
28901435
28912141
28922939
28933699
28944466
28955269
28965929
28976717
28987505
28998329
29009022
29019853
29030546
29041324
29052205
29062979
29073683
29084507
29095314
29106152
29116832
29127703
29138469
29149303
29160132
29170870
29181670
29192424
29203223
29214097
29224901
29235716
29246548
29257377
29268201
29279047
29289806
29300675
29311526
29322336
29333123
29343903
29354776
29365630
29376536
29387375
29398085
29409060
29419801
29430680
29441591
29452370
29463191
29474055
29484900
29495876
29506707
29517531
29528486
29539316
29550210
29560997
29571978
29582752
29593724
29604573
29615378
29626292
29637191
29648146
29659047
29669907
29680815
29691617
29702501
29713505
29724311
29735330
29746184
29757057
29767969
29778890
29789814
29800697
29811631
29822547
29833575
29844459
29855365
29866343
29877170
29888129
29899146
29909966
29920948
29931921
29942881
29953767
29964799
29975753
29986592
29997616
30008544
30019568
30030504
30041422
30052388
30063400
30074271
30085358
30096316
30107193
30118151
30129148
30140141
30151119
30162117
30173078
30184164
30195147
30206140
30217128
30228143
30239104
30250124
30261045
30272044
30283088
30294074
30305165
30316100
30327124
30338148
30349205
30360159
30371142
30382162
30393269
30404329
30415234
30426346
30437375
30448358
30459458
30470513
30481492
30492595
30503671
30514656
30525697
30536774
30547766
30558832
30569911
30581017
30591991
30603114
30614222
30625241
30636230
30647402
30658375
30669524
30680569
30691707
30702797
30713833
30724950
30736009
30747060
30758227
30769348
30780425
30791522
30802569
30813668
30824733
30835846
30846959
30858110
30869245
30880390
30891463
30902615
30913668
30924794
30935984
30947103
30958159
30969307
30980495
30991516
31002688
31013814
31024951
31036045
31047186
31058425
31069582
31080676
31091884
31102979
31114131
31125303
31136404
31147677
31158854
31169898
31181185
31192255
31203466
31214640
31225748
31236947
31248162
31259329
31270563
31281708
31292875
31304164
31315333
31326420
31337746
31348840
31360064
31371227
31382447
31393675
31404914
31416150
31427329
31438512
31449696
31461021
31472226
31483357
31494633
31505858
31517017
31528300
31539551
31550781
31562047
31573260
31584518
31595683
31606888
31618180
31629454
31640644
31651899
31663181
31674414
31685663
31696967
31708232
31719448
31730800
31742069
31753347
31764589
31775833
31787087
31798423
31809637
31820883
31832278
31843552
31854803
31866161
31877327
31888628
31899989
31911335
31922594
31933861
31945114
31956483
31967827
31979113
31990429
32001783
32013080
32024380
32035732
32046962
32058271
32069582
32080905
32092366
32103668
32114967
32126262
32137573
32148937
32160316
32171717
32182938
32194311
32205682
32217097
32228376
32239736
32251104
32262438
32273764
32285247
32296513
32307933
32319293
32330708
32341996
32353379
32364783
32376202
32387482
32398967
32410379
32421769
32433113
32444544
32455911
32467346
32478624
32490090
32501438
32512878
32524289
32535638
32547135
32558549
32569849
32581397
32592703
32604139
32615525
32626945
32638507
32649825
32661303
32672719
32684206
32695605
32707036
32718436
32729882
32741360
32752868
32764180
32775667
32787136
32798661
32809986
32821501
32833031
32844453
32855897
32867327
32878762
32890296
32901820
32913288
32924691
32936235
32947718
32959167
32970659
32982144
32993593
33005125
33016547
33028130
33039578
33051089
33062529
33074112
33085609
33097090
33108599
33120134
33131659
33143169
33154638
33166206
33177613
33189159
33200719
33212255
33223773
33235282
33246889
33258347
33269833
33281398
33292906
33304544
33316083
33327630
33339132
33350638
33362234
33373792
33385394
33396949
33408408
33420076
33431600
33443203
33454709
33466361
33477876
33489403
33501033
33512652
33524235
33535783
33547290
33558892
33570481
33582128
33593716
33605220
33616823
33628511
33640024
33651602
33663274
33674908
33686518
33698151
33709724
33721385
33732910
33744537
33756201
33767752
33779372
33790980
33802717
33814283
33825979
33837523
33849192
33860830
33872422
33884101
33895712
33907378
33919080
33930674
33942285
33953966
33965644
33977245
33989023
34000621
34012229
34023940
34035572
34047308
34058906
34070673
34082320
34093954
34105736
34117292
34129004
34140671
34152477
34164043
34175772
34187530
34199156
34210925
34222523
34234276
34245945
34257636
34269440
34281146
34292812
34304558
34316180
34327993
34339714
34351436
34363073
34374888
34386519
34398246
34410016
34421699
34433549
34445273
34456919
34468760
34480483
34492188
34503993
34515722
34527429
34539159
34550935
34562746
34574530
34586235
34597937
34609717
34621557
34633338
34645122
34656779
34668624
34680439
34692198
34703932
34715754
34727552
34739239
34751115
34762940
34774648
34786480
34798284
34810128
34821896
34833663
34845493
34857346
34869034
34880851
34892689
34904503
34916347
34928221
34939947
34951885
34963680
34975426
34987300
34999137
35011021
35022786
35034579
35046507
35058258
35070129
35081960
35093897
35105650
35117597
35129407
35141248
35153095
35164918
35176786
35188749
35200542
35212466
35224313
35236158
35248094
35259948
35271798
35283624
35295539
35307443
35319271
35331162
35343135
35354990
35366917
35378803
35390737
35402602
35414441
35426433
35438214
35450187
35462108
35473966
35485874
35497902
35509751
35521655
35533534
35545540
35557406
35569363
35581264
35593281
35605194
35617164
35629023
35640940
35652862
35664904
35676848
35688696
35700629
35712638
35724599
35736572
35748579
35760439
35772408
35784359
35796314
35808308
35820307
35832281
35844227
35856251
35868201
35880205
35892100
35904133
35916083
35928068
35940161
35952089
35964142
35976079
35988071
36000052
36012116
36024071
36036038
36048107
36060112
36072045
36084179
36096197
36108178
36120225
36132150
36144146
36156186
36168251
36180255
36192355
36204405
36216389
36228400
36240453
36252468
36264542
36276651
36288637
36300691
36312768
36324839
36336840
36348865
36360913
36373045
36385139
36397169
36409269
36421264
36433297
36445468
36457470
36469655
36481653
36493689
36505785
36517904
36529937
36542077
36554178
36566285
36578329
36590528
36602615
36614655
36626715
36638815
36650925
36663073
36675208
36687326
36699379
36711585
36723677
36735749
36747889
36760018
36772204
36784360
36796421
36808574
36820715
36832852
36844977
36857042
36869260
36881403
36893509
36905702
36917878
36930024
36942095
36954368
36966479
36978687
36990738
37002955
37015165
37027248
37039510
37051607
37063845
37076050
37088219
37100316
37112478
37124670
37136897
37149123
37161348
37173535
37185645
37197881
37210074
37222295
37234462
37246616
37258841
37271116
37283297
37295552
37307707
37319953
37332163
37344419
37356575
37368846
37381017
37393365
37405532
37417824
37429936
37442195
37454497
37466772
37478930
37491240
37503504
37515708
37527918
37540247
37552450
37564724
37576955
37589277
37601434
37613802
37626056
37638236
37650533
37662787
37675158
37687377
37699666
37711915
37724175
37736546
37748847
37761033
37773411
37785630
37798023
37810284
37822531
37834874
37847175
37859486
37871733
37884057
37896353
37908709
37920971
37933340
37945719
37957960
37970277
37982675
37995024
38007358
38019673
38031912
38044351
38056650
38068955
38081291
38093683
38105996
38118280
38130669
38143027
38155404
38167749
38180045
38192415
38204857
38217201
38229551
38241863
38254296
38266691
38278969
38291451
38303799
38316160
38328540
38340981
38353342
38365658
38378128
38390475
38402949
38415306
38427644
38440062
38452534
38464897
38477227
38489649
38502122
38514474
38526934
38539270
38551784
38564189
38576542
38588977
38601511
38613856
38626265
38638726
38651101
38663564
38675971
38688490
38700941
38713354
38725770
38738202
38750717
38763196
38775614
38788049
38800496
38813004
38825488
38837869
38850343
38862878
38875304
38887824
38900186
38912665
38925255
38937697
38950167
38962695
38975179
38987621
39000049
39012519
39025141
39037540
39050044
39062642
39075104
39087624
39100078
39112517
39125147
39137674
39150146
39162605
39175141
39187609
39200123
39212665
39225223
39237729
39250344
39262889
39275307
39287936
39300491
39313028
39325507
39338057
39350621
39363105
39375760
39388293
39400761
39413408
39425970
39438452
39451060
39463613
39476118
39488658
39501291
39513804
39526509
39538964
39551570
39564133
39576710
39589292
39601903
39614496
39627086
39639646
39652259
39664883
39677520
39690014
39702641
39715246
39727896
39740524
39753073
39765691
39778331
39790944
39803517
39816145
39828853
39841480
39854079
39866733
39879363
39891890
39904492
39917235
39929791
39942428
39955042
39967720
39980385
39993032
40005721
40018393
40030991
40043706
40056270
40068914
40081697
40094269
40106946
40119613
40132355
40145001
40157681
40170289
40182939
40195606
40208371
40221091
40233767
40246394
40259146
40271805
40284477
40297228
40309858
40322598
40335330
40347938
40360743
40373334
40386091
40398823
40411561
40424269
40436948
40449717
40462440
40475104
40487908
40500529
40513318
40526082
40538803
40551487
40564189
40577009
40589686
40602503
40615222
40627896
40640659
40653447
40666214
40678986
40691670
40704518
40717194
40730058
40742698
40755481
40768234
40781072
40793857
40806665
40819359
40832112
40844953
40857678
40870498
40883304
40896049
40908958
40921660
40934518
40947239
40960079
40972881
40985687
40998440
41011222
41024128
41036877
41049727
41062485
41075400
41088183
41101060
41113754
41126643
41139402
41152260
41165115
41177971
41190823
41203575
41216520
41229353
41242170
41255039
41267913
41280636
41293610
41306441
41319222
41332123
41344908
41357854
41370643
41383580
41396481
41409227
41422124
41434992
41447924
41460770
41473600
41486620
41499410
41512378
41525182
41538077
41551056
41563914
41576814
41589697
41602619
41615464
41628345
41641247
41654146
41667060
41679985
41692990
41705888
41718744
41731680
41744653
41757458
41770444
41783352
41796364
41809233
41822173
41835162
41848094
41861010
41873955
41886913
41899861
41912776
41925657
41938593
41951626
41964598
41977568
41990451
42003451
42016347
42029381
42042361
42055278
42068300
42081299
42094171
42107206
42120151
42133188
42146114
42159114
42172052
42185131
42198053
42211102
42224028
42237033
42250084
42263135
42276127
42289055
42302139
42315105
42328091
42341165
42354075
42367107
42380200
42393159
42406236
42419268
42432302
42445279
42458265
42471356
42484366
42497374
42510528
42523534
42536580
42549564
42562710
42575737
42588794
42601757
42614847
42627983
42640936
42654084
42667133
42680105
42693182
42706290
42719369
42732426
42745482
42758605
42771683
42784795
42797886
42810882
42824006
42837110
42850179
42863264
42876433
42889506
42902568
42915715
42928735
42941950
42955042
42968047
42981246
42994350
43007390
43020487
43033676
43046784
43059949
43072987
43086151
43099333
43112439
43125617
43138646
43151858
43164945
43178147
43191252
43204329
43217591
43230739
43243862
43256964
43270110
43283289
43296541
43309632
43322862
43335918
43349125
43362322
43375424
43388581
43401775
43414975
43428119
43441388
43454557
43467749
43480961
43494031
43507281
43520450
43533714
43546889
43560138
43573214
43586431
43599648
43612829
43626167
43639246
43652524
43665698
43678918
43692199
43705329
43718628
43731864
43745010
43758235
43771481
43784731
43797946
43811218
43824496
43837658
43851024
43864176
43877494
43890748
43903929
43917145
43930524
43943780
43957004
43970297
43983552
43996796
44009964
44023343
44036602
44049788
44063094
44076438
44089632
44103007
44116265
44129565
44142790
44156140
44169418
44182688
44195918
44209325
44222636
44235912
44249222
44262543
44275731
44289094
44302426
44315693
44329049
44342368
44355616
44368944
44382300
44395571
44409026
44422266
44435676
44448959
44462284
44475564
44488920
44502333
44515713
44529050
44542317
44555665
44569070
44582329
44595780
44609149
44622524
44635850
44649176
44662564
44675912
44689268
44702597
44716091
44729407
44742784
44756143
44769561
44782950
44796348
44809718
44823074
44836556
44849868
44863299
44876634
44890038
44903516
44916905
44930234
44943710
44957167
44970477
44983870
44997406
45010818
45024229
45037621
45051004
45064384
45077804
45091317
45104714
45118099
45131596
45145083
45158449
45171956
45185343
45198864
45212223
45225742
45239093
45252550
45265993
45279554
45292954
45306408
45319885
45333302
45346804
45360237
45373827
45387259
45400653
45414228
45427660
45441220
45454628
45468145
45481666
45495097
45508562
45522054
45535562
45549119
45562500
45576108
45589594
45603068
45616591
45630162
45643545
45657118
45670579
45684099
45697639
45711167
45724710
45738269
45751731
45765315
45778845
45792312
45805861
45819459
45833030
45846515
45860054
45873556
45887103
45900682
45914252
45927778
45941363
45954975
45968424
45982040
45995599
46009179
46022771
46036351
46049857
46063493
46076996
