999
7426
39355
9594
54061
67370
42577
92584
76989
22614
53317
12614
3532
76523
31084
18212
33601
94191
98829
92212
68770
5561
584
5514
73698
69146
30140
25649
67459
95518
7822
24944
97821
47178
29415
46760
9426
71992
39346
81292
94606
87540
93906
93015
64064
19868
6106
92543
14060
99812
84756
77708
5374
80218
83222
79073
49365
8240
99599
16825
98635
7422
41769
96458
54600
66062
38096
58903
38055
72319
40196
27540
54738
28980
20556
18803
48849
21539
6224
57786
21353
85858
30372
26727
66077
13595
678
10320
21836
278
27145
20472
7701
63791
11808
57178
29854
44782
16083
62787
17102
51156
85204
71840
80137
638
85521
23864
22178
86622
76527
43531
67358
6901
65135
28313
15373
65814
38633
32086
66092
60655
47436
68670
24448
59244
25850
49179
98903
36810
6844
10884
82843
92048
77601
57858
92687
58000
81722
9743
44624
53128
53274
6860
60029
13287
35174
75402
79101
73807
7490
40072
34464
49803
3620
53789
3925
24347
97845
2830
61157
4691
13714
38879
91616
91315
96737
84304
44194
78461
88924
88818
26467
37076
95678
86496
50364
25730
56776
29466
99538
59143
64415
28880
8947
68036
77546
12873
92383
75392
15703
48419
80083
24294
87298
66578
10487
84036
50883
54681
57375
39809
38377
83842
76885
28934
65216
22127
54664
21994
46471
49080
76014
10887
72837
84962
73800
50384
92712
61062
25778
3293
9482
739
27587
91657
67317
32951
70571
13079
82510
27948
47765
15765
6668
19528
39576
66762
41656
94241
83633
88127
38199
59648
93891
11038
39488
67693
56299
32201
28756
82077
35494
33115
77694
57958
24773
45012
85787
95344
52968
68298
18170
734
78940
19716
15140
18518
86478
56796
7637
64989
39801
45836
24638
33693
51751
64127
96263
8052
91205
25020
85006
26701
53012
62701
79536
77785
7715
65324
68008
55560
28500
81055
56295
7442
772
71435
20837
82127
23109
28474
47117
62910
74310
66633
91480
20940
25638
87745
28992
16844
7643
13999
38422
55533
76701
17960
28196
79293
78161
96204
34854
1540
72138
86026
3859
67787
52339
24696
49916
75448
53170
91910
33236
22358
53421
19595
43298
79059
2218
67167
90781
4738
81167
29204
60271
52746
42041
88468
32040
20204
79550
61771
21744
51689
42676
25603
19478
95015
45176
64271
65342
98346
51059
93455
15582
4482
13051
58881
78418
15269
20926
69200
14885
2094
98405
75156
49717
40447
63625
76634
55528
43177
38407
72149
89743
81083
92629
4099
70976
37806
68370
36319
31030
14308
24653
46613
18790
37704
372
92085
47851
21298
61287
62736
18270
54570
37893
67987
89894
96396
44623
45424
34451
77907
17574
19072
53868
10205
23172
24845
42888
91542
56042
73919
5851
80695
20533
19518
13277
15782
11605
61128
37080
67769
18742
50227
22340
51513
18216
12235
47910
57716
52536
77238
35624
64988
96310
89492
70070
19483
9215
12959
5904
65257
86878
6632
45953
2289
26151
59231
18071
32633
15237
50029
95279
33980
257
17620
85493
13350
24732
28281
71066
77269
5520
1568
37135
96707
91060
7206
16192
277
20165
16973
60411
1922
23605
6366
4211
44633
60474
17160
77266
75711
62066
72546
4569
57200
85043
90062
70551
9777
13221
36495
81923
18741
38064
19059
15450
24002
26265
26519
24279
41307
43492
84691
43229
67097
85934
42318
11732
46409
54355
83875
16998
16422
51300
21568
73622
31221
6508
39051
35875
19730
75547
17799
33348
8489
31735
43675
32491
52877
65071
51648
89062
8564
31217
32292
70539
12029
69487
77148
53315
23843
55901
70313
35142
2079
86758
3643
33301
88144
42694
69176
7875
13119
81853
36100
21608
8466
74653
48977
61344
39725
95502
50407
48290
26720
77576
13707
38749
47065
90855
92064
65785
41634
57255
95805
43714
44015
99448
77015
32160
37020
41069
34912
50140
22923
65889
66625
31390
40543
10480
87611
80269
5983
32896
23437
27580
10473
37144
61206
52415
22877
48148
13079
59388
5405
8885
3103
44297
3211
74995
71334
40231
10943
1124
85248
33866
67013
51875
60133
7558
57232
42622
82704
63216
75518
6142
85673
80869
38163
46881
33285
55917
95029
41241
15306
95311
50126
13287
39609
53337
83159
5821
88446
94102
6945
73695
22847
68836
25571
77857
71271
77681
20481
53976
40898
90876
54995
21449
71746
88035
68330
99909
38830
63361
41151
49013
53550
86155
62300
93160
34370
45461
93858
22817
34441
805
96513
57288
69641
16962
35147
35790
94643
55628
89766
30419
46505
39639
51869
13130
27675
15077
13040
61382
73315
49068
10396
26867
35224
67574
20028
69595
7913
13887
87289
42354
9569
78680
99643
74087
95643
34791
9878
85164
85296
94521
10462
26679
34161
57208
39809
56713
72285
47726
18096
45602
96795
28493
72469
26897
96067
87374
91369
3981
96138
78660
41212
5709
57341
40856
74673
47862
70524
84552
27905
50698
73951
38367
77378
8114
95575
12065
64827
67861
54669
77801
8341
46342
1172
80810
73239
97239
68185
64610
96097
59202
38148
37310
64911
90366
73044
34462
38230
43569
13892
66135
94268
87844
99379
66524
95958
89832
73466
55663
57694
28136
28342
66036
74478
29514
41724
42596
26754
4788
7207
17729
63990
45355
55040
23779
35722
28085
58241
68829
66531
72134
29842
55677
59979
24099
17079
50815
13932
90546
1356
71627
13560
29699
32541
82916
59213
74265
25513
80845
73930
27597
98574
37921
67829
48492
61700
98428
71454
19943
62136
37987
86954
91978
93664
46934
16079
10745
92626
24888
96168
93982
96515
4606
23682
23934
87522
82896
93077
7913
63742
67008
35510
57194
4931
98216
5688
61508
96646
77142
81451
58783
15130
68406
45639
3673
10218
56595
9295
2845
81484
341
96828
72877
4947
15388
91689
92470
98284
84767
95260
56904
46653
25649
14100
46461
23866
14665
7971
15390
91807
89422
69050
1816
52707
14691
366
57802
66163
9661
60648
42525
10002
52354
15404
14949
67742
1971
2297
60905
86738
97558
12687
28269
23208
21664
74731
41951
36329
82702
57342
23015
67002
26393
24831
14587
35961
25197
72390
97002
29735
27916
39528
34614
80270
49809
49563
42890
51780
46738
98672
33396
39174
11361
61666
57259
33025
36398
99210
64232
19101
51430
87247
80980
72701
12079
95568
8663
32153
67959
543
56765
95875
40072
91379
71023
84758
40943
8791
36540
82558
7465
69936
21733
13703
26480
78992
41605
62878
73081
5838
