100
9383 846940269
12777 1714649692
27793 424266128
5386 1649765878
36649 1189678070
2362 1350492389
8690 1102528749
17763 1967531689
20540 1540403966
9172 1303464908
5211 521600579
22567 1726978996
25782 861047312
2862 233667985
14067 468717202
33929 1802013731
34022 635757080
13069 1125911236
1393 2089019849
15011 1656493053
16229 1653393602
4421 1914549340
13784 756912321
15198 1973609522
38315 2038702685
6413 184809939
16091 1424285071
39956 749281829
6862 43006032
26996 135524277
22305 2084443230
37084 1827373411
20336 1159146841
30846 1632652575
21313 1433947170
16124 84370019
19582 2001120127
18814 1548252181
35434 1586025798
24043 760337793
11087 356437895
37276 1889984454
15788 709409372
25403 1918528054
32754 1474645153
39932 1264134992
29676 1844023044
27739 1984237751
36226 1749734812
28094 1956325633
20795 463501365
11434 1975971812
17467 1892084068
30097 927642999
13317 603583809
6652 660267408
37301 485597581
4286 593213727
33865 894463554
28444 1947375063
38440 270783169
38031 1633146148
18097 2007923868
34481 822925156
709 791699636
24567 498802423
19497 524891850
14586 1572291551
15306 1703979989
6219 1600034843
11528 2040344399
5732 1120054561
9503 515539522
18270 1573381638
39708 2077526423
26340 1631544489
27796 289728519
22618 168024863
2846 439496297
12921 1760256476
32379 1622629867
17764 338905992
29841 438822191
5193 269446693
37034 116124798
30124 155355038
16987 1982292843
13743 387360234
2227 841150592
29859 1760311795
31432 1186483983
36437 971935665
33275 214008682
21474 1626297595
28858 2130823253
36029 1884697266
28235 1350602028
25818 1605920246
6143 1987237154
15928 1784655457
