100
4 3137
153
268
500
997
7 6337
762
253
590
868
842
682
707
7 898
351
565
496
251
485
564
114
3 6606
863
22
388
16 5469
585
972
417
572
192
415
565
814
178
537
405
765
380
806
193
509
5 5820
75
110
514
280
674
17 1045
806
212
886
913
519
432
500
492
569
791
403
984
76
218
882
333
342
6 6756
150
560
941
762
824
736
9 220
17
266
687
600
74
899
487
987
420
17 5923
631
208
718
36
912
794
972
514
128
316
881
561
185
443
222
666
268
17 5546
326
413
244
15
14
37
914
220
744
54
859
951
686
786
389
441
418
8 3605
932
750
168
815
31
353
977
254
9 757
650
998
291
65
243
306
79
281
940
10 3856
713
878
415
119
384
805
560
803
709
413
9 518
581
271
211
935
967
465
394
932
116
4 97
899
355
531
979
13 123
998
100
905
596
516
25
980
322
305
784
750
718
959
9 2992
231
141
954
200
325
349
133
161
461
7 5258
817
328
759
891
519
477
992
17 903
228
888
56
269
194
559
20
631
519
668
650
470
529
606
389
573
674
18 1150
855
319
515
392
647
993
284
885
472
995
31
265
224
919
321
493
832
600
19 2697
120
620
115
309
150
440
698
442
834
659
896
690
978
131
801
345
125
86
231
11 1548
980
582
26
900
622
520
452
223
471
916
344
20 1427
372
960
910
72
404
745
731
20
155
429
151
956
774
276
762
724
312
564
706
894
8 5298
517
829
498
741
302
134
804
113
7 136
793
516
967
916
980
418
936
5 1010
88
812
341
83
294
8 1551
858
211
9
169
256
527
998
754
11 6426
889
792
134
494
688
927
11
376
844
992
794
14 3525
362
588
380
422
390
675
208
786
253
419
514
422
395
42
17 4696
748
442
40
260
295
535
949
941
265
326
505
976
839
6
825
202
313
3 2985
704
601
552
9 376
691
724
996
87
486
138
237
235
299
4 2267
595
251
165
537
8 451
44
213
50
768
39
971
83
964
4 2504
285
587
716
859
7 5140
575
85
646
713
42
882
13
1 540
327
1 5229
584
8 5679
347
457
242
116
216
214
199
899
3 4606
186
119
422
8 3964
583
59
203
230
772
245
831
504
5 4920
832
12
911
136
974
16 3184
433
628
599
368
561
518
268
93
224
173
930
366
937
48
668
996
10 6582
488
215
450
993
936
99
545
948
12
681
6 4926
165
77
744
483
445
307
18 5601
119
945
887
50
31
544
816
699
261
787
317
468
721
486
181
659
586
726
1 4857
127
18 2993
11
766
897
214
212
923
216
645
761
880
252
530
911
515
347
330
495
853
19 4304
295
853
146
954
159
592
1
476
438
691
629
450
458
246
664
671
170
599
36
4 2192
288
462
112
522
10 4777
19
383
529
983
678
102
848
352
262
441
19 5492
880
763
805
50
223
52
433
613
940
33
649
591
233
656
772
65
897
302
227
15 2055
475
619
801
577
188
872
558
629
944
17
229
709
541
997
651
20 1227
265
254
184
633
846
417
9
619
201
906
640
428
543
45
903
881
565
201
70
438
12 5265
103
776
367
531
38
366
183
632
516
167
605
700
16 4845
837
247
73
39
872
432
187
416
478
809
299
762
11
88
202
771
14 3009
267
875
555
305
242
738
656
758
624
263
179
144
434
17
16 5339
774
982
659
961
119
138
772
137
900
502
225
821
992
733
845
261
5 4200
285
570
858
661
48
5 5978
227
346
78
962
456
7 5911
440
964
419
559
821
910
696
17 5668
640
264
407
374
828
387
702
231
392
991
808
54
41
293
697
986
639
1 4084
815
19 2459
974
764
546
534
586
458
949
747
591
590
12
717
684
559
106
387
509
498
380
19 5210
140
612
687
845
970
463
515
505
264
642
480
747
908
15
54
367
683
801
958
2 506
676
959
8 4978
66
602
718
165
921
708
24
253
12 1618
942
860
105
449
843
467
929
591
376
664
364
462
1 6710
140
14 426
535
21
791
756
88
113
475
253
35
185
278
7
300
867
20 5091
691
399
723
159
330
35
254
994
399
716
62
566
575
405
983
112
426
775
868
514
12 4555
487
642
966
484
649
268
71
600
148
762
718
591
17 3026
626
895
762
744
332
825
30
907
949
15
738
376
790
326
610
399
390
15 4934
76
301
411
63
372
730
212
135
449
522
776
218
149
673
699
2 4693
244
643
6 2778
658
372
290
168
698
900
11 4393
717
48
603
737
178
666
828
908
597
963
77
9 6068
14
987
852
714
601
577
958
245
210
20 5872
301
163
790
719
64
78
527
500
126
849
956
304
517
785
931
833
749
727
954
928
13 1213
781
176
263
359
853
508
289
726
131
590
889
922
310
2 2088
557
891
15 198
848
868
643
634
519
478
104
965
152
33
708
95
534
603
78
5 4251
586
901
185
437
212
20 1373
522
467
798
80
79
644
207
927
232
850
563
751
329
386
436
200
419
146
15
672
5 4063
286
926
398
906
831
2 5061
626
914
17 996
713
160
891
77
367
539
309
219
821
779
267
208
217
468
346
82
483
10 555
295
25
197
693
931
747
530
770
374
164
10 2901
878
292
517
674
379
57
703
598
597
202
18 4067
138
771
152
938
973
172
209
269
915
406
682
848
154
213
338
247
96
470
12 5842
481
389
369
860
165
73
178
762
993
482
287
133
13 5229
72
947
331
281
935
248
406
618
815
560
550
154
526
18 3329
399
341
543
507
429
405
392
221
302
873
216
784
162
349
758
321
140
706
1 933
361
20 874
980
435
109
250
308
635
616
370
35
958
914
262
107
39
654
329
341
528
545
127
19 227
885
12
753
311
384
894
672
4
724
372
159
552
623
186
188
958
557
942
917
4 2606
744
230
578
74
12 4596
338
417
517
670
22
248
424
333
351
39
725
75
8 3273
234
35
440
420
223
400
696
884
