100
83
3136 3165 286 3863 514 193 6336 1164 4951 2261 1780 6347 37 3440 625 897 60 3073 1681 1127 3287 5655 4554 2942 6605 467 1321 6214 4153 5468 2688 501 1098 2228 3618 1612 2422 2419 2776 6627 4680 3810 6185 3971 6505 6065 4868 5819 2349 5804 157 4891 4670 4712 1044 3740 4433 2365 2419 1797 1044 5108 2298 1397 6590 5170 3009 1477 800 5040 570 4734 2061 6755 1917 1031 5285 6039 62 100 4308 219 4991 
88
4185 5289 5930 1829 865 1560 3627 1163 5922 5179 2560 4978 3561 4824 6455 3615 2329 236 1561 3644 6246 2732 4676 3996 1236 4738 3350 5545 4211 806 199 1608 6095 5383 3437 6214 6198 6318 589 5331 4709 2403 2774 735 6481 1695 3604 2021 1185 4419 5666 6685 362 2807 3893 853 756 6497 6398 4221 515 6597 5829 6610 5192 1732 6036 3855 515 5879 1651 4478 747 4426 5213 440 6121 1283 1715 517 5702 592 6457 6065 2653 3561 6172 2663 
56
5781 96 3038 4843 5925 2860 2500 122 1361 6355 638 6494 1218 5116 452 5644 2795 892 4230 4078 1862 4001 2991 2454 3669 1521 5108 6484 904 982 2219 5939 332 5257 3994 5512 582 5748 5634 1197 5315 5526 902 5787 3108 1355 3896 5903 1501 1337 2446 3363 4592 4691 5072 727 
69
2645 6465 6371 2881 1149 4776 3214 6407 1235 1937 6243 194 36 652 4763 5563 808 3761 1882 2163 868 250 2919 1459 2696 6282 5306 598 3819 6033 6065 6464 4963 4902 1811 6113 2889 5025 4985 3378 6216 4439 3572 6252 4345 1547 4280 5154 4562 6162 6571 5431 5666 2701 6144 1573 2195 4661 1426 5268 3159 6745 4944 1334 4858 6755 6701 212 4245 
90
3590 3672 2547 6417 2389 6147 429 6670 4512 4991 5297 4294 2887 3429 207 2243 4256 1656 6158 5682 135 1783 4893 4333 2371 2216 3553 2283 2429 1009 391 5273 3935 2192 4155 5579 1550 4584 4714 5316 2041 2476 2822 4928 5905 2283 6425 3373 3939 5795 1520 3328 789 6413 127 3160 1841 3680 4697 3524 3944 5088 1262 344 6534 5418 5923 1296 2467 3848 5866 4508 5579 1899 2648 4695 3436 2284 1279 6629 544 2800 3169 587 1678 3296 3001 2773 6230 909 
59
3385 5251 25 2984 4997 5443 2118 5547 375 5221 4624 4884 4011 5778 6786 1917 2425 1535 2451 2266 2080 4505 4689 2667 5437 450 5669 1422 6680 5832 930 2531 4295 955 5515 2503 5652 98 515 6028 5319 5139 3377 1795 3382 3374 2967 5808 4909 5418 539 6243 2388 5228 1376 1036 5678 6299 2458 
2
5342 2643 
99
2848 2852 6080 4605 1716 6179 5120 209 3963 2725 2840 5759 6107 6214 1937 4380 3588 6609 4919 3043 2208 2612 3673 2498 1501 3183 4957 6325 1736 65 6144 3839 2917 5436 1655 3887 4080 6030 4096 1254 1220 147 6267 6581 5615 1415 4173 2415 489 1557 4712 2697 4170 1596 5196 4925 4779 2618 4461 5769 2683 3817 2819 5600 1718 3729 2699 5798 2224 6049 6306 3444 5451 5785 3236 3531 6454 6663 5200 155 1432 3123 2106 4856 3973 6556 2992 1217 1639 6708 6241 4322 2990 2271 2388 3962 5254 4341 2225 
55
2855 1742 3387 771 6781 5878 4303 5701 5752 2714 5856 6438 5092 427 4505 1530 6238 6752 2748 1088 5925 2200 5411 2126 3725 264 6088 2191 4605 1524 2134 6714 2520 4776 697 2513 3865 5000 1425 2082 179 6535 1732 5271 6216 5491 13 5665 4708 2015 6754 3844 3469 4630 5224 
31
4894 3777 1850 1964 4555 3239 1143 287 1226 1840 2054 4345 6094 2733 6427 5528 1733 624 4010 1160 6116 3277 37 3289 4546 6045 345 1226 3886 4823 886 
18
1812 2736 2463 6367 5229 3606 5908 6455 4701 1173 4011 3260 3160 2904 1999 4893 3528 5264 
50
2855 1006 4599 5399 5553 3855 5744 6033 206 3032 130 705 4844 2121 2422 4423 561 5282 2796 6271 3194 3970 2747 6455 6384 5651 919 4489 2391 6183 3008 4500 401 72 3110 5954 3927 1319 5198 3387 4352 4583 4092 1661 6704 5768 5338 6519 4261 1346 
73
6710 5316 1960 5630 4911 76 6549 1865 1721 5944 4127 6222 6345 4199 1797 4764 591 2371 2427 3978 5977 221 535 849 6179 6303 6188 5910 3776 745 4376 3697 5315 5590 2538 2691 5667 1552 4557 599 707 1149 6075 6306 5349 338 3535 5194 2709 5963 2384 1897 5438 2919 2746 4083 1688 1399 2458 4718 2144 45 1626 670 5636 3418 2616 3768 4970 384 3621 4932 787 
54
4449 5390 3246 1196 3796 5209 6413 6180 6360 4316 1564 2317 1610 2506 3717 4068 435 5115 3368 2061 5040 2215 4733 867 5983 2915 505 2815 1058 1292 4977 4761 6683 688 5211 3690 5151 4089 2335 4722 1617 3153 251 2481 5660 3222 5804 6095 1548 2383 622 5842 3852 5355 
78
2300 735 425 4369 1047 1718 1812 5809 866 2500 4231 4556 863 1532 6145 4839 2403 2509 5090 4138 1380 777 3153 687 1580 4790 1309 633 1853 5918 554 3407 6654 233 988 912 1951 2800 6721 2817 4554 3418 6627 4671 4204 5983 2722 5861 1704 277 3210 2338 309 6364 3025 1889 3619 3588 1776 4727 2718 1584 1345 1837 1818 1587 2749 3769 3641 1936 5841 1407 4608 4933 5332 2023 4128 519 
28
5086 797 4305 635 360 3134 2915 2249 6754 5757 3279 4692 940 4864 5291 2777 6682 90 4781 2916 3731 6717 1222 4392 4536 6156 2190 5813 
71
2709 6162 1046 2760 3678 935 3120 6067 3104 4623 5286 2073 1114 2443 3013 5978 945 5045 5871 289 3037 1252 3275 2965 2475 878 6755 1842 2322 5033 4591 5032 4406 4891 257 1295 5080 3378 6616 1396 1212 5113 2723 1580 767 4990 769 967 3246 5894 1256 6283 358 4531 1713 2087 4664 933 3929 197 5966 985 4483 3583 5130 4741 4133 2675 584 3960 4071 
73
1539 6048 2631 1560 4250 3400 2527 707 1760 3038 6245 1372 780 1169 3459 5444 1357 599 4896 534 838 2590 4118 5968 542 716 1108 380 4676 5180 1431 5469 3693 4062 241 1154 6716 2022 1116 1687 5060 572 3059 5095 995 6518 3004 2352 6371 1111 2141 420 3702 5513 5642 3498 6229 6751 3879 3370 4396 5310 2051 554 1837 1546 1709 1764 3568 2079 3452 1094 2651 
98
6189 2900 5495 2404 4507 4331 2770 6648 4006 6472 4626 2113 2435 4066 1329 5568 647 4979 3343 2698 5534 5180 3498 454 6199 278 2533 2862 626 4438 1092 26 6592 5841 1684 4310 3384 4454 3423 601 3391 1260 1968 5081 4580 3298 3860 5228 1488 6458 391 233 4103 3890 6730 3513 3422 2474 5629 4048 6166 6722 3328 5970 5774 4266 2745 1623 1932 5423 1478 4577 5937 3447 2869 3729 6745 5984 1422 698 5653 1813 932 2221 4957 873 5735 1590 2602 3829 4892 1979 3016 685 1160 2002 4952 3160 
93
6138 1794 4358 3926 942 1016 7 4671 226 5991 6093 924 4109 372 1110 6330 5329 1984 4530 6174 3840 1571 3531 5819 3841 4217 6234 5843 1634 2605 1188 983 3653 5546 4163 4595 5816 4170 1732 5296 2626 290 6220 6735 6705 6585 5531 4500 1034 3272 3885 4874 4097 627 3904 1150 4098 2603 6247 4986 4462 646 5969 1326 5446 3344 5176 4473 6768 119 2980 2606 6452 1666 1806 5623 716 548 3334 1750 3075 430 6624 383 311 2993 787 3664 5597 6289 1861 3270 146 
22
4597 4847 2894 2238 1785 2873 1611 4020 4733 1274 5686 6540 108 5656 299 3442 617 3374 3126 452 3012 2692 
92
3799 6356 1507 3299 1428 4032 2700 978 1094 758 3872 3332 1797 6746 4943 5817 3944 5471 3968 3695 4834 2835 3995 1487 3452 6623 3868 3158 2846 6560 5858 5900 6127 6619 1664 20 3862 3618 999 4210 3630 4125 753 5428 4082 4950 4456 492 3633 1636 4187 1678 4471 647 2419 389 482 5541 3547 2582 5312 1870 947 3904 1701 2612 3925 4817 6230 4178 2239 3072 1514 2246 1711 4851 6451 6167 5343 3295 268 2741 4227 4740 2643 5900 5129 3125 4653 1141 4961 3176 
16
5909 292 3967 1732 3471 1249 427 860 2742 3499 1628 4243 4464 6479 3905 3097 
90
6454 3365 240 3892 1316 2883 3003 5699 5262 867 6095 3434 4044 1572 1808 3590 4793 2794 272 6042 3222 386 1250 5975 2014 5493 2905 959 1863 6002 5992 1528 2578 5486 5420 3149 834 888 1313 5350 1010 619 1250 4308 2191 3058 1109 195 5853 635 5492 1540 1021 5996 726 2289 3954 3631 3248 5817 2098 1706 556 4677 6446 5230 291 492 5372 1604 5842 6382 2224 303 3901 3669 2616 4264 3865 1680 4899 1822 3220 5174 1029 3200 675 4983 6086 3923 
53
1395 4883 3821 5326 4541 1516 5617 5033 6142 6476 3340 5736 1911 2898 2102 5580 5514 6367 1910 6448 4477 3732 2133 2117 4761 5333 2792 2209 3884 5969 5474 4534 3318 2506 3071 1070 3276 1154 5357 2630 841 1908 831 2752 4060 2187 797 2785 1765 1962 1698 5497 5694 
47
825 2921 1630 2871 4384 5514 1305 3070 3259 4623 5576 5585 5693 1318 6739 3515 3202 45 4678 3287 2051 1949 5474 2848 3989 451 4810 5687 5202 2970 2730 5281 5145 4360 1363 2740 2339 1922 5810 5599 6546 3852 3649 4704 4424 2853 1431 
87
2898 6109 4124 4949 523 2063 262 4512 1768 5073 3411 181 508 6141 5462 4907 3712 6079 858 6051 467 5923 4115 6267 2240 229 4182 6664 3082 4867 712 5980 3441 4090 4140 3965 5407 4403 1688 387 1941 5099 568 1703 3705 5285 6610 6671 3829 6722 5188 3550 5856 2514 3028 1307 1998 6465 436 5080 4543 402 3526 450 4492 131 4415 3111 3788 5357 2752 5729 2922 2574 6686 6627 1070 5761 6510 4154 5695 4909 915 4016 6677 3198 4578 
49
2874 5014 6221 6671 5417 2212 332 2374 2343 4001 4739 6132 2570 702 4326 4746 3277 3478 3838 3601 2450 3559 220 1356 933 1136 5373 76 4334 2416 470 6462 641 5945 6344 5312 1368 6677 898 3712 3889 4891 2309 5713 5594 6635 3670 1336 3324 
53
4937 5029 3533 5158 6385 3721 5548 4223 3051 2347 6639 3521 2020 6535 2678 1575 5058 3300 717 5210 223 3861 3313 1786 2785 1372 887 5710 2708 3465 5684 110 1705 1682 4522 1302 5403 2535 4779 919 4882 3884 3695 6156 2884 5627 197 407 2138 914 5618 1616 4775 
52
3402 26 2768 4289 5736 4730 966 4631 4094 2671 6313 1828 3227 4182 4363 472 4355 1711 4356 1261 1078 6494 99 529 112 2238 1444 4984 3108 5473 6380 6510 5499 1613 4011 3700 5597 4231 1542 2903 113 321 4731 2595 3757 1559 3067 1323 3270 6677 1839 3603 
62
1192 4132 6494 3430 4830 4690 5792 2769 3535 5514 1479 5149 1990 5180 3957 6221 5976 6114 5588 5551 4056 1394 2519 4870 3715 3097 1351 3603 4936 4208 2450 6128 806 2156 2024 4890 6100 1027 870 2100 5795 2350 6503 996 6784 2926 428 5971 2251 6017 3988 5562 6665 6507 3643 3592 2069 4248 406 6259 1668 2857 
35
1728 4267 88 6618 2832 369 6743 4932 6165 1558 3901 372 1553 38 55 6778 2289 6072 3231 1062 5948 2950 4705 2751 4273 2165 2412 3744 3087 4523 1808 4069 2001 1896 3152 
53
1519 3106 1484 895 4664 5385 522 5471 5423 577 4715 924 6649 1157 1240 5062 3361 5946 279 846 576 2691 3844 2917 425 5652 197 1680 759 3349 5021 2278 5710 6505 2428 2839 5102 2950 776 3736 3527 4745 3914 2641 5156 5155 914 1729 3566 447 1829 4142 3138 
8
270 2817 3790 6510 3751 3803 3070 1983 
19
1245 1700 974 4085 6056 3178 4861 3003 6705 2817 129 1811 1184 4538 2726 2167 1315 2427 3250 
76
5566 1388 4981 848 5178 4702 3854 1446 237 5837 6782 1483 2 967 4822 6058 4146 2894 1527 3316 4965 910 5128 6149 5448 319 782 6763 2746 3286 4685 777 4675 2877 1626 2318 44 4734 3765 281 3782 3758 1018 3039 3979 5840 1562 1336 1199 3089 3907 6164 3999 2246 4779 2658 1819 4815 1886 3819 1312 6571 4597 5987 2659 5477 771 1957 3422 4536 1493 6458 759 2511 1962 4738 
69
3525 5329 1270 5868 2447 646 3079 3947 4679 4991 5766 2705 6132 2796 3271 5914 6647 2470 1039 5335 2495 2996 1222 242 4489 146 1001 6255 2108 5739 6326 5633 4279 807 4713 5980 1453 257 3138 5386 4502 1369 556 3845 3420 3828 2225 3278 5552 3264 1079 1258 5514 1555 1500 3215 1701 1755 1935 3810 6748 1472 1908 4239 2279 5875 2684 2987 6132 
4
1584 3100 403 1395 
87
3823 5223 1635 6356 3986 4899 6689 5244 3625 1455 5998 6094 3157 964 494 6221 923 1966 1340 4416 3499 427 312 6486 5813 5389 536 2124 5792 1185 1535 2081 6408 3170 902 2859 535 802 1314 3414 1511 6566 1973 4668 741 2467 4100 918 4433 4695 4589 397 4376 4901 6138 3400 3501 5928 4779 1758 324 6314 3093 6732 1949 3249 2802 1738 4051 3370 5152 5563 3147 336 2696 3142 2057 6051 3314 5744 3211 1114 6142 798 5269 5491 4198 
24
4630 2188 2994 4954 967 5341 4151 2171 1802 6207 3909 5107 2788 1527 3135 5189 1117 5832 1542 3175 4348 4856 1384 770 
8
737 1568 3705 5482 5020 4941 2577 6463 
7
6785 641 4995 4147 2066 8 3565 
79
4370 5607 6011 716 4007 339 5802 4803 2768 3361 2871 4153 3385 561 4144 4953 4266 2838 2439 1672 4669 2113 1326 4666 2008 6322 1278 4075 5584 4098 2516 3165 2916 1738 3136 6178 1331 2149 4192 4100 4765 6317 718 615 89 4116 4823 3610 165 473 5282 4089 2586 6609 1966 4594 5396 2498 1880 4191 6596 3650 6611 1978 4642 2958 1367 5974 4361 4813 2539 1591 4342 2511 2207 3685 6627 241 506 
93
714 5789 3347 3300 4863 4567 359 3470 276 2240 126 84 5144 6737 1316 2998 2160 1937 1437 6522 6750 3976 578 3557 5741 2785 454 5579 2280 960 4837 2994 6003 649 5548 3331 5216 5908 6055 5493 613 6182 4831 5011 6130 5401 1220 1502 549 1911 489 6553 5141 1067 3322 4093 3853 3030 2138 5387 3244 186 1593 1713 90 6395 5044 5306 4768 4311 3264 4635 3704 560 2858 2299 5215 3332 3055 5764 5244 3544 4783 2850 3866 1316 155 184 3600 2293 5571 55 1733 
38
1022 1823 6025 6067 6384 3258 2843 2113 1105 5801 1928 3217 1311 354 6549 3621 6119 4258 376 3367 320 4242 4683 6518 4426 748 2022 3209 57 3009 2838 1080 4087 1328 358 3682 4587 2455 
35
4946 1467 188 1374 2032 543 388 5653 5916 3901 5284 2494 3475 1991 6431 3204 5672 6433 4480 2092 6490 6743 4184 781 4041 4767 393 188 2565 2848 5238 722 3569 5426 1350 
76
5223 1738 3720 3604 5639 2215 5352 1579 4207 4248 4783 2344 3892 1728 3690 3594 1683 1085 4375 4978 5106 4769 5167 882 82 3616 858 3652 1507 1462 1719 5985 3201 5439 2800 1305 120 1364 2885 3581 4866 133 5925 1970 1116 2826 5564 2053 3165 2404 242 1483 384 5409 1619 6510 1490 1732 3373 2998 3194 5092 2194 5649 2996 4248 6209 2370 4866 1559 5951 2944 946 5087 4914 2062 
27
2943 3369 3544 5347 3612 4281 5732 1486 5900 5453 2977 97 1291 5229 3292 5637 634 1406 1098 4136 826 3469 2214 2385 2631 4412 3332 
49
2537 4648 6605 5480 1229 3360 4038 4095 106 2235 5581 5261 153 1769 5358 698 6252 1115 6335 97 2522 6688 3488 3348 3368 4956 4988 5999 2579 785 5437 4370 5433 5254 3061 6662 1079 6353 3222 1186 1054 2015 6447 461 3038 5016 414 2502 6132 
59
1853 1119 5902 5341 4467 2481 3508 1920 946 5341 2705 6383 2922 1350 4848 5237 477 5182 4802 3700 6368 5110 4969 6026 4825 1218 3507 5239 3720 2104 4454 4828 3223 3567 2634 156 6049 6143 2076 6249 4695 4782 5843 83 5386 3157 5320 5117 1550 2587 1282 1129 908 6251 6409 5734 6724 2381 3438 
2
4486 1103 
4
920 3925 3583 330 
48
2191 2407 2645 6140 6443 953 6223 4294 4110 4755 1876 4914 553 3159 5297 716 1875 4917 5704 1810 6553 2353 4720 4250 3457 5668 4424 6636 1716 4755 2286 3907 6416 4185 3259 5324 5138 1947 2083 1714 6702 3959 6628 6510 329 4391 437 2205 
77
6141 3269 1537 1705 1200 5787 4416 6123 3423 4263 1050 643 6549 4212 6313 3945 6725 4848 1549 1883 6185 3263 1797 3355 2356 1518 2939 6747 1955 4398 1732 561 878 3269 2266 2079 1522 5937 667 4199 3411 1717 4842 2426 5183 4366 5625 5119 1679 385 214 1075 3648 1265 3684 5259 2037 6623 5217 3992 4232 6203 3807 4365 2684 6073 6444 4206 4475 6365 1616 352 547 5712 2778 5731 2543 
73
4061 3476 2000 3529 3805 4902 4794 700 3372 42 535 1055 3288 4021 469 306 1597 3153 5634 506 6613 3320 82 694 2926 6673 5660 5704 5615 668 6573 2887 4144 1038 5671 1160 5940 3676 1115 1778 3719 904 2833 218 4925 2556 6568 5777 4964 5413 5537 4788 1198 4874 4737 4125 4758 3608 2294 3584 3531 2078 5725 886 2370 4607 1301 776 1495 2416 2554 4468 3320 
99
3940 710 408 2973 5741 5372 851 4490 2626 2050 2575 574 5429 544 3436 188 3382 6221 1521 2318 319 3891 6180 874 4667 140 2544 6475 4608 5864 3581 1013 5828 3990 3987 4781 1827 4838 2482 4453 6142 4311 4281 4036 4855 183 4225 1448 6404 5746 3020 5977 2848 1665 62 6770 1805 2606 5710 5667 935 2503 5935 6764 6493 3133 4010 1531 436 5746 5239 6579 3268 1985 3826 1334 2168 1262 2036 1038 6262 4310 226 1576 5976 6332 1557 246 1403 478 5168 2339 2981 4314 1568 1939 658 4832 2725 
40
3789 429 138 268 2414 3965 1602 3837 4481 2892 4875 3955 6456 4355 4785 4897 3898 6342 5144 5302 6074 3523 106 1521 1048 1674 2714 960 6506 5439 2054 3506 5122 1447 3028 748 5412 4630 3839 2358 
78
1925 5567 6443 5534 3563 4552 2644 2370 2161 411 910 4938 517 2431 5986 1445 5145 157 416 3050 1465 3922 1383 2912 161 1385 789 4045 5224 2402 3286 6403 434 2194 5149 3998 6000 258 5622 1372 669 6532 6310 440 2174 4761 1885 6574 4172 2301 2089 4892 5477 2726 269 4892 4112 313 1402 1801 2715 3942 670 3149 6136 5073 6401 5348 4585 5235 5974 5254 4978 4750 4948 6407 2722 44 
35
6149 1599 1492 4252 6330 3472 4521 4433 795 4088 5089 1851 14 2242 1775 2418 843 6102 1284 6191 3898 6519 4631 2363 3963 2592 522 3581 4568 6609 2238 3928 673 2984 645 
41
6456 4421 3901 6506 1720 2201 1568 1735 3697 2597 3407 4540 1910 4691 3197 5808 3676 1039 636 850 3631 412 4431 1410 6275 6669 4593 159 2864 5238 373 2531 2870 3528 1502 4591 4983 2324 5580 1891 4921 
3
3 3 4
85
6085 6143 2093 5104 3030 2386 4994 3880 6017 5406 776 6682 4892 6699 4486 4305 2028 2189 3932 4560 5060 671 5316 2116 4908 852 907 10 5773 2359 4950 5070 1713 6297 2639 3998 1895 845 1089 1123 5505 1120 270 3609 1030 4756 379 3059 157 4312 84 4471 4237 5400 6587 2357 6252 6748 1621 4491 2318 6571 2772 3285 6080 4665 494 1186 5510 838 1563 4227 1958 1834 301 2988 5844 680 5301 5255 4246 5385 2191 1695 3251 
47
4052 2714 1948 5673 416 3520 5456 2442 17 4001 319 511 4441 5083 1349 6004 2521 2561 303 2076 4804 6148 2011 3316 3868 6257 1167 6060 1163 4418 514 5215 343 1717 3354 14 5237 1275 1710 5254 5276 2029 5020 2928 6367 5623 1397 
96
1396 1701 3430 6200 314 5441 1981 3436 4163 3148 2707 4581 777 2476 2261 375 4193 5615 6432 2641 101 1353 361 4631 2637 5381 770 2215 3469 1422 3568 4865 2377 6252 3530 1945 4158 4766 5381 1533 1125 554 6114 1157 3030 840 786 434 6456 6472 3075 6557 290 2690 3654 2927 1282 3678 4396 4752 5100 430 2082 688 6682 4867 2633 3306 2844 480 4839 3223 1034 3418 3634 3318 4258 3674 3752 3179 3357 6081 2202 2902 1983 5856 5083 2519 2745 2691 6525 311 2375 1073 999 2268 
10
2887 5574 1249 2621 2878 3726 3655 5550 6615 6227 
7
2754 3190 4707 5366 1736 120 1479 
24
5230 6562 5493 1187 1718 4483 1498 4093 5556 1751 5616 3961 3892 3655 5210 6513 5788 1402 2633 4549 482 2071 6077 3236 
65
3250 1813 6252 3370 3292 2436 1812 3066 394 2253 4038 4878 3005 1343 3645 4010 170 818 1114 3825 5282 92 2824 5938 2726 6628 6420 4051 5170 2868 1778 1631 3935 495 4256 439 2185 5322 2759 2580 786 8 6712 3045 605 3568 266 775 3640 634 4601 1388 727 6679 537 3453 6518 6212 6758 4154 1545 1747 5785 5480 2242 
24
5173 4428 1785 1143 6262 1825 406 6185 4870 1011 2218 4391 1787 5859 5025 5642 6501 5752 4786 6292 1670 3770 5715 1640 
3
471 2641 6174 
96
4138 2638 3590 1031 3677 3988 504 4757 4394 5943 2838 5405 1372 6483 6446 6485 4720 4553 6197 2937 1805 5701 3862 5575 3881 5502 5964 3607 608 5349 2024 4746 452 5614 5777 3384 2813 5535 1352 6461 4689 3444 4332 5316 3139 3989 5012 1070 1008 3675 3261 2813 1841 334 853 4976 5090 28 1794 5699 5377 3818 2910 5084 1898 1899 1679 3965 6688 3031 2892 3843 6475 435 2370 2825 3678 6636 3149 3940 2776 6411 6753 4617 5999 817 2059 4301 99 3853 3211 5477 137 6121 3772 1289 
43
5451 4508 385 947 611 4228 633 1046 5852 3459 3979 5699 5862 1130 941 5484 349 4812 4695 420 82 1461 520 3936 4672 5251 3327 3258 1488 4616 2998 6193 2335 2637 351 2947 6119 984 3247 5182 3697 437 3346 
75
1568 4287 720 1917 1565 4669 2337 1647 6130 2111 5583 4013 573 2121 6526 2061 5991 1989 1465 1538 4626 1816 3739 3956 2055 197 1603 5752 6678 4203 988 1457 956 1709 2628 2521 6378 4219 4168 5720 6331 2217 2198 115 3592 1189 1431 2795 3178 2896 3587 1015 3967 537 4225 6022 734 5082 4239 623 1751 5228 1334 2707 148 3216 4482 5780 647 1115 4711 6232 3332 6164 5601 
75
564 243 2185 3743 2394 5026 4012 5615 5563 703 4848 5551 5039 1552 5429 1 6780 6763 1962 6182 2445 5698 4428 2346 25 2350 1789 2611 979 6644 2001 1544 6142 3440 4541 1001 1677 1018 6616 6494 1721 3929 5257 6015 5481 3897 5270 4727 3125 444 3374 4824 5396 1013 381 5421 2618 1424 1244 3597 534 2499 4395 6676 5940 2147 888 82 3166 715 6577 4141 4644 4299 3367 
9
1407 1849 528 3786 1547 3157 1822 154 4170 
25
5576 6042 2136 6074 2851 2670 1784 6500 2557 189 1859 2699 272 5025 3414 6103 2377 523 3613 5745 3113 4274 59 2896 525 
74
6053 1601 1760 2688 3059 6590 1196 4449 5875 3301 330 125 3012 2887 314 4871 4840 6629 2361 1465 5943 4739 1242 2021 2949 3609 6295 2262 6505 6075 3868 5023 887 4882 177 3200 4684 1373 860 3024 3928 444 3149 151 2585 2718 5023 636 2558 595 1355 967 4588 2597 2988 2 6207 1749 2264 5177 289 5386 2666 1176 3480 2097 3631 629 2724 3745 3653 6652 4190 6057 
49
6775 1986 4291 623 3798 4141 1978 4765 1194 3830 219 1197 3248 1222 2715 890 1511 1313 3556 2687 4793 4907 5572 5422 842 2529 1540 705 5973 62 6763 5959 1302 4265 5836 5101 871 1026 2331 2066 4110 1804 2517 6612 3026 5232 713 4537 6545 
72
6479 4549 1642 5262 2436 2485 256 3231 3190 6229 3293 3164 5400 3850 6684 3701 2162 766 3981 3747 2086 1302 5552 4603 1125 1043 3047 1839 5581 2803 4617 5271 6607 6259 2998 1508 1955 3255 3993 4400 2695 498 29 560 4348 6713 4262 5764 6734 1454 1976 2031 2757 6782 6635 3882 1037 2147 4975 5872 4950 2803 4354 4022 2274 563 4785 3483 3072 1989 348 5768 
14
378 5582 6089 6345 3055 4318 5544 3764 5549 41 6521 5542 6676 2868 
38
1288 309 4916 5492 3112 2481 2726 4640 2299 6765 589 5371 1965 937 3604 3707 569 2398 2261 6169 4707 5834 4178 1682 4594 4219 668 2601 3360 2791 1646 4648 3100 6562 3352 6212 1509 5332 
87
3062 5308 3907 898 484 4098 4503 3445 3922 6155 5707 3302 4073 4006 691 5010 1811 4165 5678 3666 736 1680 5312 5385 4780 4340 1948 3458 5849 491 6776 1376 5053 3148 2274 5537 457 6031 1448 4379 5397 6409 146 1936 3626 92 157 4691 4257 5089 1568 4247 6770 92 2843 4015 3686 4045 6727 2000 3790 5968 3376 2054 2327 5650 57 2039 4893 1505 5672 2755 1125 5073 4691 4751 5165 4848 2653 1887 2403 3475 6134 2384 2821 1443 5653 
79
5488 4846 1718 2490 4025 4348 3798 5607 2464 3855 111 6611 5360 5037 2577 5739 3321 6523 3701 951 3836 5608 2838 6239 1549 1438 1088 4370 2881 6742 4089 834 4799 5061 2578 1289 1875 6377 107 4339 2697 6261 4161 523 4510 5992 6262 1042 5726 2429 1248 2774 502 3340 2224 2051 4778 3313 6422 124 2520 2976 959 6573 502 3537 327 2377 3125 6478 5970 5823 5950 2596 5600 3671 1800 5073 3968 
88
713 5216 2019 470 1021 4244 2521 5800 22 1408 5178 1796 4384 6137 834 4141 2886 1161 6518 5265 850 4954 3553 12 761 2364 2937 1815 6692 116 1807 6659 4586 3826 340 4862 535 2862 3127 6600 3524 1516 1607 374 865 2441 4515 3005 2857 3498 735 3707 1663 4289 2973 2425 5907 5911 4240 5810 5281 5301 5681 2333 2339 6021 406 2128 1348 3533 1940 4127 5049 3547 4501 5168 5243 2227 1384 1311 5725 1374 4272 6643 5663 457 1533 4781 
65
5027 3057 4860 3540 1949 404 5133 435 64 472 1038 3597 1666 5165 1112 4468 2131 6280 2922 4358 130 3487 2548 1504 970 1656 6421 1427 3189 3667 260 1428 5978 5121 4968 1138 4779 2566 828 4098 2292 1120 906 3959 5539 1272 1638 881 18 3814 4493 148 512 252 906 736 1909 6581 2164 4352 2713 2424 5780 1903 10 
14
2295 4044 5779 3123 1353 537 3497 1513 4496 2247 2786 6134 2382 2804 
12
86 2206 2925 339 2366 3661 1502 1412 5079 5854 4125 6758 
20
6028 6022 6567 1535 3277 4812 3912 3884 5349 621 4652 3056 2122 649 1655 4505 2707 4068 3845 4167 
80
4184 5787 3119 4940 410 1410 3260 4535 1379 6614 3029 6655 6392 4564 2398 4415 941 6282 2229 816 4145 4539 2939 4048 6194 6698 6009 3473 3754 3387 2931 404 2385 6051 4598 2049 6715 323 6585 559 148 2825 425 5795 6643 2823 2675 795 1571 4905 1612 4970 2655 3805 1484 2061 2968 704 4788 5976 3346 185 6380 4985 6236 3444 246 5416 3767 6085 5975 3916 1375 5654 2922 1229 1689 5597 1278 2514 
76
2144 695 5623 5203 1433 149 636 2138 4191 6613 4738 4376 5458 2934 3823 2113 3180 2450 5881 1730 890 2262 3105 6545 4438 3588 699 2500 4121 3213 5468 6265 3162 3556 3934 4596 3705 4570 5988 1107 3648 3937 4738 2318 82 1772 3685 2517 3477 2031 4247 3621 4293 564 3377 1196 4152 3330 3697 1484 5797 1630 215 2171 4440 3403 6021 610 438 5220 1717 4087 2368 5709 5659 1704 
22
2555 4221 3424 4587 1680 6299 1345 2244 2142 2542 5650 5472 5493 6389 4481 6377 5858 5906 4028 1726 5138 4638 
86
3569 5609 5505 5191 4530 4375 106 4477 142 4328 366 4729 5262 6665 6074 6760 2018 1081 5621 6745 6574 4475 4437 5416 2798 3554 2655 4524 1157 504 6689 4726 6114 5405 2382 3109 2992 2488 797 2388 27 1163 6371 5289 1039 4910 4514 2312 5992 3347 2268 5031 287 6705 3659 3086 2724 6314 821 3881 6073 6764 1072 4652 5381 3454 972 838 5196 1769 2480 4478 2186 2062 2232 2479 183 6747 4791 5429 3305 270 3672 2846 6229 6585 
66
1418 6110 6754 4553 4648 5983 5625 2511 4575 1544 3483 4667 6741 4506 358 4430 6692 2420 5916 2383 1858 5874 385 498 1644 6699 4170 4491 5393 3966 3634 23 2542 2853 4576 401 2048 2667 2167 5877 4211 5650 3010 3417 2622 3368 312 2525 5043 6229 4162 112 5314 3802 610 170 3712 4035 4661 2316 466 760 1593 2262 2868 6170 
85
4170 2048 4085 3258 5513 2200 6268 1396 4822 2102 1708 6602 356 402 3975 6511 5717 988 6375 5141 3954 3621 2267 5525 3342 3027 329 5604 5149 5753 6776 2530 266 4072 5789 5780 6273 4522 6430 3560 6624 1349 3373 6234 1006 6603 5956 5977 56 5543 4329 3265 1629 6596 2001 4971 2088 1584 3041 6492 549 3028 2233 815 312 1233 5849 5839 5010 5490 2610 4845 6094 5238 3545 311 5052 2712 6288 5108 1466 3082 1584 3096 2143 
31
532 3485 4424 3573 3188 4227 5856 5422 4296 6168 5909 2611 4472 4130 1312 6336 1441 6660 4785 4986 182 3048 163 5724 622 884 2017 1460 3234 4160 4300 
91
857 1189 6594 4045 4670 5661 2678 2177 4294 1053 4788 1977 5183 5355 778 5878 5226 5564 3329 4663 1077 3493 3598 953 4377 5616 2414 822 2241 5968 3842 2352 368 2901 6398 4292 1773 1541 6469 5321 2594 3723 6552 243 2289 542 5375 6769 6106 1916 4643 6437 4663 707 602 2251 5577 3016 2327 1029 1449 5423 3382 1817 1536 2245 5363 2563 3040 5043 1096 5635 1231 113 5132 2774 655 3718 2009 6015 4888 6652 5664 2762 6613 5520 4267 5401 1747 5848 5685 
5
4483 1532 4267 5273 3777 
84
301 28 349 651 4917 835 765 2514 3609 674 6233 4872 6690 4332 4736 4819 6349 3814 3550 3827 2427 4551 2887 577 212 6624 2109 3733 4362 5140 5828 4663 4422 5431 5315 2551 6266 6080 4319 2341 6008 3763 424 5909 561 4414 3193 121 1440 5997 3202 3121 3759 6089 2952 3225 5178 5061 169 2751 2666 5997 626 299 4640 5195 2104 4117 3740 6424 5712 2959 2652 6137 1334 2467 3016 4527 2588 4456 2990 5045 42 6749 
64
2994 2440 1989 520 2609 3994 3186 1818 3874 2740 5712 2280 4098 2294 5274 3733 1218 1445 5640 6609 2779 1318 2836 6560 3161 6547 2761 1417 5843 1976 4270 2049 4416 6259 2569 236 3465 5010 1308 6593 961 6274 2085 4313 1780 570 512 2252 1269 6152 2072 4048 6724 4162 3074 2350 3174 5835 3021 2229 1022 503 3532 4692 
61
5355 4929 2692 3576 5491 2497 3791 4977 3836 1316 6011 3660 1828 1474 4930 445 2800 1443 380 6216 3771 2731 2602 2818 5752 4085 3094 6255 828 998 5483 5437 5181 640 1479 3137 2391 5270 579 6227 5840 6590 2353 133 1275 494 6621 4075 1191 6256 2757 4963 1452 4613 246 6458 1909 2594 5925 1991 2846 
