11
1804334081
11
846939648
11
1681771861
11
1714664171
11
1957777591
11
424242424
11
719888917
11
1649779461
11
596525695
11
1189669811
11
1025225201
11
1350550531
11
783373387
11
1102552011
11
2044994402
11
1967557691
11
1365225631
11
1540440451
11
304090403
11
1303553031
11
35011053
11
521606125
11
294707492
11
1726996271
11
336474633
11
861030168
11
278727872
11
233666332
11
2145225412
11
468707864
11
1101551011
11
1801991081
11
1315665131
11
635727536
11
1369229631
11
1125995211
11
1059999501
11
2089119802
11
628181826
11
1656556561
11
1131221311
11
1653443561
11
859484958
11
1914554191
11
608414806
11
756898657
11
1734664371
11
1973663791
11
149808941
11
2038668302
11
1129669211
11
184808481
11
412777214
11
1424334241
11
1911771191
11
749242947
11
137808731
11
42999924
11
982909289
11
135505531
11
511707115
11
2084444802
11
1937557391
11
1827337281
11
572666275
11
1159229511
11
805757508
11
1632662361
11
1100770011
11
1433993341
11
1141661411
11
84355348
11
939828939
11
2001111002
11
1998998991
11
1548338451
11
610525016
11
1585995851
11
1374444731
11
760323067
11
1477227741
11
356434653
11
945121549
11
1889999881
11
1780770871
11
709393907
11
491707194
11
1918558191
11
752393257
11
1474664741
11
2054004502
11
1264114621
11
1411551141
11
1843993481
11
943949349
11
1984224891
11
855636558
11
1749779471
11
1469449641
11
1956336591
