1804334081
846939648
1681771861
1714664171
1957777591
424242424
719888917
1649779461
596525695
1189669811
1025225201
1350550531
783373387
1102552011
2044994402
1967557691
1365225631
1540440451
304090403
1303553031
35011053
521606125
294707492
1726996271
336474633
861030168
278727872
233666332
2145225412
468707864
1101551011
1801991081
1315665131
635727536
1369229631
1125995211
1059999501
2089119802
628181826
1656556561
1131221311
1653443561
859484958
1914554191
608414806
756898657
1734664371
1973663791
149808941
2038668302
1129669211
184808481
412777214
1424334241
1911771191
749242947
137808731
42999924
982909289
135505531
511707115
2084444802
1937557391
1827337281
572666275
1159229511
805757508
1632662361
1100770011
1433993341
1141661411
84355348
939828939
2001111002
1998998991
1548338451
610525016
1585995851
1374444731
760323067
1477227741
356434653
945121549
1889999881
1780770871
709393907
491707194
1918558191
752393257
1474664741
2054004502
1264114621
1411551141
1843993481
943949349
1984224891
855636558
1749779471
1469449641
1956336591
