11
1804334081
11
846939648
11
1681771861
11
1714664171
11
1957777591
11
424242424
11
719888917
11
1649779461
11
596525695
11
1189669811
11
1025225201
11
1350550531
11
783373387
11
1102552011
11
2044994402
11
1967557691
11
1365225631
11
1540440451
11
304090403
11
1303553031
11
35011053
11
521606125
11
294707492
11
1726996271
11
336474633
11
861030168
11
278727872
11
233666332
11
2145225412
11
468707864
11
1101551011
11
1801991081
11
1315665131
11
635727536
11
1369229631
11
1125995211
11
1059999501
11
2089119802
11
628181826
11
1656556561
11
1131221311
11
1653443561
11
859484958
11
1914554191
11
608414806
11
756898657
11
1734664371
11
1973663791
11
149808941
11
2038668302
