3 2 511
9 5 18475
0
3 2 511
9 5 18475
0
3 2 511
9 5 18475
0
3 2 511
9 5 18475
0
3 2 511
9 5 18475
0
3 2 511
9 5 18475
0
3 2 511
9 5 18475
0
3 2 511
9 5 18475
0
3 2 511
9 5 18475
0
3 2 511
9 5 18475
0
3 2 511
9 5 18475
0
3 2 511
9 5 18475
0
3 2 511
9 5 18475
0
3 2 511
9 5 18475
0
3 2 511
9 5 18475
0
3 2 511
9 5 18475
0
3 2 511
9 5 18475
0
3 2 511
9 5 18475
0
3 2 511
9 5 18475
0
3 2 511
9 5 18475
0
3 2 511
9 5 18475
0
3 2 511
9 5 18475
0
3 2 511
9 5 18475
0
3 2 511
9 5 18475
0
3 2 511
9 5 18475
0
3 2 511
9 5 18475
0
3 2 511
9 5 18475
0
3 2 511
9 5 18475
0
3 2 511
9 5 18475
0
3 2 511
9 5 18475
0
3 2 511
9 5 18475
0
