30
9
33 10 18 16 4 21 15 12 20 
18 36 23 17 41 36 29 17 10 
16
2 9 20 6 15 23 9 22 32 12 18 33 11 1 24 34 
42 25 9 8 41 26 35 20 34 25 5 19 33 14 16 19 
10
5 1 24 1 17 11 6 28 28 5 
29 11 16 34 9 32 42 9 22 16 
3
21 18 11 
37 17 6 
2
15 33 
42 42 
22
22 20 23 32 25 17 33 3 28 1 13 5 15 32 10 17 29 25 4 24 16 15 
23 4 9 14 28 24 4 18 34 20 41 30 38 3 2 24 33 3 11 20 29 42 
4
33 2 6 31 
26 21 29 21 
25
31 12 23 22 10 22 5 7 7 16 1 32 33 18 29 18 29 34 16 10 20 19 17 29 24 
12 8 18 41 20 18 14 40 23 22 41 24 39 31 10 11 35 25 28 41 12 27 40 9 2 
10
30 6 22 33 3 34 32 3 32 33 
29 8 3 1 21 35 24 17 15 25 
23
6 28 14 7 5 20 3 16 7 8 19 12 3 17 22 10 23 33 8 29 31 7 20 
39 33 42 20 41 13 36 16 10 34 11 5 34 32 31 8 3 22 14 15 7 6 22 
20
15 1 32 9 5 13 3 11 8 9 23 27 19 11 2 34 1 33 30 30 
40 17 14 43 30 27 6 36 33 27 17 36 23 9 17 23 21 39 10 14 
20
11 21 33 21 31 6 30 3 2 25 24 29 3 7 2 18 31 15 25 30 
31 14 36 32 22 7 1 9 16 15 16 31 10 39 36 3 2 22 12 37 
26
1 33 4 7 34 29 11 15 19 7 33 4 10 19 28 25 27 15 2 3 25 15 7 6 30 8 
18 19 20 11 24 29 40 8 35 20 16 34 15 2 3 33 2 7 30 15 17 28 28 42 40 14 
19
17 27 15 24 19 21 15 16 27 33 11 11 31 5 22 5 22 26 20 
3 43 33 24 6 7 9 33 40 5 39 43 7 18 42 17 6 43 4 
15
2 11 7 20 7 20 8 11 7 7 4 17 13 29 26 
20 30 2 1 26 42 39 25 40 13 15 14 19 14 9 
13
6 6 18 25 12 3 6 30 17 12 34 33 32 
29 14 13 15 16 14 40 6 1 14 2 14 28 
2
21 8 
15 38 
22
20 22 19 5 24 25 1 14 10 8 12 8 9 10 5 24 16 31 9 7 23 26 
16 30 8 23 10 33 29 39 9 3 32 26 29 20 8 11 24 21 41 4 19 5 
2
16 33 
42 2 
23
15 17 7 6 19 18 24 7 2 30 25 14 30 5 11 1 17 31 13 34 1 7 10 
23 31 35 1 14 33 37 6 3 11 20 15 6 42 6 2 1 9 28 4 15 43 32 
15
21 5 14 28 6 20 11 25 2 14 34 24 26 29 27 
35 22 42 6 19 32 3 12 25 3 40 28 17 31 8 
7
32 16 20 33 29 5 9 
27 6 1 2 23 33 22 
9
13 9 13 17 26 15 23 17 2 
17 10 24 26 40 31 31 36 3 
25
22 34 34 5 19 21 1 20 32 22 7 8 8 23 20 32 14 9 28 31 10 27 20 23 23 
5 33 32 32 35 15 1 29 35 40 40 10 20 10 7 40 36 40 24 11 15 28 30 13 30 
25
28 28 8 16 25 12 28 23 13 18 7 10 8 25 11 17 29 12 18 4 8 34 20 11 4 
36 14 16 40 43 1 39 5 36 39 2 24 29 22 43 11 5 20 12 31 19 2 15 3 37 
9
8 30 29 19 33 24 3 19 4 
9 14 22 5 6 17 6 29 3 
20
11 4 25 7 26 29 29 31 26 29 27 1 3 30 3 21 2 34 31 20 
9 21 5 30 25 2 39 30 23 41 40 43 2 20 31 9 22 37 10 30 
29
6 23 15 9 33 9 10 33 13 30 9 14 24 30 31 33 15 9 6 30 5 15 14 34 4 23 23 22 3 
8 33 29 42 36 39 6 35 9 22 11 21 38 8 21 41 30 23 31 30 3 18 18 26 33 26 27 14 3 
3
3 3 24 
16 1 3 
13
1 22 8 5 4 10 17 6 10 25 31 8 28 
11 10 35 29 27 24 3 11 29 5 40 16 7
