1 2 3 4 5 6 7 8 9 10 11 12 13 14 15 16 17 18 19 20 21 22 23 24 25 26 27 28 29 30 31 32 33 34 35 36 37 38 39 40 41 42 43 44 45 46 47 48 49 50 51 52 53 54 55 56 57 58 59 60 61 62 63 64 65 66 67 68 69 70 
2 37 7 23 1 24 53 42 67 45 34 70 41 27 9 38 64 48 69 17 11 30 8 40 59 43 12 63 16 65 13 66 14 6 26 35 19 54 31 5 56 32 62 68 33 22 36 57 50 3 49 58 47 20 4 60 46 21 44 29 28 39 15 18 51 52 61 25 10 55 
1 2 3 4 5 6 7 8 9 10 11 12 13 14 15 16 17 18 19 20 21 22 23 24 25 26 27 28 29 30 31 32 33 34 35 36 
7 36 3 30 20 1 13 16 9 22 18 23 26 29 12 11 21 24 19 33 28 14 25 17 34 10 15 2 31 35 4 27 8 5 32 6 
1 2 3 4 5 6 7 8 9 10 11 12 13 14 15 16 17 18 19 20 21 22 23 24 25 26 27 28 29 30 31 32 33 34 35 36 37 38 39 40 41 42 43 44 45 46 47 48 49 50 51 52 53 54 55 56 57 58 59 60 61 62 63 64 65 66 67 68 69 
50 55 53 57 35 44 7 41 42 21 33 60 63 11 19 20 51 23 49 4 40 12 32 25 26 10 39 37 36 5 52 16 45 30 67 56 6 69 27 31 58 28 14 54 43 13 2 22 64 34 15 59 68 62 17 18 46 61 24 48 1 47 66 29 38 3 9 65 8 
1 2 3 4 5 6 7 8 9 10 11 12 13 14 15 16 17 18 19 20 21 22 23 24 25 26 27 28 29 30 31 32 33 34 35 36 37 38 39 40 41 42 43 44 45 46 47 48 49 50 51 52 53 54 55 56 57 58 59 60 61 62 63 64 65 66 67 68 69 70 71 
32 46 30 57 68 48 10 2 16 44 39 70 40 45 59 38 36 35 49 8 34 56 53 19 15 24 21 20 51 62 66 12 6 42 13 5 1 55 67 28 63 18 52 7 27 60 58 47 50 64 29 17 61 4 71 26 41 33 14 37 9 69 54 23 43 25 11 22 31 65 3 
1 2 3 4 5 6 7 8 9 10 11 12 13 14 15 16 17 18 19 20 21 22 23 24 25 26 27 28 29 30 31 32 33 34 35 36 37 38 39 40 41 42 43 44 45 46 47 48 49 50 51 52 53 54 55 56 57 58 59 60 61 62 63 
14 51 18 8 45 20 9 19 50 55 46 44 41 49 25 6 58 39 36 26 61 53 48 33 1 12 17 31 35 24 54 30 63 52 27 3 16 4 10 34 47 29 38 21 7 60 59 11 56 40 22 13 62 37 43 32 42 28 2 23 57 15 5 
