33 47 67 66 44 41 4 7 3 20 60 19 30 27 50 35 10 57 16 32 55 21 54 22 63 48 25 56 31 51 38 58 46 52 26 11 39 17 2 61 9 69 14 34 37 28 15 49 40 6 68 8 43 65 64 24 36 62 59 13 45 53 12 18 42 1 5 29 23 70 
48 42 44 19 9 60 15 12 27 21 54 50 32 31 61 14 36 24 26 52 64 37 22 65 13 10 46 43 23 38 47 25 53 8 7 45 34 1 58 49 28 20 51 17 68 30 5 59 66 11 16 62 39 55 41 33 35 69 4 67 2 3 57 18 6 63 56 29 40 70 
30 23 33 21 7 12 17 10 32 27 16 11 18 1 20 14 35 6 4 28 9 3 25 24 8 13 31 5 34 22 2 26 15 19 29 36 
35 21 4 2 23 5 15 32 34 3 12 9 25 33 29 16 13 1 6 10 20 30 26 19 22 27 28 17 31 18 14 11 8 7 24 36 
16 29 6 62 67 22 40 58 46 20 3 60 17 21 59 56 33 28 26 45 48 7 14 37 1 41 15 44 61 31 10 23 63 30 66 54 19 25 51 35 27 8 64 18 52 43 55 39 36 2 53 32 47 38 42 11 5 4 57 68 50 65 9 24 49 12 34 13 69 
14 66 35 32 65 28 10 37 40 53 48 47 24 59 67 36 51 23 58 16 33 55 45 12 49 30 57 21 19 7 8 6 15 44 18 41 4 54 52 64 5 20 39 60 43 17 9 46 25 1 56 62 11 22 61 34 26 13 38 68 3 27 42 2 29 50 63 31 69 
54 55 44 65 51 32 21 25 45 30 49 27 52 64 34 69 36 10 29 58 31 9 11 41 1 22 17 3 7 16 6 56 50 20 68 26 13 15 2 70 63 48 43 61 59 28 53 14 5 40 37 46 39 8 18 24 47 33 42 12 62 67 35 57 23 66 60 19 38 4 71 
14 63 39 12 66 70 17 45 15 5 65 68 3 11 51 2 35 47 24 55 30 33 54 9 64 50 62 59 13 28 31 10 8 22 53 38 4 69 16 43 1 20 61 29 52 56 26 19 60 32 37 41 40 18 46 34 49 57 42 44 6 27 21 25 67 36 7 23 58 48 71 
47 54 3 50 34 43 29 24 9 59 46 35 48 17 30 40 52 39 62 23 25 6 4 57 56 53 41 14 2 15 27 33 8 12 22 16 42 61 1 11 38 18 13 45 26 55 10 28 19 20 7 49 51 37 21 58 31 60 36 44 32 5 63 
44 32 43 7 56 3 49 23 37 46 10 13 55 40 38 28 9 60 42 31 39 29 30 18 51 22 36 45 15 54 25 27 41 17 53 47 35 11 8 34 6 5 4 16 24 1 26 2 12 59 14 58 48 57 20 52 19 33 50 61 21 62 63 
