20
44
46 72 40 8 10 31 72 99 31 2 82 20 4 83 91 45 36 37 16 101 98 12 9 2 5 47 13 22 40 89 42 87 33 59 72 43 91 16 37 99 18 96 14 104 
53
83 44 65 15 38 61 91 50 71 93 32 95 1 31 30 90 74 12 101 5 61 39 73 77 54 45 72 45 59 72 74 14 93 35 7 3 96 98 53 39 63 86 29 64 12 60 26 63 49 22 46 6 39 
15
60 70 59 28 92 96 77 62 87 42 97 71 46 65 41 
77
0 104 34 29 40 24 66 67 87 11 66 5 99 82 102 31 47 33 36 35 1 8 74 89 28 66 32 74 3 74 45 3 73 80 10 9 81 53 53 40 41 96 46 35 74 43 44 98 76 80 28 55 89 79 39 94 17 71 63 21 17 85 24 91 37 11 77 13 65 2 54 1 98 100 14 67 15 
59
38 68 33 66 18 99 41 34 88 58 83 23 56 100 4 58 63 18 69 12 32 6 14 63 90 8 35 104 52 50 34 90 95 44 29 91 39 47 102 104 82 57 0 34 53 86 92 93 104 33 1 8 40 97 71 25 0 1 1 
31
28 35 15 101 79 21 87 95 68 61 72 23 14 72 57 44 30 21 32 29 54 10 38 71 3 86 96 85 88 74 10 
94
4 26 89 61 24 48 28 93 5 100 11 101 44 45 40 74 66 72 81 97 60 96 64 63 77 32 43 37 84 54 26 65 57 92 21 81 13 27 46 100 104 34 96 44 79 31 95 17 80 48 92 35 39 28 75 94 37 14 26 16 45 29 82 102 17 80 55 30 2 79 25 2 8 98 23 65 24 95 59 81 39 46 12 55 74 64 44 89 78 71 0 100 100 82 
75
94 58 25 101 37 104 103 16 89 96 39 49 97 7 86 74 46 27 63 78 79 22 18 63 78 66 63 73 38 18 43 28 53 45 24 67 21 23 84 5 96 18 32 89 25 13 58 48 17 98 22 96 15 17 31 70 83 72 39 16 90 59 21 15 104 23 82 20 23 61 2 14 57 34 103 
60
47 33 3 65 26 2 33 19 101 65 89 79 32 0 72 99 59 94 9 35 94 68 55 12 25 58 26 59 69 2 13 12 35 98 54 39 100 87 35 96 24 101 47 56 102 15 27 33 86 36 69 75 0 101 87 2 54 90 61 19 
93
74 8 0 68 62 16 40 21 51 9 46 47 33 79 21 25 2 55 6 15 101 58 97 97 17 76 24 85 32 20 72 84 5 49 24 44 65 41 65 93 27 88 13 61 40 34 86 42 66 70 34 62 0 4 32 18 80 33 103 8 53 47 69 58 97 93 102 34 6 39 0 34 23 13 95 63 24 53 82 91 18 93 25 19 97 34 14 73 67 94 58 97 36 
23
27 5 92 1 17 75 41 17 4 41 7 76 81 31 2 35 99 20 23 20 16 16 31 
8
66 99 101 19 68 10 18 96 
16
87 97 9 57 10 26 39 51 33 92 4 42 94 39 36 92 
41
56 85 33 65 93 99 59 66 95 104 76 90 95 69 49 88 78 83 75 82 17 22 92 5 3 29 76 43 66 63 83 99 44 93 59 32 87 95 98 54 95 
48
39 62 11 65 22 66 43 98 43 38 15 31 20 18 37 96 38 80 55 98 75 99 86 6 3 45 79 78 99 46 20 10 3 8 75 26 75 14 19 95 52 11 103 72 6 36 40 45 
12
95 15 63 66 102 47 46 19 21 20 14 67 
18
24 70 3 77 73 55 68 92 45 15 103 44 64 87 57 104 27 45 
73
19 4 33 98 51 80 13 49 77 27 93 71 28 58 74 82 27 24 45 96 47 60 72 91 101 54 43 101 58 88 68 77 69 78 71 97 30 84 18 84 88 6 51 93 65 102 71 69 104 11 60 46 49 4 9 45 58 29 18 11 94 63 89 36 37 32 28 67 11 47 47 76 30 
76
64 95 49 30 36 48 42 74 71 91 78 80 8 32 86 27 20 76 90 4 7 22 36 12 67 24 36 91 100 67 38 60 34 87 67 48 31 4 17 79 72 72 32 81 81 13 85 102 66 70 1 50 70 15 63 9 16 76 100 12 15 33 49 50 15 11 75 23 98 92 103 42 36 30 100 13 
21
80 10 87 23 93 32 93 85 72 102 102 21 74 91 36 84 35 63 99 23 33 
