100
84 87 78 16 94 36 87 93 50 22 63 
8
91 60 64 27 41 27 73 37 12 69 68 
1
83 31 63 24 68 36 30 3 23 59 70 
10
94 57 12 43 30 74 22 20 85 38 99 
10
16 71 14 27 92 81 57 74 63 71 97 
8
6 26 85 28 37 6 47 30 14 58 25 
11
83 46 15 68 35 65 44 51 88 9 77 
10
89 85 4 52 55 100 33 61 77 69 40 
5
27 87 95 40 96 71 35 79 68 2 98 
8
18 93 53 57 2 81 87 42 66 90 45 
10
41 30 32 18 98 72 82 76 10 28 68 
6
98 54 87 66 7 84 20 25 29 72 33 
10
4 20 71 69 9 16 41 50 97 24 19 
5
47 52 22 56 80 89 65 29 42 51 94 
10
35 65 25 15 88 57 44 92 28 66 60 
7
33 52 38 29 76 8 75 22 59 96 30 
9
36 94 19 29 44 12 29 30 77 5 44 
3
14 39 7 41 5 19 29 89 70 18 18 
1
25 44 71 84 91 100 73 26 45 91 6 
5
55 87 70 83 43 65 98 8 56 5 49 
11
23 29 100 44 47 69 41 23 12 11 6 
2
62 31 79 6 21 37 45 27 23 66 9 
1
83 59 25 38 63 25 1 37 53 100 80 
3
69 72 74 32 82 31 34 95 61 64 100 
5
100 97 60 74 14 69 91 96 27 67 85 
1
91 85 77 43 37 8 46 57 80 19 88 
2
49 73 60 10 37 11 43 88 7 2 14 
6
22 56 20 100 22 5 40 12 41 68 6 
8
28 51 85 59 21 25 23 70 97 82 31 
2
93 73 73 51 26 86 23 100 41 43 99 
6
99 91 25 91 10 82 20 37 33 56 95 
2
80 70 74 77 51 56 61 43 80 85 94 
7
22 68 5 14 62 55 27 60 45 3 3 
8
85 22 43 69 29 90 73 9 59 99 37 
10
54 49 4 34 34 49 91 55 68 47 69 
3
1 47 89 98 50 91 4 34 64 98 54 
4
87 26 53 97 76 89 58 30 37 61 15 
8
61 5 29 28 51 49 57 3 95 98 100 
11
40 3 29 4 1 82 48 39 60 52 36 
4
40 93 16 28 5 30 50 65 86 30 44 
11
78 1 39 72 50 90 68 89 93 96 44 
11
30 91 83 41 42 70 27 33 62 43 61 
9
24 62 82 10 91 26 97 68 78 35 91 
5
25 58 15 69 6 59 13 87 1 47 27 
11
17 53 79 30 47 91 48 71 52 81 32 
7
58 28 13 87 15 56 13 91 13 80 11 
8
90 75 56 42 21 34 88 89 39 67 71 
6
57 18 7 61 50 38 6 60 18 19 46 
1
74 59 74 38 90 84 8 79 58 15 72 
5
1 60 19 39 26 89 75 34 58 82 94 
4
71 100 18 40 70 64 23 95 74 48 32 
3
83 91 93 92 58 16 22 58 75 92 48 
11
32 22 38 41 55 31 99 26 82 17 17 
8
32 40 97 5 39 81 19 22 71 63 13 
5
78 86 37 5 77 84 8 60 58 45 100 
7
28 51 37 61 19 6 64 50 45 12 6 
6
92 76 56 15 90 69 94 19 6 83 23 
8
18 31 94 75 27 94 87 54 44 75 15 
10
80 78 63 76 89 20 11 33 95 18 47 
8
38 92 54 44 74 29 26 92 11 19 18 
2
64 56 91 59 31 5 72 62 34 86 90 
7
5 52 6 51 69 4 86 7 96 40 50 
10
68 27 64 78 97 82 66 61 37 56 71 
2
12 43 33 97 80 22 71 85 73 28 35 
8
84 73 99 31 64 48 51 31 74 15 60 
7
48 25 83 36 33 5 55 44 99 87 41 
6
60 63 63 84 42 49 24 25 73 23 55 
11
22 58 66 48 72 77 70 19 2 4 54 
10
8 60 29 7 98 21 85 9 35 99 92 
2
99 16 53 72 90 60 7 11 17 25 10 
4
1 79 10 54 82 15 39 90 27 68 48 
4
88 32 33 23 82 76 51 80 91 55 51 
1
14 58 95 82 82 4 21 34 83 82 88 
2
97 26 5 23 93 52 98 33 35 82 7 
8
58 9 96 100 63 98 84 77 55 78 10 
1
33 83 22 67 64 61 83 12 86 87 86 
10
91 84 15 77 17 21 93 26 29 40 26 
8
37 61 19 44 38 29 83 22 11 56 89 
1
16 71 38 54 9 23 84 51 58 98 28 
5
70 72 52 50 11 29 40 99 89 11 94 
10
91 77 100 53 32 88 78 100 58 67 53 
4
42 36 69 99 85 96 77 6 67 29 55 
11
9 94 79 98 56 73 75 46 1 26 98 
4
13 28 83 22 94 35 40 35 22 60 86 
11
55 62 63 73 42 17 53 51 63 83 100 
10
55 74 16 7 52 65 91 64 92 73 38 
4
60 29 72 81 88 57 91 42 71 53 66 
8
70 18 62 84 52 13 1 7 39 68 65 
6
33 55 5 76 80 42 13 39 70 37 71 
11
45 61 50 15 66 15 27 87 84 40 70 
9
53 22 94 91 90 10 32 74 65 36 49 
11
78 14 34 99 50 56 56 94 69 57 61 
11
24 87 72 59 78 41 46 82 62 91 24 
2
1 55 76 65 43 25 60 20 90 45 70 
5
52 77 84 20 34 44 5 57 82 76 67 
6
68 13 93 30 3 69 32 3 75 8 19 
2
84 78 88 73 74 58 63 26 34 98 97 
7
42 54 27 75 81 94 86 49 6 31 30 
8
99 61 63 25 20 81 42 3 11 81 27 
8
90 41 9 24 39 58 94 32 11 21 6 
9
