987564
1975128
2962692
3950256
4937820
5925384
6912948
7900512
8888076
9875640
10863204
11850768
12838332
13825896
14813460
15801024
16788588
17776152
18763716
19751280
20738844
21726408
22713972
23701536
24689100
25676664
26664228
27651792
28639356
29626920
30614484
31602048
32589612
33577176
34564740
35552304
36539868
37527432
38514996
39502560
40490124
41477688
42465252
43452816
44440380
45427944
46415508
47403072
48390636
49378200
50365764
51353328
52340892
53328456
54316020
55303584
56291148
57278712
58266276
59253840
60241404
61228968
62216532
63204096
64191660
65179224
66166788
67154352
68141916
69129480
70117044
71104608
72092172
73079736
74067300
75054864
76042428
77029992
78017556
79005120
79992684
80980248
81967812
82955376
83942940
84930504
85918068
86905632
87893196
88880760
89868324
90855888
91843452
92831016
93818580
94806144
95793708
96781272
97768836
98756400
