100
694458 5587
238759 3587
517245 5484
491377 4892
899807 322
384966 7071
55246 6094
958155 2040
723140 7640
703603 8605
635337 18
899292 9995
175639 7378
379026 9357
414392 6392
596297 8672
567542 8256
270404 7372
806999 6804
497416 5296
479021 9387
127664 7607
662413 5007
353979 297
900812 675
991949 6491
172564 9788
949067 1797
705894 4530
613873 8000
551087 1482
211996 2143
349563 3573
481033 4419
97784 7993
613829 7781
928339 855
560765 3310
955059 8767
348566 4870
959094 1806
907778 9591
122319 2972
778354 7743
254913 4845
966386 2254
51688 8642
49949 7013
259983 1577
488792 718
747996 1317
24132 4343
893911 7404
599110 5510
471988 2120
441769 6328
471993 9373
277838 7880
322577 5229
283696 5949
317681 1208
975620 905
469511 8764
663121 9944
65894 8863
232998 5097
320879 8010
257875 8458
118958 1334
344983 3823
798720 3960
467676 389
259629 7446
296897 6524
386245 5366
268382 1982
909696 7045
390284 780
760095 201
279113 5303
950333 1551
35960 8680
24200 4198
323170 2346
46186 3381
179441 6258
650499 2055
473968 6980
413483 2081
305825 9420
434690 9696
146170 2535
901680 2006
684937 5292
159064 7085
389954 3085
153219 3136
741330 5248
954776 7882
912516 5537