10000
665 479
269 154
998 501
904 992
254 763
869 591
683 843
410 708
352 88
497 566
486 252
115 565
414 585
23 864
308 389
586 546
418 973
193 573
566 416
179 815
406 538
381 766
194 807
894 510
76 264
515 111
675 281
865 630
213 807
914 887
433 520
493 501
792 570
985 404
219 77
334 883
649 343
151 714
942 561
825 763
592 737
18 340
688 267
75 601
488 900
421 988
208 639
209 632
37 719
795 913
515 973
317 129
562 882
444 186
667 223
678 269
327 260
245 414
15 16
915 38
745 221
860 55
687 952
390 787
419 442
134 904
751 933
816 169
354 32
255 978
247 740
999 651
66 292
307 244
282 80
301 941
714 745
416 879
385 120
561 806
710 804
456 414
582 461
212 272
968 936
395 466
117 933
226 394
356 900
980 532
192 356
101 999
597 906
26 517
323 981
785 306
719 751
930 960
232 301
955 142
326 201
134 350
462 162
62 78
329 818
892 760
478 520
145 993
229 75
57 889
195 270
21 560
520 632
651 669
530 471
390 607
675 574
454 242
320 856
393 516
994 648
886 285
996 473
266 32
920 225
494 322
601 833
465 233
621 121
310 116
441 151
443 699
660 835
691 897
132 979
346 802
87 126
317 232
981 84
27 583
623 901
453 521
472 224
345 917
752 93
961 373
73 911
746 405
21 732
430 156
957 152
277 775
725 763
565 313
895 707
327 591
830 518
742 499
135 303
114 805
178 886
517 794
917 968
419 981
138 937
89 848
342 813
295 84
396 786
212 859
170 10
528 257
755 999
21 988
793 890
495 135
928 689
377 12
993 845
501 795
363 849
381 589
391 423
209 676
254 787
515 420
396 423
423 43
749 151
41 443
296 261
950 536
266 942
506 327
840 977
826 7
314 203
345 926
602 705
211 553
692 574
997 725
487 88
238 139
300 236
497 997
252 596
538 166
211 236
214 45
769 51
972 40
965 84
788 317
588 286
860 717
442 280
86 576
714 647
883 43
40 14
328 99
264 10
245 585
348 474
243 458
217 117
200 215
531 900
187 706
423 120
118 765
60 584
231 204
246 773
505 832
930 4
13 833
137 912
386 975
434 484
600 629
562 369
269 519
225 94
931 174
938 367
669 49
970 997
489 618
451 216
937 994
546 100
13 949
925 682
166 117
745 78
446 484
3 308
120 714
888 946
32 51
817 545
262 700
318 788
722 469
182 487
587 660
328 727
128 318
434 971
767 12
215 898
924 213
646 217
881 762
531 253
516 912
331 348
854 496
965 368
854 296
955 147
593 160
477 2
692 439
451 630
247 459
672 665
600 171
932 37
289 482
113 463
529 523
20 163
530 384
679 984
849 103
263 353
73 442
881 458
806 764
224 51
434 53
941 614
650 34
234 592
773 657
898 66
228 303
405 917
620 476
578 802
873 189
630 559
18 945
710 230
998 542
595 652
266 432
185 255
847 634
10 418
202 620
641 907
544 429
904 46
566 882
71 202
760 439
104 420
368 777
39 532
184 367
517 633
606 168
520 701
838 453
74 248
873 40
188 433
479 417
300 810
12 763
203 89
508 772
268 306
556 876
243 306
657 739
625 759
180 264
435 145
111 18
775 227
660 983
120 962
773 139
901 138
226 503
993 822
846 734
610 262
286 402
859 571
49 662
644 484
347 228
963 79
306 457
441 739
420 965
822 560
697 911
415 442
265 641
375 408
388 829
232 703
992 393
55 809
294 42
987 698
776 640
816 670
128 800
765 975
535 547
459 587
748 950
591 592
718 13
560 685
388 107
499 510
320 381
141 272
688 613
971 846
516 464
265 506
481 643
909 748
55 16
684 368
959 802
533 276
960 677
502 93
603 67
166 719
709 922
254 25
871 397
861 943
450 106
468 844
592 930
665 377
463 365
167 349
343 141
536 699
792 22
89 757
476 114
36 254
279 186
301 8
950 868
692 162
724 400
331 160
255 36
400 995
63 717
576 567
984 406
427 113
869 776
889 515
488 64
967 643
650 485
72 269
149 601
719 763
923 592
627 50
763 896
333 745
31 826
950 908
739 16
791 377
611 327
391 400
761 817
302 77
64 412
731 373
136 213
523 450
219 777
674 150
613 700
245 7
633 644
659 195
291 373
699 169
287 901
718 808
604 49
179 738
829 667
598 909
78 964
461 121
988 15
715 853
578 602
246 959
873 211
302 904
791 164
65 720
528 79
127 501
957 850
518 305
932 786
750 834
955 728
743 929
782 943
264 177
854 360
290 509
132 727
890 591
311 923
720 673
892 558
408 846
869 849
635 644
479 520
966 105
34 153
96 709
604 535
613 79
587 459
186 902
213 438
80 795
468 523
81 799
645 80
928 208
851 233
752 564
387 330
201 437
147 420
673 16
94 469
927 287
907 399
836 832
627 120
362 915
714 813
892 161
368 78
310 540
822 220
268 780
218 209
347 469
484 83
270 21
26 296
694 198
748 932
771 531
165 375
906 133
293 879
675 518
58 380
599 704
203 598
806 585
772 139
939 153
173 974
270 210
407 916
849 683
214 155
248 339
471 97
694 872
390 482
861 370
74 166
763 179
483 994
134 288
441 255
948 73
282 332
249 936
619 407
561 816
155 551
648 527
400 344
544 342
430 508
393 406
303 222
217 874
163 785
759 350
141 322
653 707
362 423
829 620
436 981
251 110
636 309
371 617
959 36
263 915
40 108
330 655
529 342
128 546
614 691
13 886
312 754
895 385
5 673
373 725
553 160
187 624
959 189
943 558
192 918
745 206
579 231
291 75
339 108
518 418
23 671
425 249
352 334
726 40
483 76
235 99
441 36
224 421
697 401
38 885
809 607
837 782
575 388
215 129
265 913
584 732
699 288
340 728
486 770
845 66
883 968
4 80
219 324
443 945
831 635
242 200
981 640
29 798
645 276
907 961
412 909
915 211
938 111
880 256
321 143
111 725
523 204
247 114
777 461
96 689
888 608
967 337
853 589
864 714
675 498
408 490
700 87
915 42
297 357
499 515
240 618
540 609
441 482
942 786
195 219
545 38
93 801
109 512
944 946
163 691
182 619
424 570
331 881
239 340
854 627
963 737
66 812
13 504
9 506
443 954
710 921
723 988
219 803
468 831
523 164
501 630
919 704
585 644
983 250
876 542
280 556
87 559
63 345
569 100
54 789
711 731
719 764
286 434
983 656
538 753
102 506
928 758
402 21
270 233
774 104
659 865
424 54
117 745
844 205
993 405
136 898
381 423
575 573
229 666
138 559
783 486
244 239
978 431
663 364
467 248
831 437
210 126
589 973
896 45
449 153
769 609
32 584
157 150
534 607
884 105
309 671
628 667
98 271
634 606
573 479
916 101
944 123
97 844
888 252
404 992
601 338
640 173
41 352
958 797
620 574
963 842
228 928
199 592
198 45
523 832
651 489
612 158
2 314
284 708
419 609
946 688
579 739
91 586
102 620
194 767
328 721
649 876
468 555
318 566
117 384
592 560
717 767
799 204
630 438
47 84
490 49
506 992
297 787
407 596
82 118
838 320
196 409
683 207
491 382
484 1
560 608
375 76
279 996
434 893
695 627
395 199
909 903
690 900
216 206
323 98
136 297
706 880
805 50
431 389
108 296
903 633
709 668
383 997
609 706
334 535
733 304
207 728
347 642
566 615
431 562
859 889
488 566
615 565
953 12
307 764
117 61
447 929
645 544
250 548
83 254
557 302
748 815
457 482
815 96
657 24
631 247
812 516
799 837
848 147
629 471
251 873
802 464
8 697
964 447
419 976
278 47
581 694
176 745
840 756
498 991
956 216
451 129
684 487
633 250
721 251
125 981
445 971
387 645
811 172
148 70
117 230
924 144
888 416
172 818
528 447
663 670
517 484
971 832
800 920
171 323
23 521
211 295
940 468
639 317
105 470
699 505
648 939
355 342
161 537
983 527
915 407
891 365
197 432
352 581
903 997
237 242
536 926
113 167
202 195
664 470
974 306
246 83
424 622
877 319
845 303
710 580
944 479
630 320
900 860
576 700
941 522
167 531
697 478
391 997
467 617
642 774
575 160
501 606
924 717
21 378
957 489
967 449
768 621
481 597
298 387
627 57
587 239
435 794
791 4
339 545
319 977
137 980
586 612
329 356
734 511
718 68
516 410
31 685
283 3
108 230
286 299
537 735
529 592
314 691
236 39
16 652
352 273
884 871
227 656
167 213
281 679
808 603
289 515
518 838
69 290
588 625
79 73
383 843
534 607
365 696
68 488
760 380
969 419
75 363
576 915
313 960
563 575
808 121
959 570
859 45
389 746
818 447
291 467
793 920
616 543
32 158
256 402
539 791
155 226
859 614
293 449
742 172
12 574
145 550
314 689
435 4
170 702
169 971
610 460
3 961
119 227
347 34
544 375
319 886
219 417
865 896
786 511
803 326
594 797
486 947
670 907
609 639
330 839
299 778
458 939
884 20
772 577
670 232
836 316
732 707
603 55
565 316
360 389
905 368
35 953
861 110
468 704
543 470
966 516
174 560
579 425
720 59
9 70
385 390
97 563
617 835
869 418
806 900
986 229
183 430
540 21
443 762
232 8
523 985
264 199
342 696
473 843
631 62
451 200
762 17
570 266
683 379
997 159
387 208
638 984
5 288
50 896
903 448
152 1
917 145
840 416
977 259
320 33
950 608
343 489
754 713
810 913
790 156
363 808
792 177
184 719
615 515
962 951
951 237
381 833
249 868
127 940
691 944
271 165
653 641
354 614
246 407
281 883
691 36
930 363
82 202
716 832
784 416
371 398
231 454
323 752
411 198
142 168
52 102
461 412
744 704
830 815
417 989
743 111
473 108
309 393
225 274
408 25
422 9
463 778
530 371
568 504
390 659
479 428
559 441
864 940
474 303
12 694
523 890
997 473
865 996
988 25
767 91
817 396
174 190
279 998
502 423
82 847
275 611
52 280
220 833
855 634
328 693
583 585
58 851
566 299
323 923
732 273
668 90
997 549
548 560
982 277
842 768
379 783
781 117
669 150
783 1
412 243
827 830
400 994
12 603
526 684
956 334
142 258
526 624
902 858
135 792
560 604
106 976
811 658
807 886
886 199
160 309
857 298
11 986
590 257
940 22
74 834
811 615
957 933
791 56
847 860
464 644
339 407
65 569
455 151
68 590
618 60
76 228
932 475
451 86
825 241
76 110
725 898
831 605
660 401
261 342
985 507
632 443
730 325
194 416
6 903
962 979
207 342
536 38
841 858
99 705
814 666
283 892
497 258
659 115
175 875
382 638
82 160
203 733
149 530
434 115
95 872
215 115
871 20
877 750
455 712
98 695
587 987
246 380
213 803
397 623
979 387
266 498
231 61
310 468
583 379
251 743
576 396
415 465
933 447
878 12
706 107
95 975
74 12
533 59
400 287
392 930
428 379
159 657
126 658
37 468
929 427
822 6
471 505
952 955
966 123
230 549
243 391
403 43
101 316
321 654
584 219
597 713
370 730
388 755
941 214
359 143
149 870
376 899
855 338
179 47
314 821
213 408
169 556
590 334
987 987
206 911
343 572
21 522
277 431
364 409
270 937
807 722
622 137
193 901
666 477
17 372
498 698
254 947
281 667
373 563
474 987
278 579
101 535
965 298
706 96
33 48
770 695
550 559
179 111
306 743
833 564
262 322
988 331
716 516
797 269
256 90
387 271
524 533
831 487
301 208
256 256
669 53
611 26
854 220
681 508
72 160
200 514
563 334
568 188
176 998
806 365
354 150
402 193
398 596
803 233
207 417
469 59
802 595
814 798
307 656
534 495
727 378
430 734
640 290
288 716
799 815
965 812
5 871
467 86
37 121
538 271
329 243
556 725
524 132
506 370
583 830
926 41
493 29
319 76
791 133
667 325
138 591
181 351
436 860
700 648
918 472
433 956
681 965
97 989
78 205
753 322
362 380
408 680
755 854
705 445
489 265
574 91
441 345
923 755
403 876
67 623
298 40
5 500
208 979
902 102
423 285
383 656
55 503
76 791
954 809
792 499
590 443
787 367
840 31
626 711
53 243
282 411
910 351
49 286
106 836
840 950
606 247
468 223
732 379
188 543
761 687
130 699
784 351
381 636
66 624
585 725
137 118
468 866
870 765
602 235
186 695
660 442
664 510
889 847
109 397
802 795
494 869
220 931
286 278
620 320
45 351
469 205
789 181
665 655
890 660
74 267
708 794
304 452
299 91
206 193
707 408
277 8
658 919
198 497
535 943
295 817
741 579
479 482
855 530
908 144
410 464
258 981
434 836
645 281
192 451
858 851
858 898
818 854
351 235
179 734
270 885
183 192
392 11
541 661
523 965
430 449
150 651
487 406
686 302
752 851
702 878
776 611
184 279
514 313
47 253
856 411
321 317
46 39
419 431
396 586
754 941
312 825
232 903
205 517
368 636
514 956
286 70
349 10
322 469
721 581
710 88
123 577
335 31
180 168
754 753
413 575
120 508
411 724
242 70
705 334
290 609
398 220
947 295
763 465
46 269
75 204
499 755
504 197
365 833
586 683
976 837
64 718
442 96
165 474
526 402
12 589
808 815
828 409
873 474
461 311
514 637
111 536
732 13
846 333
734 815
652 151
868 710
806 715
907 30
431 689
278 433
967 442
569 804
278 795
824 161
516 458
993 338
70 345
677 725
260 634
784 411
840 911
627 372
401 365
54 534
686 550
711 51
573 653
167 280
160 570
28 991
48 675
739 21
464 117
469 416
546 723
635 972
344 386
750 980
233 463
13 522
291 637
9 723
722 864
434 176
885 881
275 461
200 651
487 732
149 663
106 955
927 413
517 459
439 989
171 267
507 390
28 184
625 798
662 36
929 347
946 814
275 533
185 940
672 474
855 671
626 539
951 679
138 273
980 468
453 295
404 152
335 960
477 431
185 959
26 857
671 115
647 690
630 945
138 831
221 22
560 711
391 566
838 231
417 247
261 818
969 870
549 664
95 23
701 744
601 279
112 445
135 272
217 759
309 484
505 73
502 530
814 783
14 611
858 652
189 431
20 119
782 877
618 568
312 595
873 319
482 912
902 704
463 617
819 119
909 490
738 324
825 411
23 552
922 839
988 599
436 830
707 8
294 218
812 325
363 324
236 404
108 844
180 138
974 289
498 998
41 602
731 954
507 866
424 472
71 148
977 412
138 506
442 684
728 431
754 972
96 809
372 708
564 921
929 552
269 257
577 427
381 29
613 308
780 606
754 755
167 569
794 731
135 23
453 236
927 862
671 925
352 23
943 761
313 915
890 591
18 301
48 467
493 118
442 379
134 273
561 196
646 300
322 355
309 780
361 493
137 236
976 750
511 488
122 639
230 543
843 12
197 248
84 609
987 689
681 525
440 121
139 242
596 86
865 179
390 904
859 226
975 526
14 835
474 486
747 853
583 704
670 309
917 779
187 753
996 623
743 867
827 436
521 600
778 423
47 105
49 168
412 905
459 742
229 144
996 933
356 694
4 298
77 26
497 920
544 982
568 493
648 6
606 396
818 169
992 103
271 583
488 41
783 401
545 947
599 730
424 260
558 954
698 427
67 353
335 195
406 610
334 903
299 54
941 939
43 835
419 933
973 32
432 625
291 475
205 695
955 608
562 348
774 513
865 260
173 840
169 201
822 579
632 503
161 839
674 573
225 203
952 811
437 917
392 104
798 446
55 316
663 753
266 335
314 437
996 850
769 486
65 883
386 591
430 416
707 266
187 822
634 932
849 140
243 789
953 959
275 759
232 8
62 937
94 216
66 375
860 808
691 834
144 644
60 796
62 573
115 485
417 248
106 467
974 984
663 67
826 927
654 937
594 58
991 715
90 406
932 58
891 949
312 342
138 754
46 371
856 917
884 160
626 991
695 989
775 600
247 358
14 601
377 900
334 326
450 368
144 423
91 382
443 754
508 403
492 299
217 553
432 67
777 819
808 58
377 472
548 583
902 342
242 280
325 997
85 294
716 493
594 946
700 525
646 37
335 926
480 139
923 270
89 911
687 700
890 616
917 782
124 438
437 539
536 84
377 480
972 339
5 811
337 566
602 704
631 982
839 937
925 829
459 763
463 15
630 864
647 354
510 547
86 489
573 665
145 341
398 668
480 118
402 402
825 535
236 5
660 175
4 76
557 585
318 181
45 20
92 947
495 410
899 321
985 299
639 472
858 849
685 756
158 338
872 87
809 982
157 109
902 469
773 878
59 459
197 91
39 822
232 289
328 252
269 131
321 32
880 627
383 180
236 565
371 259
242 827
654 180
368 117
714 556
733 141
231 772
313 929
936 987
957 545
394 264
296 945
572 434
613 894
179 673
931 567
394 549
728 891
727 48
322 96
954 441
931 55
703 904
891 245
789 639
622 568
513 901
335 636
249 803
476 666
234 427
975 407
18 346
394 423
237 744
185 434
208 910
814 116
360 910
268 424
710 867
769 608
244 223
26 822
489 212
638 220
627 722
68 333
474 644
388 180
614 429
339 291
406 821
450 153
296 766
352 717
45 6
947 121
943 7
218 691
911 151
872 856
907 257
619 658
557 381
809 725
16 889
429 149
20 421
905 878
314 315
321 258
97 358
84 268
958 758
908 301
157 588
844 780
158 64
163 463
188 433
322 972
839 203
343 750
347 858
892 248
224 379
456 213
199 321
79 539
839 875
464 987
486 715
497 308
490 362
794 660
351 677
599 116
584 190
48 941
907 649
747 939
870 132
452 203
460 787
663 249
236 18
732 845
871 441
802 948
608 361
757 597
431 677
866 75
16 734
102 632
291 641
772 848
769 161
667 942
910 947
965 49
893 146
305 416
364 483
563 108
423 690
367 39
113 572
306 951
584 846
487 127
693 874
753 978
639 463
129 139
187 549
414 94
510 798
1 718
544 592
283 563
601 966
539 368
320 713
559 563
689 622
496 764
742 383
564 967
107 101
649 692
786 12
529 781
500 15
606 529
92 762
729 607
975 411
124 268
830 14
635 401
165 520
621 849
535 626
726 185
876 360
372 94
594 381
395 619
148 812
574 720
327 239
368 303
289 21
34 491
610 120
358 387
236 493
119 697
881 490
849 563
376 476
857 939
558 969
500 970
690 424
381 74
377 736
756 748
957 665
503 509
895 567
61 579
276 850
59 897
180 875
352 907
566 274
961 927
897 842
267 461
534 307
43 647
396 629
14 517
26 353
639 235
814 640
209 699
315 808
684 267
174 494
486 36
962 458
301 447
907 578
603 286
932 161
789 364
881 47
400 521
756 625
983 757
175 289
97 192
458 489
702 780
815 351
808 188
635 496
793 827
113 542
702 396
479 46
810 211
731 360
703 928
685 206
494 687
597 859
349 591
371 56
406 769
956 905
120 932
760 591
852 631
28 872
636 273
483 506
584 447
375 933
139 6
411 61
919 633
942 9
782 986
755 313
936 188
120 712
22 775
406 598
471 592
865 152
657 825
272 67
718 959
684 366
426 576
209 95
821 64
769 869
900 603
790 524
954 837
331 629
227 695
287 736
888 416
242 870
656 264
942 232
597 93
668 626
439 741
524 595
464 261
863 293
816 365
920 373
720 490
185 251
986 665
82 190
779 593
857 42
273 435
527 518
144 589
330 914
509 301
561 853
146 973
338 144
516 681
171 258
227 954
619 74
263 213
525 419
460 42
195 101
618 452
41 441
355 480
780 89
942 582
555 342
204 806
206 611
587 438
392 95
168 813
745 11
430 150
909 270
370 608
60 823
264 987
467 100
907 337
918 965
26 849
374 193
803 229
666 299
393 391
922 776
506 280
148 667
936 654
262 775
598 25
12 41
858 580
916 197
881 765
333 554
746 906
136 707
6 268
377 520
16 117
396 300
685 521
175 262
38 341
365 155
195 635
934 96
11 54
818 569
123 891
798 152
577 587
855 652
890 301
136 232
531 905
145 251
512 217
276 38
193 549
903 640
735 106
877 837
125 465
356 696
566 248
553 872
524 861
880 408
640 134
39 16
266 889
824 902
939 778
46 100
459 850
956 948
504 912
377 833
248 348
314 733
324 532
393 866
275 567
700 273
8 633
241 457
359 273
769 66
883 299
149 815
482 342
255 823
657 705
53 631
83 623
156 366
232 126
692 548
540 225
857 392
848 547
538 817
882 926
943 308
123 765
826 810
634 604
309 81
430 10
632 80
445 232
357 506
773 396
620 767
159 313
578 197
14 725
370 116
423 614
98 313
124 264
868 642
722 757
485 895
694 871
821 835
342 139
253 896
663 115
146 592
788 540
265 723
557 520
852 635
666 980
244 668
311 789
265 830
445 751
622 749
304 139
995 162
58 645
759 249
840 439
978 904
346 347
585 244
597 902
601 156
823 263
771 564
113 134
885 754
223 557
414 226
388 526
171 129
377 164
603 648
271 935
1 300
543 616
237 304
459 858
840 838
402 282
135 330
84 233
509 20
963 306
550 922
51 70
234 439
87 146
799 555
854 357
691 799
103 117
693 928
485 280
562 252
581 605
837 696
434 384
408 346
987 397
467 958
397 756
621 419
692 484
559 420
938 265
381 969
897 759
40 793
45 101
705 320
734 626
10 261
607 168
283 417
94 313
69 468
605 491
693 408
828 16
281 970
939 485
244 380
173 836
936 283
321 218
562 360
621 55
940 290
425 946
259 942
410 519
728 46
454 734
749 421
391 1
485 748
129 50
885 728
730 20
955 541
619 51
106 517
525 240
904 46
987 950
188 881
927 117
569 634
773 100
100 37
785 164
931 584
31 632
651 817
77 760
811 607
842 414
373 916
680 368
37 277
159 387
222 942
576 804
903 509
545 349
231 3
305 49
680 163
698 335
96 332
938 493
906 625
260 780
866 279
275 939
45 902
563 433
237 984
493 139
487 858
860 39
87 718
599 883
218 767
817 297
789 313
937 474
972 695
693 915
855 839
460 967
400 618
603 24
162 355
213 96
852 368
804 791
674 939
425 403
699 610
642 960
434 207
620 298
214 406
963 313
280 69
405 424
166 398
471 8
104 327
413 402
193 674
613 217
619 585
196 756
716 37
243 837
853 150
275 863
176 67
853 238
661 175
291 259
266 826
872 762
164 88
762 285
221 76
660 94
569 839
595 574
130 285
154 837
419 983
50 428
665 314
488 903
162 46
590 778
259 146
952 181
185 423
498 433
526 405
962 876
170 95
99 557
114 299
1 252
398 532
845 51
672 781
826 52
549 552
697 136
316 807
948 368
800 219
623 165
42 327
140 586
861 929
228 238
208 974
226 947
716 605
387 789
560 388
939 931
67 109
634 355
442 102
320 583
747 242
568 943
248 507
436 427
664 109
802 383
330 591
196 28
816 46
152 582
514 376
203 809
882 299
400 837
139 324
566 439
382 604
830 852
279 348
175 266
367 662
253 976
4 696
460 167
468 539
633 611
420 700
998 836
392 303
626 118
556 249
852 192
763 656
4 682
667 42
422 896
873 34
449 393
560 595
852 908
520 28
727 486
41 658
679 444
280 432
399 306
216 835
210 251
652 978
739 931
828 319
71 879
273 701
15 519
147 551
578 867
353 385
43 24
186 112
543 722
746 466
20 660
910 680
659 230
879 281
318 117
995 707
127 108
626 986
537 142
727 491
875 833
575 80
191 637
78 761
945 452
112 823
503 683
631 740
740 880
715 511
936 58
883 711
697 64
923 510
719 953
786 650
448 595
950 362
841 357
527 28
569 505
188 357
815 790
671 819
330 555
332 105
815 984
48 215
443 232
185 689
58 163
476 689
51 505
580 145
172 610
115 107
463 459
249 303
840 279
833 638
743 888
872 883
99 277
227 639
328 260
422 411
819 105
609 616
760 588
199 908
15 650
109 32
53 478
475 77
433 892
499 27
910 176
172 372
11 727
986 398
528 57
161 128
462 347
653 489
397 223
872 851
883 411
607 700
776 654
547 800
827 927
822 46
136 456
183 993
110 146
921 887
733 356
421 82
570 196
137 75
925 685
97 727
427 527
182 422
223 921
849 447
211 768
224 671
383 347
211 125
730 492
848 850
932 464
378 269
343 221
906 514
959 987
233 721
861 106
27 133
579 802
570 594
983 509
855 793
917 85
296 784
635 367
549 862
849 286
225 926
159 193
898 849
289 118
223 849
982 151
952 968
281 561
788 523
35 983
68 362
147 671
38 82
943 500
785 586
512 793
704 728
578 389
225 602
451 866
17 448
135 433
713 688
929 134
117 220
582 963
634 903
984 447
946 390
975 928
440 450
178 206
594 144
745 755
341 538
704 914
67 76
763 838
690 498
717 692
375 807
429 18
464 727
118 132
778 410
578 93
18 218
361 475
230 330
867 824
458 289
365 571
128 524
740 128
539 818
344 176
194 913
640 772
903 657
786 757
569 401
618 364
838 586
634 979
803 787
76 502
73 261
503 159
287 919
737 961
138 544
457 81
571 50
706 815
292 193
593 211
294 579
883 212
909 850
356 517
19 712
692 432
590 810
729 913
875 595
139 185
983 731
780 314
848 554
746 205
135 140
718 59
988 428
278 320
836 897
328 634
784 574
103 738
652 93
407 550
734 246
695 264
578 717
989 194
117 426
284 454
512 251
678 720
40 500
116 675
28 594
168 444
182 530
341 270
538 552
797 747
12 272
707 492
404 308
452 696
869 521
771 735
455 381
600 169
562 213
806 715
877 589
837 693
681 60
611 178
925 220
210 128
338 655
681 636
51 742
263 133
586 919
20 34
202 759
971 619
53 763
71 496
189 930
989 907
804 870
808 319
446 729
103 18
653 784
245 783
634 704
623 507
540 220
978 361
979 461
942 949
164 751
681 732
358 353
223 389
426 162
609 31
766 872
375 711
213 420
842 619
844 846
784 184
545 103
563 762
430 243
993 225
956 594
665 674
781 33
195 887
636 208
798 803
234 121
259 891
229 446
12 101
4 73
893 514
277 267
509 457
400 425
737 503
895 75
107 402
8 396
322 301
105 362
483 120
729 57
221 741
561 957
748 950
465 564
830 641
816 460
884 58
560 934
9 622
24 175
289 116
135 750
112 610
729 957
14 594
336 177
852 235
185 615
179 319
678 649
109 727
784 495
429 712
53 64
956 157
990 794
544 245
854 125
83 656
250 302
478 814
767 304
918 49
367 952
320 815
542 45
258 148
578 46
827 687
562 630
424 783
746 552
676 968
624 319
620 477
292 592
896 816
864 777
729 814
630 949
993 768
634 890
654 252
657 212
560 481
982 219
489 983
670 728
47 165
361 13
605 385
919 371
148 501
34 502
451 596
83 382
991 164
415 716
646 645
845 790
9 206
907 827
556 497
380 297
309 321
425 459
829 913
133 344
846 696
292 885
267 16
179 374
808 976
622 312
102 173
97 467
13 828
44 722
19 568
608 424
882 328
959 33
95 431
127 93
977 659
394 137
229 962
939 572
884 37
209 280
465 704
533 24
745 477
764 576
718 764
810 91
841 320
750 769
861 935
314 595
731 557
239 707
997 959
714 896
176 881
305 641
664 640
835 837
413 409
891 599
408 850
170 701
471 249
185 919
514 51
327 217
923 963
922 565
461 920
521 355
995 355
713 825
381 378
786 548
866 512
362 397
98 274
523 531
169 568
338 426
642 401
364 664
229 284
922 5
359 408
762 162
705 73
450 475
23 86
317 955
352 607
881 678
928 449
736 123
267 97
498 74
737 908
910 861
585 684
92 832
994 943
735 853
328 699
504 185
858 69
676 820
498 210
378 276
398 426
242 114
187 383
10 739
319 642
326 919
470 903
566 417
988 464
882 301
204 316
103 105
924 63
272 778
772 141
286 649
481 888
271 527
984 386
28 280
199 303
207 72
207 388
570 491
791 195
229 452
556 713
775 332
828 199
340 766
134 320
208 625
870 615
719 479
477 854
157 747
537 395
782 82
572 463
657 352
523 82
795 605
655 797
996 289
55 202
521 336
679 189
522 729
926 549
403 959
425 403
516 559
360 962
425 298
369 931
732 800
405 891
688 527
815 778
980 684
738 589
496 501
948 417
684 736
695 874
996 87
365 121
83 512
529 724
374 226
26 897
507 824
351 150
927 195
598 885
474 907
128 55
191 688
424 76
669 874
680 119
239 384
614 45
487 40
265 143
758 579
404 10
159 265
179 473
358 804
431 776
830 550
238 558
352 21
614 661
499 21
404 294
338 737
496 737
879 543
840 760
488 357
621 244
436 646
451 799
294 512
63 881
158 125
863 19
399 509
530 477
770 897
353 652
108 826
88 848
328 987
344 647
609 815
462 683
202 45
557 631
231 495
619 338
356 388
615 202
397 754
651 863
235 886
431 5
852 342
329 238
884 898
714 391
793 493
538 894
525 994
489 95
432 474
580 827
747 506
261 195
59 144
30 630
634 293
634 180
417 206
104 682
791 301
793 536
430 584
297 50
862 954
147 786
332 13
519 726
921 79
940 779
128 979
272 689
868 762
686 624
306 285
304 508
45 816
400 815
865 474
148 416
202 727
740 294
21 252
49 977
475 941
639 988
677 602
83 629
253 264
548 768
995 278
94 570
386 40
232 212
627 251
696 379
392 547
798 155
132 131
790 846
554 606
209 429
776 231
214 291
778 29
25 480
51 773
531 118
49 436
405 762
860 675
223 101
974 252
382 739
305 106
431 890
319 858
807 358
367 813
841 21
501 145
636 585
421 551
705 167
648 469
145 110
928 508
478 86
824 902
727 578
468 847
705 158
515 505
318 513
252 881
745 877
462 752
22 381
267 602
71 726
554 914
141 933
737 483
104 337
914 281
128 830
706 101
605 833
65 939
821 641
518 316
69 285
384 699
301 90
535 369
2 90
24 89
290 142
478 479
759 394
942 111
211 887
439 649
588 534
175 503
818 128
131 693
111 605
414 515
602 411
500 948
37 604
464 242
721 327
720 942
771 199
86 381
748 982
235 243
745 56
183 410
821 283
606 33
266 931
61 20
967 867
471 560
521 5
331 935
596 960
159 769
868 367
68 963
206 617
672 22
431 670
671 573
605 252
901 277
297 870
457 961
521 264
986 927
581 760
720 36
523 895
981 598
561 392
9 49
70 485
873 680
971 219
189 544
821 577
166 90
51 836
100 622
269 291
769 805
840 568
464 490
806 364
755 445
212 367
570 482
880 1
219 444
706 851
147 408
216 527
82 313
653 985
276 182
705 640
209 45
253 545
627 672
117 59
144 382
582 328
328 433
876 462
314 266
392 582
828 179
491 607
592 909
809 863
503 586
350 514
778 430
102 602
380 405
506 936
983 242
674 88
550 30
295 550
851 582
760 686
13 398
26 970
833 323
909 835
68 55
485 259
579 845
969 305
242 677
919 475
562 225
254 593
862 830
412 268
672 432
829 891
861 403
726 854
408 413
186 354
331 476
40 670
694 628
306 9
202 654
878 225
536 483
313 850
836 398
829 725
616 228
630 377
232 196
608 356
428 358
552 793
183 758
387 592
319 595
249 692
635 240
722 845
414 171
288 35
478 251
478 835
213 812
8 826
183 163
520 334
846 329
88 73
383 747
342 474
884 420
659 309
154 238
408 381
135 286
536 414
250 612
144 732
559 462
624 151
204 460
788 862
934 768
515 594
786 36
456 575
602 389
626 115
215 755
41 753
167 349
679 296
746 135
596 822
692 24
202 938
801 895
382 709
303 454
490 615
190 808
197 664
778 510
265 823
576 711
778 24
38 461
596 458
280 784
526 910
849 690
304 728
437 369
541 685
300 458
266 749
413 208
717 463
286 910
621 700
443 580
759 400
576 480
982 355
984 574
265 509
955 833
920 568
972 392
849 461
211 272
199 834
297 623
252 915
335 301
599 873
991 777
975 358
432 567
141 958
186 135
967 405
692 141
251 606
785 664
654 818
652 714
57 852
487 667
686 308
181 821
317 285
362 172
457 292
968 512
646 598
3 872
731 332
656 694
77 981
519 441
156 731
583 171
557 930
238 788
609 243
247 138
28 644
655 608
838 485
83 623
215 484
534 803
217 945
646 190
630 293
742 165
54 504
434 326
114 610
572 672
528 442
804 818
145 555
40 459
801 982
466 840
644 16
679 999
189 860
871 325
489 537
42 614
658 543
871 194
584 490
650 443
979 112
667 455
632 124
106 425
266 433
167 290
8 909
488 846
889 914
452 78
691 379
640 212
405 68
558 230
392 989
819 926
381 371
495 486
911 14
165 600
890 177
804 51
896 616
531 292
88 785
882 982
194 498
565 241
190 317
25 841
768 581
670 844
49 867
599 165
484 959
854 764
814 93
708 658
668 429
932 239
221 475
972 534
493 133
169 537
98 682
981 911
755 584
451 652
816 523
482 51
533 19
111 56
432 66
213 819
776 819
294 863
397 716
567 266
521 609
10 735
647 337
920 991
643 121
643 372
141 178
915 844
618 392
176 26
563 50
587 107
969 340
774 599
583 86
694 341
795 105
160 422
413 161
281 81
171 774
671 643
206 311
421 586
330 823
591 596
702 893
951 179
777 390
475 725
784 361
184 887
310 579
739 343
142 441
216 21
382 312
622 605
191 587
129 761
357 520
132 719
616 777
168 801
245 394
473 361
249 30
608 375
717 277
717 67
805 578
889 932
537 187
492 231
991 446
685 620
58 68
844 535
337 674
786 730
810 300
329 259
633 59
54 656
722 69
646 770
422 527
432 536
485 677
124 923
262 476
262 527
62 319
992 825
555 398
698 778
37 365
142 745
120 388
176 195
684 841
87 540
794 106
782 518
160 279
755 624
151 421
740 17
841 213
329 732
230 116
199 745
210 984
373 60
972 329
171 267
806 656
480 975
213 601
879 263
605 372
512 353
89 756
968 252
702 929
763 16
761 931
635 681
740 970
299 8
992 712
88 188
882 798
399 567
548 95
185 279
631 154
628 696
947 719
368 315
330 369
19 849
530 809
498 653
379 270
701 516
703 371
170 788
74 304
398 287
565 622
494 583
279 915
353 840
155 945
33 439
289 484
13 51
423 818
807 510
26 801
891 227
15 448
751 779
66 806
147 150
451 631
265 359
199 448
393 617
775 353
556 425
195 64
600 568
796 617
418 126
352 822
988 28
806 85
610 739
607 872
222 756
116 776
225 486
821 314
386 617
761 596
378 660
228 955
572 697
541 742
283 708
736 893
696 271
11 261
133 306
781 336
113 354
558 896
928 337
672 380
694 33
692 433
107 791
207 638
381 678
106 747
359 663
934 560
820 56
80 663
717 953
26 860
475 829
884 584
682 123
155 557
708 95
885 847
204 815
493 810
558 584
966 317
876 916
690 619
282 697
369 770
349 998
547 394
977 824
665 431
987 659
754 819
385 696
230 358
169 308
891 722
758 445
361 576
195 634
50 770
259 476
194 418
812 326
868 459
889 508
886 533
72 596
11 640
716 456
482 240
680 603
48 374
949 438
791 128
897 863
339 840
259 874
200 251
709 789
297 69
601 318
913 183
541 672
847 642
881 976
579 329
421 280
718 627
473 90
952 228
68 89
962 10
979 45
833 880
948 407
724 131
32 269
659 356
997 573
549 225
273 597
877 846
192 412
501 314
541 664
752 172
900 327
372 433
33 598
5 205
54 980
967 729
803 86
377 346
570 801
117 644
209 561
973 993
26 401
783 193
84 285
612 255
687 983
581 983
906 719
419 304
33 679
764 105
450 836
356 859
222 739
300 472
185 430
830 273
466 928
214 614
868 549
251 544
246 274
712 550
853 152
549 849
953 605
160 313
890 404
143 234
705 112
542 442
434 608
537 372
704 618
885 469
13 291
565 136
404 258
128 995
844 257
580 677
708 797
919 739
691 599
429 780
941 397
723 970
62 375
711 978
447 484
775 596
450 459
435 59
54 853
828 282
677 616
132 128
585 104
421 52
831 277
392 850
539 491
584 115
94 600
803 295
890 540
718 578
355 340
911 871
871 408
24 459
586 548
371 155
924 889
166 791
641 475
965 557
672 899
218 550
844 484
24 21
598 454
512 460
51 671
79 143
320 921
189 820
694 624
513 559
350 337
811 679
236 710
328 496
764 626
110 545
566 327
499 852
31 882
554 12
872 81
3 351
890 192
815 191
468 584
639 328
7 536
246 170
665 961
587 573
837 148
474 416
986 403
4 692
703 17
98 557
627 575
766 100
9 517
819 581
627 195
730 458
627 634
314 695
986 11
876 619
35 823
944 70
761 21
38 948
224 183
757 853
671 850
367 242
541 679
592 904
363 168
520 322
735 708
438 833
453 722
264 33
102 487
227 209
875 862
45 982
835 99
949 520
480 506
903 35
939 21
189 495
535 21
447 427
261 271
711 603
636 713
918 974
901 737
319 863
845 776
875 82
321 680
186 543
296 800
821 807
302 953
973 728
155 837
826 140
742 134
565 537
511 378
834 203
66 413
907 871
952 630
29 782
44 273
792 215
740 340
293 613
60 43
598 985
125 932
67 424
960 585
682 350
552 190
321 235
106 337
966 229
729 776
768 994
927 773
831 560
891 668
429 842
827 950
601 27
169 670
256 667
736 129
37 656
890 288
624 358
305 995
490 309
304 752
525 258
536 949
617 75
917 427
96 46
790 463
134 697
83 958
805 108
763 818
107 842
918 372
367 449
758 941
693 575
833 780
729 937
12 369
796 66
829 647
111 610
307 620
297 962
70 390
926 103
663 551
922 751
201 300
241 8
582 677
457 933
589 134
503 904
969 320
966 18
346 799
138 795
757 653
761 434
536 545
814 687
439 917
217 455
181 358
35 457
110 763
615 210
114 417
736 118
853 84
601 422
217 200
571 738
172 693
956 51
737 427
63 490
944 894
970 280
455 126
607 5
932 283
700 222
59 47
848 436
576 630
548 449
187 512
205 837
887 77
222 879
369 344
238 285
564 33
876 209
931 737
21 483
423 864
910 720
874 481
830 477
925 451
681 378
216 830
625 885
483 103
165 847
850 571
322 403
330 133
869 198
399 261
843 608
328 821
22 472
948 921
91 851
947 873
422 771
375 881
703 48
613 576
147 867
270 463
595 468
665 318
579 183
791 782
604 141
613 837
758 625
195 561
154 567
338 860
742 575
341 431
8 445
312 953
416 154
341 301
618 729
631 724
507 915
57 422
259 111
454 669
948 736
303 367
227 102
677 360
790 968
132 18
971 797
670 163
463 106
554 11
734 799
434 185
325 959
788 209
877 302
38 960
327 544
646 60
419 273
241 323
59 927
444 92
254 748
573 114
842 716
234 127
30 295
255 667
875 354
655 43
4 471
16 412
471 330
321 661
702 608
254 281
372 760
228 697
529 625
60 800
926 371
666 12
679 674
28 920
681 273
744 401
812 684
733 478
857 2
328 54
334 559
38 582
997 424
49 265
65 527
897 826
838 709
383 282
202 517
508 410
530 883
286 252
448 342
63 19
791 305
582 390
690 843
268 620
603 688
215 35
861 668
96 830
113 699
934 479
607 33
634 442
413 137
198 920
657 860
884 978
87 167
11 466
804 777
465 278
312 408
794 398
228 891
590 889
87 59
92 243
404 694
549 725
645 816
395 465
162 22
188 279
464 249
26 198
194 268
675 209
606 506
397 469
78 552
611 706
948 164
576 702
427 71
886 844
28 791
812 1
997 190
438 999
198 461
729 182
390 110
615 123
311 995
547 731
156 388
551 876
578 822
893 846
690 724
515 498
498 717
906 327
45 215
675 63
244 960
71 123
964 633
347 404
135 275
662 613
489 9
831 931
496 786
510 724
222 186
622 25
70 439
653 528
310 832
793 47
888 553
905 582
985 852
127 252
583 839
847 507
157 791
577 397
121 653
557 87
829 62
500 179
426 617
449 871
917 735
7 960
261 524
376 911
882 965
804 221
446 465
256 370
767 603
974 832
637 887
667 250
429 466
801 885
756 573
27 969
648 393
916 33
944 909
874 293
232 826
291 397
766 678
999 266
98 252
858 692
941 454
919 525
411 89
380 440
409 167
278 406
439 775
403 195
206 383
927 277
392 437
833 218
202 159
410 551
243 300
753 986
512 903
991 391
549 922
807 91
496 676
452 804
998 934
36 854
850 922
78 962
899 242
119 911
462 101
400 248
234 424
327 871
981 745
386 37
127 530
207 912
716 623
276 658
231 433
74 312
274 81
323 151
780 173
274 160
407 961
385 392
982 641
105 711
466 963
493 491
122 312
934 699
76 556
988 928
240 307
106 62
930 233
405 147
307 711
672 397
789 713
73 57
486 490
453 178
387 670
981 945
364 508
64 634
563 158
183 770
550 802
753 8
154 480
191 159
274 460
892 862
637 781
271 964
860 841
512 723
388 965
473 493
128 470
627 255
743 690
211 529
536 293
492 964
841 689
868 682
264 115
615 479
162 619
461 885
609 23
987 972
465 715
185 180
153 311
719 530
59 615
626 930
613 313
721 118
519 454
287 589
68 501
120 901
506 229
969 299
989 833
548 676
574 174
484 451
980 726
341 204
852 758
789 686
803 465
637 510
99 322
541 642
544 884
832 661
678 768
601 801
477 668
841 149
599 51
496 325
247 298
774 555
241 99
282 564
74 763
803 918
561 891
775 345
724 823
591 326
128 402
70 910
59 323
93 910
954 376
673 307
580 201
300 448
730 540
303 581
219 803
413 106
450 498
40 907
233 174
295 349
259 79
402 364
993 317
411 213
238 947
866 84
250 817
357 884
466 979
502 378
484 403
900 914
821 652
545 658
7 773
851 839
921 265
300 971
184 914
580 710
512 140
676 447
50 481
460 33
411 515
636 680
314 613
265 255
912 853
626 809
367 918
901 478
449 289
921 201
629 352
491 221
667 142
622 885
918 435
950 800
200 48
660 305
560 513
85 643
453 472
110 711
189 538
826 11
930 356
707 748
968 278
138 917
802 354
788 759
279 439
205 457
762 197
428 864
227 41
512 512
223 398
935 621
632 130
205 762
229 281
558 630
547 915
987 696
174 69
226 494
951 171
367 431
14 432
472 794
26 958
356 702
324 966
97 292
54 674
673 301
930 1
915 231
645 197
983 621
115 819
708 927
77 784
216 76
588 809
767 406
827 332
299 124
415 151
543 114
133 187
905 934
165 781
977 539
160 529
348 679
326 274
59 56
849 402
211 992
118 157
488 697
820 944
813 505
618 953
140 356
290 750
532 45
302 173
701 228
626 461
734 767
542 951
72 511
223 391
266 283
979 340
284 473
977 518
471 97
171 596
65 329
92 179
351 596
543 393
853 771
538 169
120 306
817 80
190 909
910 40
98 174
646 608
126 381
196 624
938 596
924 366
544 3
599 16
127 613
384 860
29 979
286 641
720 866
775 821
579 628
802 686
294 676
57 448
790 139
453 252
336 728
731 378
112 879
492 49
908 239
936 595
236 655
521 222
761 674
303 15
419 340
16 823
271 713
570 790
760 780
508 23
119 96
693 957
724 231
188 904
499 632
6 842
783 453
127 526
260 544
603 148
970 678
110 337
128 960
740 679
702 606
421 966
924 820
769 832
736 648
999 675
518 953
406 5
250 301
844 252
399 509
187 166
503 89
49 297
975 349
673 788
754 677
217 94
926 397
46 985
661 381
335 763
767 179
198 459
710 17
525 760
926 828
916 431
727 429
777 964
471 421
817 450
263 943
341 34
737 907
288 105
867 398
295 622
800 634
370 492
253 510
338 613
44 897
326 972
936 489
629 821
989 126
70 446
198 970
877 410
233 934
52 166
506 100
452 65
276 306
816 540
154 247
144 872
845 197
405 469
9 500
626 34
479 716
687 695
823 395
48 564
729 56
873 817
882 236
541 44
584 158
123 76
667 737
652 266
453 512
730 57
808 461
177 356
51 6
400 863
147 592
366 167
983 875
829 239
283 865
741 90
883 585
322 863
847 550
780 692
468 300
479 511
866 276
282 656
238 636
228 400
566 103
697 594
551 550
134 526
334 552
137 594
176 218
767 177
869 24
42 548
59 337
331 521
895 643
279 331
731 851
954 226
538 16
284 651
895 89
641 418
730 230
166 496
673 905
647 651
199 261
316 689
210 975
338 646
977 823
674 616
841 427
161 628
997 379
187 445
581 612
841 546
42 311
934 725
376 433
693 582
271 294
987 9
374 199
22 325
941 70
215 414
761 501
599 375
538 758
370 785
50 119
148 929
654 91
524 801
383 749
43 935
663 372
289 748
74 37
106 29
442 733
234 39
413 203
961 551
55 951
788 50
698 104
195 655
456 352
819 437
91 557
928 580
329 753
508 935
963 402
135 332
370 405
608 87
357 783
453 288
56 411
515 959
333 753
824 709
864 788
64 643
224 954
427 991
645 552
672 934
267 608
14 525
330 355
138 340
627 686
98 309
987 682
155 612
40 320
109 978
621 622
295 890
882 563
833 721
375 246
854 505
748 360
714 867
207 79
483 571
598 552
952 580
910 585
905 107
85 668
290 732
622 425
987 585
25 223
469 821
45 399
758 323
908 793
590 192
762 833
104 73
372 360
945 56
881 282
950 569
301 684
109 958
543 641
864 97
636 568
685 52
374 399
192 163
354 1
833 500
292 834
194 936
710 663
663 857
426 591
276 332
291 445
805 103
917 552
120 669
439 553
952 524
686 531
531 862
82 758
592 83
19 373
36 785
362 447
757 698
749 506
670 751
853 40
591 475
862 771
43 430
953 301
831 713
576 358
116 81
163 657
748 707
211 899
346 783
200 572
79 821
572 948
987 467
941 145
915 298
727 522
822 676
390 399
756 372
452 684
60 871
578 614
513 807
309 788
80 577
399 508
176 876
343 970
115 881
179 284
524 748
144 624
23 346
436 533
935 778
649 887
220 713
239 945
734 732
309 547
773 532
408 707
397 948
549 750
752 230
978 727
352 276
340 840
92 374
871 775
662 27
458 239
185 881
332 696
961 637
169 359
785 734
402 576
45 182
130 669
396 796
790 826
666 466
840 130
904 757
502 430
668 285
884 959
655 852
208 934
293 335
788 95
670 796
977 908
577 433
229 826
652 972
439 19
866 319
794 997
146 489
492 297
256 813
385 376
29 630
964 592
687 41
836 471
379 76
509 533
359 955
647 456
194 729
48 804
801 60
549 561
857 946
478 41
136 831
461 862
174 164
922 145
615 579
654 759
292 994
668 881
338 369
98 315
119 531
309 864
425 919
584 857
617 282
113 63
643 752
634 293
156 816
395 557
35 770
483 768
649 326
694 152
466 705
954 510
374 585
223 264
839 798
798 526
307 456
926 630
922 949
485 280
555 78
566 598
366 589
633 50
201 734
158 46
555 666
969 831
95 929
446 911
437 652
109 245
874 743
411 753
33 515
311 614
213 587
894 876
925 297
749 527
572 844
230 907
738 846
775 199
110 551
921 221
184 265
8 748
502 776
291 138
751 253
559 601
197 682
979 453
980 122
685 447
354 271
117 914
831 810
80 610
550 660
924 2
749 733
510 651
788 969
223 519
839 258
940 781
234 36
875 638
85 932
922 560
474 158
686 39
649 25
684 766
486 917
650 608
259 953
923 878
117 765
742 864
645 955
990 682
39 597
249 865
426 123
280 171
927 618
642 685
451 295
212 45
653 655
608 581
178 630
115 250
114 294
249 856
257 477
793 239
823 295
417 42
930 967
304 416
101 857
871 665
709 270
643 83
382 362
711 969
220 560
853 825
681 52
248 821
778 656
950 41
82 601
287 86
220 730
587 591
256 39
27 177
260 964
46 669
639 360
919 475
300 577
347 492
313 699
355 594
634 809
130 24
109 434
164 416
725 329
367 470
646 980
664 394
781 624
984 428
621 139
434 622
832 920
338 781
375 863
673 411
434 728
880 802
218 542
589 45
233 662
361 675
787 597
940 25
171 568
426 643
265 791
430 859
640 816
679 486
896 734
181 352
154 330
591 61
823 91
752 898
573 56
372 113
856 79
366 312
673 745
256 791
650 656
472 404
890 10
462 152
503 505
554 642
702 376
466 863
761 526
300 936
767 54
132 390
420 342
88 497
288 93
749 62
465 657
666 221
372 74
579 128
488 594
969 133
714 190
434 154
90 475
528 453
842 575
917 379
875 981
74 723
784 882
539 822
762 967
42 923
769 134
727 339
190 257
165 415
568 903
97 599
770 376
951 344
722 331
312 587
29 316
198 386
926 812
498 455
97 688
541 258
596 865
122 986
402 504
407 287
604 688
65 223
566 374
423 734
40 288
603 735
839 68
598 520
693 765
454 814
73 790
374 713
699 387
891 496
501 819
508 17
239 823
197 291
743 523
810 619
73 782
568 133
652 911
677 166
698 64
853 849
281 770
876 228
442 979
799 767
502 661
484 307
316 460
982 399
736 59
840 512
644 809
439 408
292 15
796 834
402 989
479 369
315 682
662 355
840 756
136 180
205 61
520 619
736 520
578 222
452 472
999 418
544 96
828 439
991 554
262 624
992 394
76 459
813 26
781 456
635 372
433 635
972 839
359 671
892 708
899 936
73 344
158 617
774 335
607 704
48 766
160 588
47 758
784 953
410 579
950 284
919 45
884 383
55 891
319 961
898 665
728 218
834 689
743 604
309 609
375 350
937 356
832 253
206 984
563 616
900 615
379 232
615 819
429 263
942 388
53 747
964 559
249 499
104 518
127 991
60 412
486 220
472 997
700 318
653 677
12 981
213 553
91 390
371 546
933 238
704 313
872 705
204 668
904 839
830 26
156 749
968 889
605 360
397 159
836 305
5 50
321 566
955 218
482 130
367 45
357 416
839 71
458 947
786 761
506 81
830 335
943 661
22 798
957 548
572 418
467 512
796 295
231 506
635 470
514 713
847 720
510 589
537 686
166 967
48 42
96 671
333 596
395 39
305 73
209 71
582 876
890 394
899 97
566 121
833 534
972 80
387 680
85 482
168 923
684 969
640 216
811 779
536 691
482 924
994 840
436 690
84 295
391 326
446 982
235 675
754 280
678 208
408 142
783 482
451 576
510 186
683 809
220 40
964 219
60 701
392 677
691 214
539 475
177 800
476 984
982 130
337 948
808 380
861 464
40 311
496 31
839 549
588 898
117 59
479 271
948 894
108 870
64 358
158 365
69 958
89 352
301 51
149 144
607 827
138 728
758 365
913 353
251 317
94 502
491 86
699 572
161 439
515 806
172 943
901 673
743 240
9 708
571 44
590 876
604 896
262 727
798 82
117 175
395 767
853 210
782 886
44 552
77 661
604 559
950 966
924 225
651 693
456 652
528 222
119 46
491 850
650 380
273 290
57 766
976 668
554 628
898 477
138 316
874 694
660 461
685 543
237 585
955 336
277 692
737 202
52 395
493 228
236 421
187 765
433 12
639 881
358 705
740 538
232 215
675 333
876 610
913 79
133 113
523 868
70 409
522 978
924 840
261 733
499 161
172 447
329 650
75 529
785 405
619 814
147 735
346 13
809 23
853 259
846 661
788 95
791 915
474 311
762 716
595 734
900 261
911 485
14 229
352 985
518 799
534 690
421 664
406 598
857 231
891 977
73 422
337 679
708 582
298 811
264 471
450 892
96 164
111 80
65 110
627 463
153 301
965 161
478 292
522 90
67 335
475 132
530 857
440 811
341 238
427 456
68 324
487 877
956 163
272 598
779 740
41 898
778 650
941 724
813 256
309 183
314 599
175 502
313 843
800 614
71 373
696 945
541 138
19 901
218 498
956 291
907 996
365 715
159 404
378 307
489 971
289 405
906 521
365 464
78 938
30 883
828 866
722 444
345 370
586 741
750 563
278 261
975 657
780 643
949 134
824 158
282 157
677 113
576 188
844 760
362 373
957 873
317 191
279 680
140 662
943 864
843 889
265 939
582 818
671 45
921 250
406 214
326 203
109 802
281 621
712 953
826 643
552 669
68 862
243 830
413 207
96 186
125 256
792 361
124 426
675 463
676 45
965 800
321 721
61 75
746 320
962 772
441 572
153 514
63 228
434 395
299 475
449 249
328 143
568 242
423 451
215 961
480 818
539 180
972 800
121 318
90 718
10 801
35 249
476 880
276 97
291 629
877 574
716 739
699 205
655 3
964 123
940 588
768 444
963 198
515 459
896 802
603 604
571 624
504 356
172 48
676 498
73 462
919 553
476 507
510 619
460 131
719 474
636 400
597 206
383 599
401 112
434 997
621 723
79 5
770 844
342 250
430 165
436 414
921 69
406 911
761 150
623 865
265 199
404 259
577 580
691 505
503 696
419 843
847 842
686 217
466 337
501 747
161 615
683 937
848 800
949 89
953 609
526 291
269 936
516 648
154 845
541 925
768 375
217 679
895 334
670 622
369 80
413 172
827 248
767 96
902 394
722 435
726 574
510 248
896 713
558 744
669 50
424 817
215 156
490 359
980 110
908 878
50 68
316 321
136 595
989 83
517 756
331 711
958 961
674 840
304 854
622 232
768 972
847 764
124 982
811 337
933 822
890 438
477 702
297 206
7 331
88 286
996 523
485 418
976 674
528 877
828 280
971 869
633 596
297 818
873 475
298 826
982 806
227 906
112 460
790 524
809 836
78 596
14 525
199 562
159 709
988 445
314 986
582 678
215 947
422 597
143 806
613 438
344 125
584 839
82 174
10 94
689 891
135 88
368 422
131 333
777 526
512 837
516 92
757 812
410 730
537 179
617 552
676 868
426 960
135 979
791 227
118 862
949 199
620 970
303 318
562 750
307 798
889 75
886 822
271 646
544 15
285 526
113 161
839 680
659 258
484 692
555 169
367 601
571 504
540 987
456 592
390 103
895 762
303 998
363 781
515 293
818 906
785 799
479 650
907 625
36 856
25 391
710 590
813 392
98 999
591 72
174 553
35 699
697 787
288 337
348 779
685 802
601 885
535 190
533 799
374 442
832 568
877 399
509 261
260 690
480 606
159 569
268 373
160 911
967 684
463 447
249 315
200 866
774 569
87 734
894 307
875 460
858 445
705 471
879 86
691 964
533 359
731 569
480 520
922 891
57 166
481 104
969 306
593 399
852 463
769 679
857 746
192 363
833 435
520 896
580 712
790 212
499 831
351 521
131 697
863 991
95 188
212 63
461 783
246 804
202 32
778 15
97 59
493 688
303 929
361 14
943 882
433 151
671 161
857 502
494 521
708 439
501 588
90 919
723 681
712 335
69 643
701 209
896 165
812 195
926 918
519 173
42 588
748 951
454 432
952 605
45 947
254 379
298 264
944 344
397 739
382 376
303 184
348 83
995 200
836 879
770 640
228 355
307 812
962 975
581 760
426 914
293 344
326 679
741 309
48 271
365 139
322 148
948 667
585 389
986 663
303 421
495 756
287 531
506 801
280 249
881 805
149 424
103 892
201 475
464 563
420 966
832 547
214 741
848 781
444 518
657 553
310 746
277 152
952 315
283 502
307 950
374 164
775 175
368 196
758 975
661 550
97 178
637 493
992 29
546 205
757 436
901 204
355 785
819 896
398 27
695 102
983 705
879 70
983 758
453 965
515 741
637 832
325 611
358 274
478 37
472 904
826 954
739 92
988 181
925 558
378 386
809 621
409 362
838 407
372 392
851 10
841 886
216 488
761 885
921 574
197 958
912 112
204 23
921 370
928 910
296 847
187 25
386 106
231 595
705 225
952 603
208 556
44 794
679 424
716 523
481 319
430 912
934 112
201 352
262 855
421 847
871 558
382 326
920 258
201 331
933 344
899 153
665 142
284 661
185 63
381 718
630 384
496 811
881 283
856 696
543 144
420 278
603 133
390 801
850 243
305 309
181 784
644 205
865 845
908 646
364 768
153 8
818 712
994 367
781 700
562 850
846 43
175 981
501 169
130 565
592 351
853 434
638 772
337 497
861 223
990 963
970 225
936 861
228 508
926 649
500 9
51 488
469 65
233 226
509 688
39 362
515 101
592 892
108 153
94 647
610 969
194 803
664 299
806 849
498 892
900 451
938 716
500 951
895 126
813 732
813 404
223 571
463 328
199 533
180 570
258 12
814 508
807 171
20 478
370 332
783 236
671 989
659 440
566 171
621 554
957 98
668 434
480 898
432 849
139 398
409 330
838 396
566 223
700 364
414 304
540 789
778 197
356 211
381 437
709 640
737 2
155 385
283 125
692 353
750 714
763 830
227 159
381 601
964 511
815 800
589 378
294 355
284 86
241 368
8 383
103 949
334 463
306 975
329 335
768 998
828 79
238 531
850 773
285 337
137 533
629 100
173 444
529 922
290 175
557 488
156 16
479 378
354 208
543 784
501 682
760 311
560 330
821 716
54 410
942 106
923 908
353 571
213 814
988 600
807 221
237 264
642 962
171 434
936 995
677 713
742 438
486 156
591 21
430 307
132 363
271 91
661 773
307 342
661 592
813 14
278 468
430 768
920 919
633 600
32 856
13 29
902 492
512 498
524 493
855 941
750 655
147 845
187 131
722 453
467 847
34 254
740 744
382 464
782 660
236 733
480 814
306 966
184 382
594 537
197 707
81 449
13 947
78 227
399 200
765 518
772 865
328 799
981 231
610 428
879 763
296 564
530 359
740 321
857 713
420 334
502 772
719 500
446 514
432 515
34 844
428 916
434 524
754 755
901 415
896 364
927 780
139 911
232 177
889 597
650 807
579 29
528 152
384 18
532 692
536 535
451 565
807 963
437 884
18 562
644 338
118 913
824 291
467 974
572 774
300 75
103 222
92 598
615 350
42 194
728 865
150 297
978 897
500 956
518 135
472 517
431 881
172 309
2 973
467 357
431 573
513 766
364 253
602 323
517 697
563 362
377 963
861 431
387 356
209 80
597 624
505 680
707 746
719 395
470 428
719 904
671 619
871 233
274 753
170 192
554 509
473 451
881 930
5 53
132 268
891 213
612 447
193 115
228 38
465 631
535 697
317 185
136 924
678 906
99 409
918 566
17 652
301 110
162 616
602 25
237 12
459 494
327 567
605 370
1 555
252 788
972 536
460 287
194 108
236 856
422 292
662 154
263 157
772 962
986 143
872 375
587 942
509 50
420 632
187 832
621 420
674 158
444 593
420 135
709 637
928 655
527 132
7 309
272 508
369 498
591 976
637 241
10 178
809 865
697 429
848 715
872 37
349 523
376 316
672 487
860 85
934 319
628 387
613 941
439 618
313 981
940 748
925 950
534 949
97 453
886 949
986 945
187 758
793 335
821 562
365 184
502 681
786 300
959 130
466 399
99 117
864 779
448 757
426 508
679 981
930 241
904 566
43 916
969 91
371 554
737 509
908 455
754 240
88 694
811 432
548 554
333 628
105 131
638 780
761 249
489 317
601 410
327 394
484 644
916 15
524 574
29 654
893 432
845 501
932 980
253 375
4 199
329 585
84 826
75 685
720 844
973 563
956 41
684 300
33 160
452 319
972 556
707 480
699 584
284 552
926 350
548 536
122 648
474 595
998 923
487 548
830 718
758 460
759 505
664 161
480 791
67 834
33 171
755 773
44 731
81 39
574 969
337 347
941 414
338 810
78 939
377 824
284 907
412 853
733 761
271 795
629 213
102 56
828 662
112 856
613 590
279 193
539 188
320 615
144 200
139 657
200 221
128 234
88 202
962 259
54 820
751 952
8 682
63 852
428 555
145 175
86 41
946 423
756 624
823 267
642 900
121 681
914 561
762 967
226 720
540 444
396 279
679 10
581 122
676 742
635 9
49 540
681 720
63 714
980 438
338 886
286 341
901 458
425 200
920 664
826 369
647 179
189 940
62 327
787 769
496 457
996 141
860 263
976 677
115 922
527 956
298 171
348 812
731 199
581 491
860 651
548 407
347 507
552 455
942 128
584 58
198 438
701 299
975 776
699 677
353 809
698 944
757 369
286 46
537 488
857 867
992 116
622 405
579 59
186 893
950 521
959 488
786 867
643 660
56 480
8 61
6 408
495 706
470 481
687 781
648 725
840 544
667 359
417 182
75 246
767 321
527 743
329 445
823 313
512 972
751 878
6 238
662 475
955 500
281 133
576 642
904 647
725 417
317 291
255 860
182 110
852 740
185 708
740 182
872 8
605 970
208 623
99 610
828 870
721 772
134 110
475 297
432 756
765 200
61 748
857 21
479 960
668 429
329 664
390 127
815 201
542 994
323 24
612 359
850 152
979 333
629 983
739 454
654 62
528 505
244 433
393 386
533 722
105 779
906 861
780 495
208 721
463 41
400 250
401 75
407 250
951 99
552 755
535 409
632 924
357 63
167 875
317 468
248 699
560 421
634 872
312 59
100 842
92 775
849 499
467 211
309 975
730 137
545 579
223 983
46 178
771 298
766 931
630 88
509 14
604 909
967 143
703 915
690 67
284 513
723 259
234 469
605 750
49 682
665 869
47 271
287 429
360 817
905 53
784 990
618 133
275 388
304 585
371 978
210 712
970 373
561 933
402 922
604 166
35 450
439 269
698 799
617 445
216 776
766 241
373 1
107 384
688 366
63 129
560 777
150 273
206 530
453 710
595 326
495 775
45 348
866 933
378 461
237 483
442 594
313 722
824 814
180 138
985 231
8 243
515 545
793 876
305 439
483 964
740 899
966 977
911 503
682 832
34 8
320 637
78 194
8 351
208 902
133 905
866 193
456 859
735 100
257 967
932 40
658 740
717 391
612 343
893 347
74 13
649 645
838 393
463 727
348 564
469 670
862 199
58 55
872 37
722 511
270 130
588 373
763 646
988 305
371 94
106 881
245 444
555 755
201 83
646 18
687 267
465 115
887 268
23 242
471 760
608 745
118 740
386 196
500 600
693 93
692 589
751 799
273 936
19 307
43 192
458 664
498 730
716 641
601 104
863 739
203 791
531 471
666 320
919 636
447 885
193 332
849 140
794 944
251 122
32 532
914 293
741 208
567 412
235 177
634 169
959 98
288 836
156 209
563 672
276 794
126 11
868 469
413 693
814 381
912 382
393 564
490 827
957 853
30 57
943 192
9 663
499 621
549 296
686 373
885 112
840 962
150 729
422 708
808 562
662 954
237 720
547 55
907 726
783 224
415 655
318 726
67 423
437 535
627 615
726 842
804 512
960 286
712 953
234 382
56 520
241 614
668 292
19 506
729 295
949 520
246 145
286 986
521 31
645 442
284 148
379 91
376 806
478 339
439 88
608 430
44 213
505 567
73 430
443 242
761 802
665 393
98 725
756 950
111 337
485 401
491 394
918 582
639 585
673 115
544 78
10 999
566 306
736 514
755 638
440 179
290 516
241 105
774 106
443 715
117 884
997 927
228 326
630 634
749 866
662 303
21 12
318 671
903 586
942 772
669 658
892 383
206 678
783 852
567 698
583 226
871 402
447 299
932 99
683 77
98 400
412 65
454 118
422 448
938 358
734 364
746 607
285 627
198 671
369 787
13 764
885 670
968 603
420 332
127 620
738 104
886 224
60 150
316 340
697 481
844 254
580 151
496 310
699 583
370 693
176 68
457 102
704 61
111 144
763 124
945 237
460 502
370 831
172 519
718 405
377 587
737 563
591 675
259 233
925 290
76 347
167 820
880 532
676 870
713 991
946 158
378 377
209 407
644 467
590 99
404 82
644 966
361 142
93 235
243 338
684 737
557 318
569 851
440 156
865 963
839 871
967 812
937 218
403 176
992 300
381 992
677 396
256 743
696 38
375 68
804 938
975 778
348 80
235 544
507 506
97 819
350 346
282 64
957 287
305 684
395 668
782 686
429 791
547 39
824 844
782 641
419 347
426 757
20 485
709 379
916 245
591 805
587 266
271 591
994 544
930 576
262 389
898 713
470 409
253 446
87 294
640 754
230 224
427 66
163 250
494 136
660 80
345 803
395 247
510 616
910 389
496 440
153 890
299 395
559 622
634 271
743 645
587 274
58 972
940 14
149 939
19 435
956 527
774 82
416 70
458 3
442 326
216 673
786 314
935 234
504 345
708 570
562 965
937 295
27 620
278 878
32 893
421 296
96 987
58 913
915 512
837 234
625 357
670 54
287 130
474 325
613 509
474 900
195 175
513 130
8 939
833 790
804 757
464 254
167 900
412 240
192 800
157 249
21 536
665 546
870 307
534 140
40 483
376 8
138 953
611 889
398 863
340 444
416 203
103 522
761 301
101 514
481 671
207 976
522 502
527 872
730 392
593 62
787 769
441 968
576 643
226 771
215 974
177 565
87 350
650 997
511 566
237 751
727 710
212 163
35 967
78 458
519 764
252 670
357 25
668 412
183 933
626 893
177 397
746 521
518 981
547 116
585 747
457 502
664 31
997 388
845 698
181 75
463 83
107 433
563 538
471 493
386 745
860 815
336 562
543 326
441 853
600 808
311 744
774 776
164 693
111 771
564 727
809 291
442 745
283 634
128 5
468 473
288 232
794 329
654 343
196 56
583 813
557 515
291 612
305 331
820 454
899 415
425 103
847 427
61 585
309 848
321 906
139 776
105 328
670 651
425 477
290 865
99 8
619 846
895 389
561 643
776 715
536 460
886 919
505 383
232 666
572 813
308 271
598 429
798 132
608 986
571 224
949 617
182 669
59 288
930 78
511 338
798 706
626 766
149 684
69 849
381 99
89 641
788 688
538 405
392 587
529 147
482 681
350 197
484 663
459 127
465 414
839 689
455 981
665 184
33 322
140 453
812 132
819 228
351 600
905 358
223 742
142 434
631 423
86 492
337 833
966 264
671 801
782 805
707 126
166 167
619 739
870 305
251 431
749 408
484 602
63 655
807 425
847 205
415 157
990 652
634 751
272 956
480 305
430 772
938 187
644 595
619 276
425 233
640 869
190 893
548 843
986 253
176 355
512 834
205 590
60 221
177 838
143 331
104 656
842 291
604 760
755 486
718 223
811 180
73 77
638 1
971 339
413 625
178 865
455 643
863 382
938 234
564 40
414 81
371 667
147 256
460 693
916 901
799 896
691 727
446 591
929 330
673 137
2 342
703 850
950 176
409 566
605 888
687 691
78 737
992 776
469 224
125 171
785 104
830 642
233 477
525 995
850 881
941 198
766 851
745 645
211 435
323 154
845 535
272 728
504 922
864 983
154 691
795 707
349 939
135 344
339 301
182 659
575 189
759 123
767 341
775 504
377 697
232 816
544 222
862 222
205 766
457 726
433 78
735 252
596 500
800 588
247 653
561 981
823 540
599 320
542 309
6 93
627 918
140 955
178 171
655 720
446 101
896 830
801 597
98 631
219 397
768 897
598 184
723 329
367 421
729 41
133 909
827 454
409 759
648 686
406 305
406 22
852 571
168 302
652 653
768 983
600 589
773 255
584 198
337 215
974 669
297 66
238 107
585 125
529 647
951 233
255 934
224 76
97 825
478 392
94 467
56 964
219 693
609 547
481 521
191 664
730 455
561 487
330 686
333 146
98 858
512 4
797 71
895 735
845 893
360 92
56 939
351 135
681 274
795 679
343 162
616 704
909 791
478 896
760 958
535 529
532 857
646 47
782 330
941 541
632 346
4 21
155 687
680 355
752 835
716 194
616 95
605 51
946 244
202 83
611 426
2 737
502 862
192 648
189 3
349 851
871 540
945 352
425 26
580 625
537 177
990 296
346 153
116 595
396 12
437 317
772 7
587 438
86 275
995 497
349 993
252 344
415 220
964 197
541 839
735 544
558 78
949 444
39 903
633 783
100 434
159 70
227 591
584 746
243 31
24 579
642 310
530 275
191 57
614 213
756 731
527 68
511 314
935 195
977 268
701 288
76 796
387 579
44 302
333 689
268 5
315 75
350 628
403 563
775 259
989 18
803 250
282 516
430 315
582 935
223 407
921 3
300 299
600 27
715 343
347 651
726 702
330 380
942 794
53 733
469 436
685 760
994 990
305 966
902 424
550 606
327 843
142 471
498 626
687 461
112 213
914 752
133 556
350 963
696 793
230 121
880 883
873 633
319 875
299 897
222 221
64 848
39 548
892 924
385 536
467 298
50 215
771 382
64 900
694 121
960 759
361 642
275 840
715 234
849 312
532 733
300 71
337 315
957 338
592 229
526 342
556 60
160 295
195 46
885 223
700 607
249 845
685 61
13 243
554 120
571 862
932 805
838 589
927 270
217 795
855 238
297 743
38 130
176 456
678 950
558 61
624 378
157 525
486 28
147 170
32 759
564 436
26 963
951 121
915 671
908 169
630 770
899 206
380 386
336 793
853 777
873 612
138 477
505 31
200 342
101 370
806 949
912 383
503 550
221 583
751 137
625 847
53 100
485 525
37 152
928 539
152 890
86 801
831 8
349 309
679 749
698 450
832 204
472 330
912 55
191 692
539 382
481 535
778 311
181 684
223 814
704 109
628 374
381 509
817 179
927 730
898 215
137 626
674 449
222 608
19 586
686 132
666 277
306 885
569 444
258 486
594 791
166 681
190 940
119 265
713 725
659 47
391 611
779 795
404 65
369 1
132 141
417 55
939 797
241 722
208 508
18 218
898 520
461 183
167 806
531 579
344 879
210 190
704 734
517 988
988 108
248 885
658 839
636 384
106 316
823 596
813 33
552 560
461 711
517 731
311 627
507 766
675 654
108 435
423 379
205 624
510 130
968 171
554 886
203 605
201 379
411 744
304 14
443 681
413 765
392 678
444 442
814 617
52 837
934 921
265 193
323 857
29 774
660 291
614 301
679 581
326 533
265 808
490 629
394 426
104 621
63 505
122 267
822 595
236 174
85 757
614 500
274 407
417 361
662 652
234 749
2 341
868 278
906 984
411 358
697 20
524 514
499 759
73 645
537 322
797 308
807 622
747 411
772 799
452 164
632 153
493 404
681 633
617 80
437 306
325 746
261 134
611 848
213 478
799 684
991 749
90 596
726 518
317 837
719 217
369 487
609 351
702 580
660 9
315 39
784 815
949 639
488 763
960 279
681 700
168 759
75 392
909 258
813 519
735 226
432 251
321 104
402 41
50 23
779 62
877 364
721 283
46 545
542 927
346 6
484 224
615 514
490 277
795 243
187 22
272 249
71 618
378 592
334 472
534 427
509 113
395 130
674 230
158 160
883 216
158 503
735 86
362 491
733 943
964 875
124 639
975 237
547 194
666 353
498 880
712 918
48 7
955 107
984 721
655 831
53 868
953 813
23 788
450 35
909 756
114 415
370 752
945 89
161 916
797 330
248 658
384 509
334 295
734 58
888 38
624 109
921 940
447 296
330 943
418 897
31 958
710 250
339 400
316 655
985 499
875 831
59 951
247 977
35 393
430 699
807 922
582 772
68 447
110 747
363 398
356 246
496 393
511 66
439 834
52 546
377 143
95 645
623 436
547 60
758 657
299 695
467 285
731 599
346 534
650 559
805 428
539 6
789 301
853 51
596 947
90 623
268 691
127 184
243 609
267 673
368 720
5 284
882 553
88 454
14 228
374 737
462 537
837 913
963 251
916 690
32 278
968 7
908 299
627 814
487 870
590 893
177 574
127 313
485 777
5 932
670 217
753 379
11 132
101 590
998 973
969 18
742 748
766 937
470 650
520 393
5 676
968 828
859 181
676 95
746 345
561 399
777 416
266 34
342 506
479 85
820 60
807 167
823 562
931 573
965 293
968 451
998 969
868 936
750 857
202 544
943 496
630 482
515 439
945 614
417 575
634 143
29 956
237 442
733 851
862 168
338 699
387 831
486 336
193 974
518 954
169 114
314 180
338 517
849 547
122 2
144 267
223 756
916 890
741 459
346 649
67 604
154 683
737 454
428 358
32 929
761 664
844 200
436 75
621 900
901 285
551 743
218 763
654 492
951 134
782 114
717 16
698 849
22 589
666 435
83 449
113 697
896 563
637 675
575 332
336 259
720 195
958 886
379 937
71 612
725 49
782 852
420 162
469 480
633 441
608 135
831 434
996 440
115 447
497 353
611 409
603 832
719 331
268 280
891 816
583 57
627 336
497 365
563 48
207 965
819 914
348 815
255 650
97 64
416 88
496 594
426 745
794 818
98 863
398 62
836 708
44 980
345 463
510 259
942 626
540 717
532 761
131 607
670 505
592 227
539 804
549 89
625 684
547 343
123 441
149 664
644 958
140 910
887 708
334 650
86 549
310 593
200 336
840 440
386 588
392 432
239 643
327 659
720 582
24 593
257 842
519 890
801 900
327 658
27 407
955 661
972 830
884 984
424 172
759 724
875 528
172 869
528 832
415 498
91 248
808 157
47 66
966 46
422 566
973 293
672 449
997 928
912 644
534 882
325 56
583 12
880 918
470 473
690 408
374 884
41 780
846 900
945 805
372 531
542 368
535 345
991 933
296 251
133 623
678 549
560 177
813 979
453 441
567 283
885 143
641 941
560 644
450 206
455 506
592 540
884 716
649 127
377 594
217 663
212 229
124 894
593 772
931 936
938 46
906 498
158 823
468 266
191 718
942 636
176 645
361 534
660 778
372 728
111 755
983 589
202 322
812 825
481 794
558 743
242 419
242 464
449 399
835 428
64 639
284 777
311 957
735 364
92 689
445 108
696 202
243 147
972 616
411 55
798 453
590 968
152 758
875 831
978 600
239 711
207 760
718 241
604 518
925 453
560 415
335 370
236 974
591 296
351 926
98 720
407 867
344 687
237 558
876 219
648 215
975 115
75 855
92 693
864 678
811 17
106 425
118 865
161 341
267 427
147 230
815 364
769 273
830 159
378 6
221 707
540 26
880 914
326 614
12 690
707 190
333 541
406 812
871 451
596 567
515 138
220 462
734 331
489 988
712 564
989 866
611 651
565 530
862 210
900 890
799 873
415 326
856 132
301 539
824 727
864 897
78 340
670 802
509 811
94 877
463 221
872 84
332 74
2 437
47 194
786 901
945 845
695 919
458 801
528 996
893 283
341 111
912 689
500 729
606 140
361 593
395 69
860 233
388 445
358 862
482 153
716 144
63 428
229 412
408 239
521 476
586 20
708 580
309 218
357 926
238 915
702 717
668 633
796 282
862 775
927 154
297 63
490 644
774 78
36 438
632 182
919 556
855 218
154 346
272 164
797 511
946 509
860 219
500 615
390 657
810 81
143 36
398 826
622 352
508 172
353 657
932 140
76 990
336 787
669 230
459 607
835 467
685 405
738 695
71 903
983 846
882 600
145 126
477 280
171 485
143 984
842 523
233 793
299 918
866 568
894 967
153 325
448 448
861 837
459 187
33 932
251 442
568 633
632 395
879 763
467 802
44 740
252 309
227 276
563 550
237 811
136 176
623 108
945 584
489 203
853 123
565 521
873 104
498 851
614 505
307 378
836 81
109 69
345 89
638 54
865 626
801 593
701 1
303 143
64 365
487 791
32 917
21 770
621 904
409 519
615 954
35 434
502 170
258 861
915 565
909 615
208 780
780 429
290 627
991 802
593 354
271 198
967 624
528 10
528 308
262 655
807 861
32 15
876 29
593 8
622 791
571 222
650 549
176 70
590 940
294 886
84 184
526 283
292 769
77 55
428 539
119 57
790 236
982 150
158 666
176 294
515 498
47 465
253 166
106 223
109 843
27 118
400 910
398 552
325 691
948 194
250 472
426 68
217 40
424 408
701 93
591 599
64 217
382 356
578 317
160 206
323 405
315 904
175 722
132 713
906 500
971 799
866 874
914 397
523 801
894 338
656 224
440 204
559 719
754 540
745 856
261 632
536 786
508 295
8 711
929 359
158 632
506 619
734 24
543 139
196 257
480 156
78 851
289 639
179 637
212 44
394 643
429 472
766 649
79 656
733 492
842 8
626 890
632 68
206 79
335 893
50 401
970 533
172 127
482 260
22 70
712 693
884 134
782 859
515 369
580 860
586 248
856 422
489 930
9 207
101 414
533 343
876 150
994 504
482 766
835 477
170 222
355 266
126 772
142 138
716 640
607 721
143 303
233 463
389 351
764 242
303 208
76 16
238 179
664 70
546 719
659 499
765 435
207 15
870 890
249 67
787 586
888 574
38 930
999 840
82 145
352 482
497 384
282 427
215 735
173 945
163 480
914 832
565 646
255 839
906 435
21 504
78 693
342 628
468 833
696 60
541 268
370 48
193 757
211 370
315 127
606 383
933 197
842 239
796 498
651 98
601 702
115 391
19 397
949 175
235 205
191 645
412 494
251 560
930 323
449 461
563 963
160 773
12 215
713 3
818 808
229 83
473 419
534 62
237 210
414 202
847 190
402 604
883 977
300 372
832 813
495 468
241 114
329 655
376 971
779 760
842 194
331 726
788 316
525 583
785 743
651 658
980 632
609 53
424 863
395 627
813 975
89 890
264 55
26 136
895 639
551 523
249 738
772 881
464 755
498 297
673 249
599 149
920 654
517 926
273 344
38 631
521 86
858 127
980 503
142 602
125 876
333 411
292 93
566 105
401 474
442 65
931 793
447 759
686 851
914 682
313 677
762 951
796 552
55 621
223 777
372 914
325 67
877 704
808 335
809 443
226 927
720 969
728 876
446 167
568 133
809 360
31 599
152 572
911 545
322 924
839 852
637 412
116 882
218 514
676 642
570 745
714 620
496 9
894 161
294 942
21 462
61 103
393 769
315 930
855 304
157 355
767 413
295 793
27 601
244 231
975 421
41 813
540 408
288 256
916 434
895 581
683 655
425 675
605 77
99 739
812 179
591 973
767 579
181 605
835 512
932 143
674 530
656 691
946 214
648 943
243 862
518 262
936 926
721 942
400 542
720 538
512 212
510 31
635 997
509 409
551 189
437 160
850 943
157 812
755 797
378 523
785 998
643 895
556 721
981 83
339 674
605 421
451 850
847 833
242 804
711 75
234 511
454 149
960 803
600 329
852 434
151 696
311 356
795 512
313 585
260 777
916 652
502 583
416 367
889 69
861 657
886 600
748 96
617 59
387 427
580 935
631 957
32 449
961 941
527 827
323 992
644 505
88 239
324 865
652 503
878 213
812 513
327 764
822 561
706 943
878 927
604 286
454 510
170 635
181 415
126 415
919 503
460 770
354 7
228 783
995 6
518 106
869 808
88 845
507 410
57 793
798 386
614 660
14 252
385 502
917 913
135 510
998 836
562 595
378 352
76 789
895 93
900 313
876 483
893 706
218 383
487 949
328 16
985 101
603 60
972 89
318 520
75 826
421 35
106 636
426 517
609 181
493 321
522 228
933 369
471 415
83 152
885 957
777 129
189 590
397 99
337 879
705 714
468 411
48 844
81 573
472 192
231 689
636 684
771 752
168 569
439 242
918 968
816 325
633 695
793 723
602 30
463 130
259 27
589 930
222 306
216 669
78 412
96 446
199 713
1 867
827 85
771 440
764 745
440 587
310 116
145 951
799 631
657 326
256 59
83 964
634 196
608 299
744 430
143 703
289 661
745 143
582 117
580 517
822 65
180 739
690 133
763 44
369 490
548 139
103 344
539 630
647 455
884 865
288 392
53 27
888 576
411 517
752 189
254 710
449 574
425 152
195 857
347 188
326 283
626 613
962 148
321 883
749 609
719 206
950 37
331 772
8 557
746 461
171 478
52 999
869 619
476 477
383 783
66 542
873 428
294 410
12 835
164 614
819 479
234 882
373 489
46 565
26 380
576 791
509 914
252 628
823 98
880 446
987 924
352 664
74 580
134 364
978 803
283 297
180 516
5 516
799 552
651 769
560 543
457 227
573 788
885 708
155 115
758 765
148 860
159 828
193 939
742 293
589 171
686 25
260 487
758 691
460 59
602 409
354 738
526 59
486 646
479 130
613 359
937 237
66 760
699 97
389 258
147 442
185 696
184 832
242 444
503 941
69 420
877 105
881 141
786 122
252 367
725 984
939 864
344 663
478 5
980 43
203 866
562 845
678 388
550 464
405 638
59 53
875 473
333 654
775 476
842 837
821 27
610 287
668 761
484 953
714 864
730 184
29 636
742 11
194 425
64 292
64 598
790 840
494 657
133 123
959 269
15 694
699 500
979 343
15 86
949 463
365 728
364 398
127 394
818 824
117 320
918 600
440 180
555 427
268 652
921 688
382 227
445 654
996 799
884 424
887 11
457 833
231 970
364 540
364 357
677 901
220 480
378 314
459 660
312 933
340 726
671 951
324 721
520 117
540 320
330 404
955 146
117 506
46 186
261 199
818 409
608 656
688 39
417 985
637 147
591 447
399 976
416 263
98 441
761 935
58 637
502 809
315 731
635 337
254 360
488 615
271 73
829 96
799 678
543 246
692 437
413 135
116 809
251 829
483 213
568 12
539 260
709 70
125 854
932 345
959 379
170 420
515 948
626 998
244 315
470 170
23 654
464 882
430 856
69 714
444 632
610 355
144 701
555 319
663 268
365 488
626 622
290 534
532 142
175 915
803 494
149 644
245 544
400 612
45 394
26 187
542 207
907 635
953 685
952 182
388 336
676 318
570 14
155 965
600 103
596 48
410 403
666 744
75 655
767 66
971 119
44 792
146 513
198 951
851 817
153 868
904 239
252 548
513 475
577 126
173 113
235 891
355 302
956 900
684 429
267 442
234 655
886 310
979 98
633 84
671 830
69 786
53 575
50 40
165 284
116 345
237 56
357 350
968 310
738 32
473 371
745 5
34 425
522 631
434 13
562 156
660 105
679 349
388 712
714 448
792 552
608 829
179 747
57 964
715 865
237 514
518 188
613 700
331 270
283 853
727 764
587 563
911 387
817 267
433 300
851 532
361 943
691 178
861 259
842 466
979 576
763 797
497 217
486 95
948 547
311 487
50 675
781 898
883 680
979 317
567 316
977 830
727 928
905 668
853 588
164 747
264 551
486 645
740 760
307 691
896 407
800 337
953 665
345 300
617 555
589 324
872 184
830 566
953 599
187 454
920 806
76 69
714 184
943 562
253 173
298 969
306 149
532 816
117 259
813 876
200 452
354 121
686 73
390 903
357 639
445 296
364 277
460 521
801 796
687 123
92 772
639 703
520 116
93 172
48 355
525 624
744 248
39 878
781 430
70 428
442 139
134 233
472 806
321 313
435 273
45 9
711 245
79 684
855 949
23 171
794 621
868 547
145 538
686 625
772 925
782 755
707 214
738 916
947 179
171 60
68 382
345 215
617 497
166 423
312 191
812 906
454 106
362 399
25 598
242 766
241 796
728 25
659 947
126 467
526 606
706 296
230 312
527 769
910 846
38 692
599 222
327 568
966 771
88 407
173 990
505 329
72 413
79 234
419 730
55 205
219 944
974 479
248 167
732 501
912 158
98 488
56 230
1 424
549 22
13 88
135 441
853 236
469 207
655 932
855 606
550 429
907 792
678 524
744 874
750 410
897 656
885 848
990 952
973 604
410 259
699 704
940 544
469 271
921 128
734 843
272 495
288 3
246 897
490 684
94 989
645 241
807 709
661 249
852 516
774 353
776 980
243 473
463 435
281 431
274 384
879 733
736 264
161 885
569 981
970 370
329 662
90 334
301 136
651 750
821 871
851 145
336 316
469 812
243 798
183 750
483 516
498 62
665 219
918 378
747 234
614 607
659 76
929 703
172 959
830 299
443 711
28 400
213 779
577 496
246 455
690 478
258 448
666 906
284 922
156 304
910 31
824 769
472 570
248 753
53 643
74 79
197 495
992 101
315 128
583 289
766 561
727 991
897 25
665 393
415 182
930 821
309 326
614 474
227 500
861 861
658 997
212 934
753 855
982 204
211 69
348 284
993 977
720 75
186 610
510 385
924 601
926 440
913 952
171 259
120 859
856 32
685 778
352 786
709 438
506 53
56 919
615 853
927 49
658 335
439 114
714 168
327 82
752 359
617 958
536 922
954 455
951 112
897 639
77 303
75 606
245 302
155 130
896 859
913 801
633 274
441 352
152 66
143 486
164 904
826 759
932 418
529 499
856 884
905 146
470 652
953 979
827 714
574 826
346 724
997 487
557 978
44 157
362 427
331 186
663 244
661 876
375 596
199 909
55 232
883 104
802 243
957 555
381 629
72 250
455 727
424 787
944 730
157 187
372 25
268 207
83 754
69 928
837 176
126 267
370 610
853 727
1 890
520 529
497 382
827 310
98 670
400 969
156 42
66 275
200 247
1 52
979 1
895 69
335 536
864 21
467 423
314 717
964 467
567 552
861 180
849 113
83 958
718 967
243 238
484 502
553 161
162 203
271 252
787 57
795 324
747 370
806 262
729 779
331 770
950 296
409 192
869 799
486 491
447 587
90 447
607 650
852 361
612 487
543 842
166 118
488 339
319 631
410 294
782 48
63 740
651 732
251 471
680 520
825 736
183 845
495 633
994 789
277 348
908 606
443 538
595 74
705 930
942 914
680 833
293 724
457 742
931 943
182 426
162 330
176 7
640 63
570 670
736 353
677 565
104 644
437 120
50 417
50 860
693 991
435 730
191 985
647 891
317 123
452 828
554 197
259 346
17 194
265 547
113 471
834 941
62 934
351 271
131 829
540 401
849 542
528 974
584 40
162 893
722 619
815 333
678 276
188 792
58 413
884 452
393 170
104 437
707 173
721 174
574 556
98 261
953 142
181 344
238 537
874 62
394 678
953 408
200 790
922 859
311 975
146 806
961 422
314 967
141 668
942 35
14 433
293 40
103 966
222 474
535 59
736 96
503 647
437 408
267 421
396 359
883 296
717 260
228 844
231 749
783 87
239 173
931 515
481 531
723 34
92 421
516 258
904 546
953 19
158 61
419 220
515 554
813 22
865 950
700 759
565 815
987 202
436 522
53 637
670 916
57 776
752 480
26 572
310 657
717 978
916 467
739 854
875 431
101 272
749 460
993 519
439 314
835 980
618 874
791 607
102 7
206 847
138 572
229 231
928 447
633 664
238 844
276 91
362 831
291 376
613 112
144 284
983 52
926 698
24 320
45 436
2 843
415 250
481 139
305 363
27 128
971 656
746 982
814 247
341 827
657 823
826 953
6 800
217 528
847 650
86 240
801 610
860 87
225 217
579 60
187 248
903 324
307 158
124 369
196 121
943 183
855 852
371 488
16 860
229 307
265 862
192 314
400 67
283 52
111 343
310 861
185 16
173 213
300 210
330 15
198 495
66 992
480 53
631 156
462 496
77 859
891 726
511 268
38 291
352 793
373 866
881 661
593 277
486 773
506 892
388 535
527 703
474 172
327 725
939 105
682 507
234 17
3 573
582 463
257 759
625 934
595 348
624 226
998 188
81 111
364 504
926 187
358 890
334 400
224 685
910 274
9 905
198 144
607 729
488 779
713 582
929 114
339 28
933 273
102 56
278 14
918 465
74 922
323 277
680 407
680 265
888 590
453 407
137 86
865 778
79 624
456 297
324 726
998 794
568 976
989 100
564 565
487 627
622 356
763 528
792 21
329 162
569 681
766 781
278 424
48 350
366 356
83 223
17 408
384 799
899 304
868 93
719 182
538 355
883 341
361 20
181 394
75 689
190 468
891 560
628 467
542 658
880 993
402 343
142 615
637 504
596 759
941 505
579 315
374 198
217 462
855 734
143 397
584 649
927 51
236 194
851 555
549 777
838 450
784 669
173 699
458 421
645 488
802 118
315 224
404 177
629 531
647 977
626 490
540 949
143 553
827 776
272 713
163 95
482 111
809 665
87 654
142 985
104 731
673 663
558 418
668 77
54 905
396 315
264 399
670 654
149 125
837 216
310 421
250 719
384 791
165 777
762 189
919 25
687 865
284 311
387 963
869 951
984 160
277 983
356 966
809 665
881 505
925 647
366 191
701 175
951 468
657 865
889 432
298 295
606 577
259 300
251 992
870 128
829 953
638 865
531 186
690 447
812 412
321 334
227 178
646 22
886 896
328 303
597 495
790 625
924 921
914 49
895 893
565 503
369 724
628 203
369 618
30 318
651 181
78 69
809 877
773 442
463 695
190 102
445 60
700 698
747 370
981 614
835 642
85 547
468 922
540 713
749 836
736 288
357 401
996 813
255 166
579 489
309 717
495 488
186 472
841 195
527 651
293 542
89 82
4 378
809 556
112 544
831 558
677 847
379 906
72 674
881 633
69 370
576 908
380 563
477 761
413 940
482 722
803 424
520 570
844 807
351 329
887 674
521 900
807 564
956 899
251 597
966 556
464 319
601 542
23 563
503 78
799 154
577 703
273 322
129 98
145 835
510 198
98 750
34 749
368 904
502 708
265 618
656 187
448 447
10 975
771 470
623 231
933 289
610 918
734 924
479 738
935 879
629 707
456 34
656 662
371 542
879 158
64 354
519 535
229 511
980 248
478 999
288 322
240 131
773 898
355 974
572 252
958 291
43 919
582 415
675 698
575 671
743 554
807 638
149 262
509 36
35 847
887 987
836 323
939 127
819 609
861 294
303 110
30 819
952 345
762 330
1 347
900 337
693 743
5 708
743 841
407 233
220 778
819 294
139 774
383 477
770 677
505 962
782 792
137 534
863 453
799 898
953 582
325 419
127 646
206 49
281 588
366 612
624 219
992 903
99 482
877 94
57 588
380 382
916 557
728 516
134 498
81 247
665 87
733 405
172 791
379 938
270 171
389 464
86 612
94 100
194 185
772 970
353 250
806 152
386 987
485 534
780 519
606 565
689 164
954 58
995 579
750 53
235 983
596 139
239 39
941 689
379 151
400 713
583 450
437 924
177 688
207 640
924 676
839 531
307 613
910 513
565 22
5 660
518 518
556 600
9 756
625 217
648 106
555 743
667 232
638 710
350 843
519 563
95 992
605 78
590 120
141 516
894 873
391 146
464 412
886 665
881 191
296 511
254 249
199 850
279 639
483 836
399 629
621 720
797 212
332 945
180 387
260 472
617 792
205 369
753 800
990 91
321 353
601 287
855 574
214 799
635 135
482 415
853 753
964 821
485 651
756 296
487 664
176 735
822 822
622 380
189 575
647 613
618 509
802 966
766 473
607 734
867 120
591 89
910 720
371 556
570 395
778 846
581 57
598 672
52 122
697 220
551 958
187 63
29 169
361 988
441 513
633 967
775 308
28 942
498 404
517 118
682 787
562 14
685 263
384 160
380 455
414 799
580 649
818 600
307 609
122 897
864 747
55 473
416 358
761 800
636 632
419 997
11 318
299 981
859 696
869 402
919 239
888 283
601 500
109 425
322 907
373 948
141 904
