100
25065
36797
14492
19123
28924
39782
7033
14000
23384
30258
25288
31163
7070
512
28275
28974
8031
3116
36168
13461
16775
20571
26548
8409
8405
32504
34194
14157
28472
30965
23540
23962
21468
22692
7589
18952
9628
13035
27893
12232
27589
39455
8306
29228
25909
38884
19510
37460
18390
9418
2061
38899
30019
8147
6475
14118
7752
12196
14733
246
8420
7339
35098
38422
38548
22012
14646
4778
10991
5049
6086
1707
34728
18782
3079
8495
1025
32074
8412
25662
18403
22043
37776
35719
23081
14971
20307
4540
10608
30615
13837
22779
11284
36118
26180
39469
9543
9807
17618
20981
23175
26448
20851
33885
22452
15100
38036
33904
31576
3729
6583
25484
24284
37263
18520
24218
14355
17962
36036
12051
36844
26110
3980
19991
18400
28946
27764
33844
31228
29871
27788
38720
38544
5649
10878
22169
14415
36273
16258
33666
15030
1528
6308
23881
14629
6701
18964
22118
26790
2704
35065
19210
20672
23094
9057
27966
23504
34878
6600
9896
21594
7563
27237
10806
20553
28170
3538
3321
23436
14162
10605
18074
32821
8798
33003
35192
5629
13713
36244
9395
1289
2246
10712
9568
18075
3527
34748
7881
9973
5410
39160
7667
20124
15298
28384
23273
27867
14577
26586
12875
22813
21717
13979
2339
33027
33292
30417
321
37344
1403
20273
17829
30010
7723
5269
220
22580
31410
20976
12768
32479
26172
5910
36263
37190
1754
4070
24910
22470
12415
8268
2227
32862
2292
22392
31791
13526
17754
38072
20936
9306
11983
9888
30989
34834
23716
27182
31410
27725
20264
1072
11177
19006
18690
4298
9602
19621
4977
21344
20752
39197
34376
726
20229
27978
27882
36868
34027
22034
14743
26316
32774
8575
3886
4659
23748
17347
31211
29118
20483
22693
17319
18705
31612
13355
32136
37747
33598
837
2455
29964
33481
18467
30592
28654
19905
37821
19383
35649
7395
