87 9
268 30
276 57
376 104
555 45
174 102
483 154
736 320
90 252
110 90
88 319
660 36
1079 351
1680 14
645 0
816 0
1921 34
1944 720
1824 779
1520 160
1596 840
22 748
2507 759
3120 96
700 800
1300 390
3618 1134
2632 1036
2059 928
1860 300
465 806
3264 832
3564 330
816 1122
2730 1085
1944 288
555 555
4142 1520
3939 585
2120 640
943 1722
4998 966
1806 1763
2860 704
5265 1755
3910 552
3478 1316
3360 0
3136 1862
2650 1950
6324 1224
5512 208
7367 1590
3942 2052
5280 1210
672 448
3534 1539
6380 174
590 1947
4500 2400
6832 2257
4278 62
882 2016
2240 640
1235 1820
330 2508
335 2479
7888 2244
9315 1380
3570 1400
355 1704
3024 360
292 0
370 1850
1350 2100
8968 912
2002 1309
9750 2964
8769 3318
5600 1440
6723 3159
8774 1722
11537 332
3528 588
6630 3400
2580 1462
11484 3393
9064 1848
5073 2047
11430 2700
12831 910
1288 2208
6882 3720
3854 2444
1425 760
2880 1536
13580 582
13524 2156
5049 495
10100 1900
10706 606
4692 714
3708 0
4264 3536
7035 1680
12826 2544
5885 535
7128 324
11881 872
3190 2860
3219 1554
3472 1456
678 3164
12996 1596
1840 1610
16240 2320
4329 351
354 708
238 3808
14400 2280
2662 1452
13420 1830
8241 4059
4960 496
14750 3875
16758 882
10287 2667
16000 1792
15351 645
12610 4030
262 524
8712 3036
11970 1596
8844 5092
12285 2700
18632 4488
16029 5617
3312 4554
15846 2224
7140 1960
15510 2256
6390 5964
2145 3718
19584 5040
14500 3770
14892 5110
2646 1176
13912 3256
10728 5662
4950 1950
1812 2265
20216 4712
16371 153
19096 4466
8680 0
156 780
7850 2041
11376 4740
4134 318
5280 3360
17227 4830
6156 5670
18582 3423
6888 0
16830 2475
10458 2490
13026 1503
4872 5880
3380 169
12580 1870
3249 2223
13072 6192
12802 865
19314 2784
3850 6650
10560 3520
20178 7434
7120 890
11456 3222
18720 3780
24254 2172
11830 2184
5307 2928
11776 2944
14985 3330
14508 1860
4301 5236
5076 1316
20979 3591
10450 6270
22156 191
13824 6144
9071 1158
24056 2716
5265 5265
16856 8036
16745 2561
7920 396
15920 8358
28200 7800
15276 5829
19190 6464
12992 7714
10812 8364
14145 820
29252 4326
7038 5382
22048 8736
28215 4807
420 1260
1266 6752
2968 848
15549 8946
13696 3638
28810 3440
26784 9072
24738 868
30956 2180
1533 2628
9680 9020
25194 6851
21090 3330
14718 2899
8512 6944
22275 4275
11978 226
23835 5675
12312 8664
27709 8931
32430 3220
30492 4158
3016 1856
29358 8621
21294 1404
9870 4230
9912 3540
30810 3555
26894 1190
1434 8604
20880 3120
6025 3374
16214 3146
9963 1215
28548 3172
12005 3185
26814 1476
11362 8151
17608 9176
27639 5976
34500 4250
26857 9789
29736 8316
2277 3036
25400 7874
18615 3825
30720 2560
4626 2313
9546 4386
30562 6216
14560 3900
26883 1827
35370 2358
31560 7364
34584 2112
15370 8215
19950 7448
30972 1869
18492 6164
30935 10760
31320 4860
5962 10840
19312 6800
18018 273
14522 3288
26400 6050
4968 10488
22991 9418
36974 2780
13671 9486
35000 1400
16017 7868
23124 7332
24055 283
37488 1136
36765 285
8866 8580
2296 0
34848 9216
19652 1445
26390 2900
33756 4074
8468 11972
28128 293
27048 2352
27435 885
18648 12432
32373 1485
3874 4470
31694 6877
10800 9600
25284 10234
8758 2114
8181 7575
35872 5776
4270 10370
20808 12546
2763 5526
42504 616
13596 7416
18910 12090
43229 4976
37440 2184
24414 1252
26376 1256
35280 10710
27176 11060
14265 1585
23214 318
31581 10208
38080 320
29211 10914
17066 6440
22287 7429
4860 6804
36400 5200
27384 7498
10791 12753
7216 9840
1316 658
34650 3630
19860 6620
32536 6308
38628 10323
43086 13360
17755 11390
46032 11760
25949 8425
26364 9126
32544 3390
23120 12580
1023 2387
2394 0
16121 10976
34400 10664
38640 4830
41520 9688
30189 13533
29928 3132
36645 3141
37800 13650
45279 13689
47872 3520
44478 9531
6372 4248
49700 9585
34532 1424
25704 2856
4654 13962
39131 7180
43920 8640
46208 6859
21358 9412
11979 14883
39676 9464
18250 12045
38430 9882
47710 13579
27600 12880
738 5535
9620 15540
13727 14098
44268 13020
22380 373
22814 10472
20625 15750
21432 1504
43732 4147
33642 6804
36005 5306
27360 13680
31623 3048
5730 6876
41747 2298
15360 6144
6545 13090
24704 5018
8514 1548
53932 6208
2334 10892
23790 7020
19159 1564
20776 15288
16899 786
48856 3546
12640 0
36828 5148
25805 5558
54526 4776
12369 6783
38000 13200
30877 8020
21708 11658
13299 403
54136 11716
23895 16200
30856 17052
1221 7733
44064 3264
42945 14724
7380 11890
39045 1233
15244 1236
21476 2478
414 8694
27390 7885
34944 9984
27105 3336
21318 8778
9218 17179
47460 9660
29470 16419
9706 9706
53721 3807
50880 8480
12750 10625
15336 13632
35014 17507
50932 16264
34749 14586
11180 9030
431 8620
42768 3024
45898 17320
60760 9548
870 12615
18312 7412
47196 10925
53436 10950
13170 5707
7040 12760
30870 3969
8398 6630
34554 886
42180 17760
19135 4895
62440 1784
29055 1788
49728 16128
25593 14368
59400 10800
12628 4059
37968 12656
33522 10419
28148 4540
9100 1820
64296 6840
37931 3199
12824 18778
49113 11475
59800 17480
36419 2305
23562 4158
15742 17131
2784 1392
37200 4185
47532 9786
56974 8873
36036 17316
50652 0
62980 9400
24021 16485
1888 1416
59125 7095
38394 17064
63175 14725
22848 8568
13833 6678
21988 17686
34009 6227
62400 5280
0 4810
32776 12050
64722 14973
4356 5808
57230 11155
17496 10206
64284 4383
55144 20496
36186 8313
64190 2940
47136 7365
53628 12300
66555 17748
10868 6422
8415 495
11408 10416
37275 3479
45318 15936
34930 6986
70500 5500
50100 9018
24096 18574
26156 2515
66024 504
11110 10100
11638 5566
6084 12168
26924 20320
36648 2545
10200 8670
30660 13797
29696 5120
44631 13338
17990 7196
55105 14420
18576 9804
10857 3619
54908 11914
41001 17127
29120 9880
24487 12504
15138 15138
10460 12552
8908 12052
57225 10500
7890 14202
17391 10540
60720 12144
29624 11109
58830 18550
72216 6372
20216 19684
34645 8528
46458 12282
25680 13910
29480 4288
16647 11814
58104 6994
0 6468
51840 8640
74658 9738
61246 16260
60816 11946
68544 17952
23980 21800
77532 18018
41025 20239
15344 10960
73017 16470
64350 4950
37468 14877
48024 7176
50323 21567
43766 19944
5550 1665
5560 13900
39547 557
18972 0
9503 3913
37520 3920
49368 4488
42712 2810
44477 5630
76704 21996
16385 565
33960 1132
52164 3969
17608 14768
4552 18777
34200 21660
54245 11420
0 24024
1719 14325
36736 21238
2300 9775
19584 16128
17310 20195
36992 10982
13896 24318
75980 19720
55195 7553
73914 12222
72292 583
21608 4088
45630 4680
60358 7032
587 14088
17052 0
52421 22971
70210 18290
34278 18321
81104 18352
43289 24906
4158 10098
25585 4165
75692 25032
82983 17313
10166 14950
47321 5990
51000 3000
5409 21636
12040 2408
74772 13266
80332 4228
71995 20570
70296 9090
58272 2428
46208 23104
59073 23142
46360 21960
33605 3055
69156 9180
76012 25133
2456 3070
10455 14145
30800 11088
68487 12340
7416 5562
58805 6809
56420 620
54648 24219
36698 5598
79744 2492
27456 18720
46875 5000
35056 18154
8778 0
83524 14444
83028 16354
19530 20790
37860 19561
5688 3792
80391 10128
45648 22190
0 15240
50880 3816
24206 23569
67628 2552
83709 12141
51840 16000
66664 3846
1926 10914
74588 20576
57960 25760
84495 11610
41990 3876
7764 15528
18144 26568
46728 7788
18850 5200
63147 7161
11736 26080
52893 18937
87636 25506
70740 22925
55104 5904
13140 11169
13818 26320
37563 15157
33660 9240
28423 6610
29790 20522
31824 10608
2656 15272
3990 2660
17316 8658
62698 20010
48096 14028
1338 7359
51590 4020
59719 15433
8736 19488
55186 27593
52572 20894
49950 3375
91936 2704
53483 4062
84750 27798
59073 9506
38760 5440
94659 25197
21142 17732
71032 21856
67716 21888
65075 4110
34300 21266
19236 1374
86688 2064
34450 19292
57270 4140
17275 20039
51900 22836
63063 20097
45110 11104
29885 20155
73776 2784
43214 26486
73988 27222
17475 13281
74900 14700
49771 5608
13338 26676
21090 2109
30976 2112
28905 23970
26122 3530
9191 2121
2124 3540
1418 2127
66030 12070
33417 21330
26344 2848
1426 713
61404 7140
27170 14300
3580 26492
11472 12189
13642 28002
2876 16537
56160 0
102382 25235
62814 13718
44103 20244
50680 7964
97875 15950
45012 8712
20356 30534
73528 24752
55404 11664
24090 2920
16082 6579
24156 4392
11728 10995
27158 2202
66885 20580
30176 1472
47905 737
23616 30996
37689 21431
17020 740
54834 17043
43778 6678
13374 21547
80352 31248
10430 22350
12682 10444
98604 27639
38148 17204
59171 10486
750 30000
28538 16522
53392 2256
2259 9036
46748 27144
28690 30200
74088 25704
93111 5299
35626 20466
96393 27324
33440 10640
61641 23591
7620 9144
67907 31283
39728 14516
78795 7650
22214 29874
73632 5369
40704 29952
46140 22301
100870 770
7710 13878
14668 29336
22417 15460
65016 1548
23250 32550
100880 22504
0 22533
12448 30342
8569 25707
70200 11700
76538 17963
50048 7038
41499 2349
81536 25872
51810 23550
110040 5502
83422 8657
33884 11820
65487 7101
0 0
