100
478
72 43
23 79
55 70
903
1 69
40 41
25 5
707
42 4
79 54
98 55
485
33 60
17 26
76 44
388
32 10
54 18
95 3
192
52 73
43 13
54 51
765
77 56
59 76
29 20
75
28 74
35 46
72 62
806
49 5
15 40
59 81
492
53 83
57 43
56 4
882
9 54
11 81
56 87
941
86 6
78 7
53 15
266
24 75
80 65
6 73
420
63 53
37 64
9 16
912
63 20
74 91
71 73
561
29 59
63 51
56 16
259
8 29
6 55
19 32
914
24 4
58 81
47 87
786
54 2
21 85
77 16
750
50 87
47 76
29 77
739
83 93
21 53
9 92
306
29 25
30 13
92 51
878
38 37
40 78
65 92
709
41 8
95 55
31 91
935
60 67
59 52
6 44
225
13 35
61 9
20 40
998
14 91
30 74
53 52
322
19 44
52 30
83 59
300
15 51
20 90
43 73
133
47 17
52 59
67 61
759
87 0
92 0
74 0
228
29 51
95 89
20 46
631
2 6
56 92
84 16
389
26 87
3 52
13 72
515
80 32
32 66
67 66
995
40 67
19 44
34 69
832
52 15
21 59
52 53
309
35 69
55 50
2 60
896
15 33
63 14
80 93
86
46 60
26 20
62 87
900
97 55
70 56
16 48
344
67 2
69 66
18 1
404
20 61
92 83
97 33
956
78 27
85 51
69 24
706
32 12
67 56
12 28
741
26 77
77 30
96 93
793
13 93
53 70
54 31
137
52 64
89 2
51 29
785
21 53
63 85
40 52
527
52 80
56 69
0 79
134
94 71
65 81
52 7
992
5 38
2 65
65 57
422
18 84
39 64
50 37
514
89 89
71 33
1 42
442
98 22
94 61
41 94
265
91 2
38 76
42 96
202
7 52
38 29
93 25
210
43 60
51 76
9 33
138
10 75
96 47
10 10
251
51 3
3 46
24 44
50
66 39
92 80
10 73
787
2 96
58 5
81 45
575
88 76
51 29
76 0
39
84 8
11 36
82 35
473
7 77
17 53
34 72
199
44 44
42 39
44 47
764
25 90
68 5
34 14
245
9 12
20 66
3 94
911
83 28
6 43
97 91
599
30 62
7 32
71 75
173
15 21
12 46
51 38
969
83 50
63 98
63 93
99
66 86
15 12
53 51
165
51 41
4 42
74 82
713
45 56
77 59
4 58
816
54 96
47 67
64 36
486
29 28
15 91
2 93
127
55 43
82 47
88 6
212
63 86
41 96
54 7
530
56 65
60 5
70 9
367
34 46
74 16
6 63
592
8 55
97 15
63 62
458
52 66
53 68
63 14
931
18 22
85 12
15 72
162
86 82
29 52
66 21
848
73 82
36 90
7 79
763
68 40
7 16
82 19
940
46 33
53 51
61 62
65
77 33
16 83
34 62
619
1 81
62 44
35 72
944
40 53
91 34
48 7
594
31 26
58 56
9 75
417
70 36
69 48
32 46
543
66 9
88 26
70 66
438
5 39
92 49
81 43
38
30 51
75 83
38 59
700
47 33
67 45
93 19
872
25 63
73 20
47 89
762
16 56
96 13
62 21
267
42 65
17 71
53 72
