1000
385 664 72 339
795 997 166 664
651 253 401 62
692 682 395 532
542 351 72 37
213 485 27 439
784 413 670 48
69 307 68 15
24 417 5 252
395 565 191 307
231 405 180 164
786 193 530 63
317 75 313 1
93 674 62 557
864 212 724 25
307 432 84 87
338 791 82 102
315 218 54 103
584 648 550 15
436 941 103 806
89 591 21 98
790 687 713 191
756 487 96 361
678 207 205 127
228 36 42 11
797 514 679 458
469 561 462 524
319 666 38 344
303 326 17 281
867 14 10 1
442 744 383 589
99 686 93 61
711 418 264 192
499 750 406 215
308 353 11 350
530 246 2 5
505 65 320 18
710 281 430 115
798 713 74 194
848 384 681 227
381 709 14 408
843 581 736 426
36 967 24 539
989 116 881 103
229 355 180 236
434 191 245 121
277 596 215 125
860 322 489 67
237 718 194 550
145 231 33 57
778 325 437 163
615 461 356 163
906 328 564 0
371 477 193 261
326 228 320 167
492 194 124 177
646 519 497 383
956 529 317 408
544 674 53 3
357 319 242 32
624 993 371 864
748 995 56 402
313 919 51 773
663 600 244 305
322 620 296 6
524 440 100 176
284 659 232 308
64 131 40 61
454 86 55 66
470 980 133 191
883 622 130 482
662 471 51 188
901 751 21 520
815 72 210 7
928 20 284 0
92 956 16 14
938 724 823 164
181 894 4 806
350 829 259 439
338 134 28 21
208 177 177 0
323 916 41 783
723 137 448 66
942 341 137 249
129 395 54 188
922 169 632 115
398 754 138 176
294 792 38 170
627 927 461 754
642 992 398 233
300 362 24 150
211 390 160 376
734 253 250 221
381 395 372 176
852 748 364 110
581 295 128 0
623 265 195 173
963 839 699 726
946 313 260 242
786 601 594 119
530 691 22 52
960 486 36 210
755 299 393 64
135 251 30 154
569 210 462 189
502 768 188 677
251 964 242 813
365 587 223 232
688 441 96 94
977 713 665 383
438 39 320 30
462 263 2 95
52 347 40 133
796 216 71 91
41 530 34 433
502 422 59 418
161 59 100 20
341 245 133 177
506 929 369 320
287 136 152 23
179 433 91 299
951 561 548 469
294 224 245 152
831 937 171 843
543 969 503 854
263 450 21 117
25 545 6 4
192 924 116 87
679 744 118 730
526 2 306 0
207 887 158 441
102 816 72 162
918 317 684 112
948 181 11 120
53 327 31 34
859 433 33 322
216 214 104 126
414 645 302 64
191 530 41 241
622 330 299 268
340 964 50 20
858 954 270 286
851 476 68 207
219 450 212 183
875 671 123 575
291 931 286 471
759 112 138 81
102 19 38 15
27 678 21 359
159 262 120 20
272 880 217 799
571 223 15 1
175 940 106 342
684 233 368 119
59 897 40 698
576 404 475 379
233 577 35 493
56 629 2 461
83 709 17 119
233 594 141 130
340 184 118 37
972 9 916 3
979 640 604 384
178 903 125 508
859 70 799 1
129 103 62 54
820 38 63 35
246 516 137 146
293 519 268 423
591 73 153 26
807 187 644 106
719 299 180 113
128 202 46 9
545 267 339 213
181 242 147 207
90 624 20 188
296 434 202 219
139 774 72 551
575 119 275 10
712 900 137 36
965 992 255 562
132 609 35 48
635 858 234 105
606 643 473 503
870 962 15 416
197 440 167 240
969 821 907 722
598 414 55 156
38 374 34 276
213 231 212 193
381 54 14 50
174 986 120 664
285 815 43 260
65 764 40 134
575 458 459 376
49 590 48 115
234 559 52 59
900 498 740 244
161 140 104 23
43 970 33 784
274 264 244 87
823 908 72 691
173 683 74 119
703 532 454 397
909 501 228 305
799 165 235 48
336 253 111 100
900 860 852 771
191 467 43 352
18 664 13 235
2 166 1 25
83 535 44 264
428 88 87 47
789 35 317 12
283 300 31 79
592 691 214 73
815 330 804 41
83 399 74 197
984 575 399 190
298 426 240 352
894 888 243 376
136 966 34 541
59 71 20 16
964 718 775 126
156 626 97 459
934 332 145 302
565 949 317 127
687 790 629 160
992 390 578 106
118 301 32 71
530 730 295 290
138 522 128 155
339 673 126 172
312 244 304 173
817 658 450 79
10 698 3 558
659 717 576 96
271 178 233 167
912 597 543 152
890 460 383 377
892 714 787 40
933 245 882 19
659 301 30 50
643 64 101 34
186 126 90 83
268 517 178 21
310 749 58 679
557 742 332 33
2 263 1 114
414 289 114 224
695 889 359 740
423 719 143 431
356 407 14 276
543 634 483 290
664 965 519 242
156 95 111 71
853 612 279 523
493 185 416 27
861 79 456 35
989 80 62 21
972 927 421 571
71 751 16 437
353 200 224 106
640 672 244 417
34 926 30 413
681 835 35 283
971 361 698 52
846 891 365 583
467 309 357 206
185 267 134 46
154 346 153 242
291 269 103 256
266 693 58 153
879 770 404 688
951 905 221 308
470 674 460 123
825 598 171 144
679 805 200 326
763 938 293 252
102 269 63 100
44 848 11 79
291 247 111 6
553 693 47 38
135 860 84 476
983 762 806 491
969 133 788 15
904 947 715 525
176 248 118 72
185 560 32 272
575 647 387 30
935 543 266 192
143 392 134 122
982 216 67 108
307 758 74 649
900 652 62 512
721 828 581 30
12 250 2 83
791 370 501 33
940 262 713 201
712 329 465 203
615 127 498 6
423 12 357 11
182 894 161 673
26 372 22 306
571 186 8 28
375 942 308 869
589 744 115 305
501 290 347 224
744 517 646 23
351 424 171 377
13 725 2 687
724 234 109 161
521 223 195 183
126 37 21 31
420 836 192 449
707 214 427 197
736 583 43 248
89 339 10 53
489 844 424 430
91 3 59 2
706 442 293 55
405 241 72 99
524 28 87 15
363 906 74 117
702 914 542 293
901 879 358 548
355 110 3 24
38 246 11 152
419 95 307 35
482 966 70 270
125 863 58 171
319 407 95 70
711 914 545 716
71 498 8 182
173 539 70 231
803 941 602 185
342 544 89 396
93 108 69 106
880 162 170 46
126 423 97 141
501 238 275 110
117 962 1 879
439 12 267 2
941 442 264 373
130 722 114 59
348 467 46 444
497 500 230 472
228 584 198 229
358 875 83 722
448 86 303 25
605 568 540 478
218 710 194 284
598 285 597 34
15 537 4 476
652 927 180 860
281 269 120 78
297 658 242 655
939 116 579 56
586 992 399 208
494 380 338 260
941 228 626 8
875 782 789 747
253 977 205 9
341 466 253 354
304 209 87 66
549 895 197 16
563 768 212 685
530 156 474 119
545 883 463 218
189 627 81 298
990 633 820 245
100 915 18 877
465 96 350 50
507 403 259 272
100 639 72 463
855 957 42 610
549 962 198 634
914 198 3 98
555 522 377 479
37 611 17 70
51 283 5 31
336 945 285 659
430 90 383 83
117 193 9 84
187 648 137 305
410 317 29 167
881 591 733 260
587 798 345 482
932 46 224 32
631 505 235 394
368 406 323 83
430 837 377 546
28 682 14 602
631 483 198 190
399 374 50 104
546 433 176 340
520 394 274 385
136 689 76 473
64 322 62 284
434 705 73 0
836 430 716 335
986 902 696 694
467 382 389 333
345 333 87 66
604 206 344 140
881 565 870 258
926 858 479 424
164 614 50 262
165 306 111 170
517 446 361 324
292 249 21 241
341 556 276 177
215 456 192 172
477 656 165 255
953 811 633 436
170 847 23 183
501 250 199 14
466 7 324 6
74 418 46 141
625 580 182 116
795 839 546 756
116 955 23 673
598 683 161 662
569 720 117 547
676 444 73 386
459 810 231 39
525 116 167 47
631 887 412 229
142 527 21 90
341 516 3 148
655 799 522 696
959 22 687 15
542 939 432 920
207 104 54 48
171 647 26 565
522 160 373 60
885 914 862 581
384 196 247 147
555 902 463 418
770 535 498 185
970 201 249 57
505 973 139 453
59 423 52 183
398 844 242 528
14 943 5 189
856 899 246 42
283 940 198 681
640 696 133 486
901 466 544 283
663 574 41 469
925 923 525 668
2 956 0 72
506 767 449 658
527 297 136 59
638 586 222 186
616 790 217 95
750 318 370 85
865 585 802 76
6 733 4 545
129 515 72 366
571 282 535 134
376 285 301 50
903 528 438 43
492 235 0 93
701 351 38 100
459 226 401 145
19 280 0 57
571 288 153 67
20 68 5 60
282 78 38 13
709 533 564 39
23 67 16 4
192 968 146 287
327 575 8 269
144 562 111 239
522 958 368 708
144 388 50 94
36 290 28 94
782 615 128 532
547 255 495 37
927 154 91 10
494 292 0 58
532 11 61 3
514 313 111 127
450 169 178 97
559 609 444 230
799 118 10 20
7 543 4 27
525 218 436 15
419 785 371 129
726 593 94 523
712 669 426 461
166 329 137 290
113 457 48 411
792 771 411 753
918 835 355 454
960 602 366 513
903 359 718 228
267 34 238 24
671 467 422 42
538 965 112 829
699 578 484 255
572 8 510 6
10 96 7 70
138 868 83 125
948 985 675 767
98 539 86 77
97 231 3 171
804 263 446 92
527 472 199 431
163 450 20 419
797 569 587 416
353 996 326 461
902 637 755 37
976 49 706 32
430 151 132 107
627 839 246 616
279 319 49 162
153 342 55 78
801 809 119 800
630 362 329 104
591 183 310 68
768 961 152 733
761 380 468 4
73 126 67 78
686 270 644 85
777 353 295 294
252 280 224 38
266 929 32 315
946 715 445 271
979 370 831 156
144 322 8 83
597 141 389 21
251 460 41 376
560 829 142 588
965 742 263 433
16 308 9 226
432 407 197 14
661 462 603 367
315 567 28 281
31 478 1 191
445 863 187 854
315 11 223 9
98 996 6 870
701 987 259 451
197 816 176 206
371 278 287 272
706 81 169 4
416 51 172 30
253 854 73 836
740 582 73 156
628 565 325 475
396 731 206 618
458 996 363 634
786 981 140 625
884 378 413 294
697 668 590 618
368 411 15 331
792 399 314 113
163 525 144 205
603 141 344 111
653 901 475 383
449 559 202 169
958 810 877 401
844 885 293 90
903 856 841 475
574 589 163 26
544 73 72 65
861 956 655 894
430 846 307 103
296 338 124 334
127 454 78 199
73 617 50 248
721 931 393 123
205 824 169 522
788 724 630 441
860 659 828 632
700 984 113 880
732 729 31 274
660 5 258 4
109 206 51 11
9 840 2 530
304 813 276 435
628 496 134 309
108 174 43 108
753 81 354 13
412 148 116 137
2 94 0 8
383 870 262 858
330 454 31 191
720 586 703 301
516 212 502 124
809 978 74 649
296 230 208 47
80 582 6 34
762 575 458 116
186 932 8 501
641 705 255 478
446 73 163 58
487 399 124 235
248 427 227 243
44 125 26 120
791 928 363 493
58 470 12 1
916 965 230 534
111 242 42 174
283 100 195 18
262 583 163 452
265 369 39 324
972 940 61 771
131 148 127 42
419 854 103 307
981 313 290 5
249 168 18 64
526 986 199 402
713 342 464 200
786 276 666 75
98 269 70 93
443 621 236 30
288 665 110 397
837 497 730 277
339 280 226 213
619 473 510 272
782 100 566 64
37 705 10 581
754 769 673 589
827 178 812 93
73 832 70 10
487 987 481 241
546 796 434 685
972 386 829 264
381 830 18 86
840 255 130 17
286 610 0 371
137 680 76 326
600 199 513 18
849 567 238 418
112 805 73 77
442 401 164 70
301 802 26 63
948 468 180 18
852 813 475 654
870 533 572 144
678 429 655 378
465 287 169 127
271 964 183 473
682 466 302 355
502 537 10 4
415 555 114 79
230 505 190 333
746 925 182 122
806 318 231 313
441 666 140 137
850 180 70 48
852 699 99 533
231 432 70 410
990 96 726 80
956 752 697 514
305 407 205 14
213 704 183 547
442 573 24 224
528 922 176 124
543 66 105 30
61 4 24 3
406 901 179 780
534 382 196 341
678 75 364 14
53 791 27 716
646 786 608 218
495 625 413 136
330 281 179 236
204 48 58 6
651 839 618 225
148 467 8 206
660 187 374 37
741 129 215 24
317 380 273 200
637 584 608 436
485 467 263 49
35 601 13 170
302 659 296 318
151 888 70 663
305 801 251 574
45 219 7 168
464 619 422 616
895 468 471 464
826 664 776 378
961 73 753 40
188 303 73 19
48 205 47 162
419 276 211 129
494 197 109 135
262 294 127 152
165 478 4 69
936 907 301 80
820 257 464 188
906 644 732 342
946 857 138 466
258 817 132 621
329 178 82 131
798 182 13 125
628 540 262 252
34 429 17 107
348 486 88 226
929 751 629 656
442 775 434 498
12 513 0 208
515 855 142 176
365 45 39 22
756 395 22 364
880 311 422 60
779 204 600 160
156 513 111 69
292 348 102 312
625 720 240 448
698 122 211 48
695 179 384 107
153 412 66 306
126 410 87 12
185 704 16 385
169 397 43 302
48 762 37 171
127 74 103 17
72 503 49 193
485 585 154 291
54 63 14 27
434 164 34 119
468 11 292 2
573 827 263 701
277 460 218 200
709 110 520 97
159 845 25 657
852 651 574 303
962 805 251 704
28 430 11 302
900 966 677 487
662 277 438 122
881 515 763 221
281 69 33 19
126 259 122 191
68 839 57 356
460 400 31 84
875 685 704 659
205 572 135 371
784 159 87 30
870 47 647 8
157 463 73 215
573 545 197 33
478 343 99 257
201 232 11 56
329 290 111 172
612 721 562 455
584 884 325 642
849 199 80 112
616 148 498 142
662 926 498 744
485 438 247 296
39 506 30 223
998 624 309 574
151 928 74 819
4 274 2 242
57 671 31 202
837 625 84 620
490 137 443 106
338 452 236 62
304 334 219 278
122 184 12 150
390 670 197 270
363 629 347 137
542 220 187 115
343 390 38 99
846 416 574 221
318 968 243 522
329 94 281 74
42 600 6 180
540 134 191 85
481 308 257 55
563 501 402 291
919 13 297 0
530 188 315 16
452 781 330 143
258 311 129 147
720 481 469 383
889 462 751 398
717 908 23 144
392 824 162 780
807 921 724 510
259 435 7 232
625 293 336 119
891 362 511 211
175 107 165 33
910 973 710 56
306 40 170 6
57 506 54 10
510 70 357 25
199 137 135 68
531 727 314 113
133 95 39 61
593 563 367 429
372 268 204 250
125 380 72 310
977 779 533 557
261 166 181 79
475 134 156 128
737 926 441 130
22 351 12 105
447 312 125 55
849 17 736 6
782 492 716 303
398 133 387 36
291 645 141 402
269 308 94 298
889 136 867 107
743 510 225 58
744 229 713 125
684 196 599 170
869 986 164 420
767 439 175 246
60 595 40 145
593 389 61 312
230 974 210 903
699 473 249 401
354 582 104 6
168 916 128 185
816 995 425 9
340 826 237 646
420 777 173 712
847 48 456 33
709 458 325 353
951 995 732 198
875 3 289 1
278 496 111 451
66 567 14 53
110 605 41 121
571 991 358 812
683 487 156 58
71 544 64 218
898 423 393 179
977 697 337 267
7 334 5 269
71 333 18 298
431 940 44 659
259 418 105 372
83 431 78 186
251 204 208 102
874 561 240 2
663 864 116 442
18 168 2 101
570 631 166 601
298 673 100 230
671 951 188 715
779 391 729 72
55 54 52 41
431 265 23 23
520 995 461 526
428 64 379 58
872 429 192 238
664 186 512 120
865 848 10 360
849 952 437 468
224 231 153 190
985 93 162 35
880 859 627 571
164 143 27 53
353 61 277 17
745 416 80 342
300 973 150 677
231 825 228 554
514 593 54 201
880 89 349 60
165 890 59 877
153 137 28 12
116 855 4 775
292 625 112 191
109 774 64 507
442 13 267 10
119 333 60 116
910 143 775 6
943 442 835 358
341 491 48 313
128 431 8 268
791 807 744 667
657 547 431 332
44 241 3 30
790 84 411 40
813 593 155 50
593 645 313 610
89 479 51 135
664 88 510 83
291 889 73 406
899 123 642 22
831 535 668 172
160 971 25 565
388 336 330 217
63 630 54 10
768 924 258 308
751 462 546 134
799 646 434 270
388 85 38 41
984 144 385 100
216 479 158 8
342 824 328 713
866 659 644 319
188 556 38 67
74 44 21 5
391 494 321 402
444 984 360 896
511 857 504 390
382 157 53 57
326 808 98 508
501 901 139 787
754 58 267 32
984 38 558 1
665 327 327 121
34 320 12 301
23 382 6 175
940 370 826 93
307 653 6 190
734 713 313 270
260 230 212 102
525 935 139 383
134 393 120 310
309 571 74 406
439 178 173 83
25 393 15 367
913 726 501 543
474 953 219 95
907 702 755 566
960 788 39 703
456 512 80 449
603 248 404 214
399 233 136 224
488 17 237 14
904 236 153 226
325 207 106 111
127 359 73 46
124 709 110 134
348 243 242 106
915 488 477 414
9 626 8 27
509 473 328 333
828 613 479 492
920 405 697 260
725 295 230 292
419 44 135 16
957 942 387 904
951 910 177 246
858 906 519 393
152 556 52 468
740 15 666 8
204 19 91 9
595 313 545 262
1000 96 127 2
420 957 54 58
649 156 644 51
969 157 795 113
228 187 110 26
307 838 213 276
781 346 203 243
666 223 212 179
568 198 113 186
111 838 98 701
203 485 49 185
858 489 836 166
527 350 54 233
714 583 157 562
451 906 3 812
499 869 214 142
873 459 140 365
3 235 1 47
133 870 49 267
535 607 360 411
207 430 56 207
193 15 146 2
875 290 333 50
635 768 100 633
799 909 74 694
290 892 133 171
336 363 239 265
847 422 96 314
3 112 2 8
272 583 73 464
411 692 80 690
641 638 329 224
542 186 381 107
427 509 115 127
723 543 541 357
246 600 73 46
246 319 148 20
723 688 235 226
677 741 36 188
233 106 132 25
627 785 420 493
337 499 11 288
674 91 273 59
516 974 507 922
588 829 292 804
283 164 149 72
863 534 84 158
851 875 56 225
