

0.000000 0.000000
0.000000 0.000000
0.000000 0.000000
0.000000 0.000000
8.43	522384
8.57	522640
0 0
0 0
0.000000 0.000000
0.000000 0.000000
0.000000 0.000000
44.401001 14456.000000
0.000000 0.000000
0.000000 0.000000
0.19	16520
1.13	19680
0.34	6360 
0.33	6364 
0.540000 2148.000000
0.360000 1588.000000
0.001000 0.150000
0.000000 0.000000
0.000000 0.000000
0.000000 0.000000
0.14	11792
0.11	11788
0.22	4492 
0.06	4496 
0.462000 2164.000000
24420.009766 2148.000000
0.000000 0.000000
0.000000 0.000000
0.001000 0.050000
0.000000 0.000000
0 0
0 0
0 0
0 0
0.420000 1560.000000
0.420000 1584.000000
0.000000 0.000000
0.003000 6560.000000
0.000000 0.000000
0.004000 53456.000000
0 0
0 0
0 0
0 0


44.401001 0.200000
44.401001 14564.000000
0.000000 0.000000
0.000100 17956.000000
0.14	11760
0.16	14264
0.05	4536 
0.03	4536 
0.420000 1560.000000
0.420000 2244.000000
0.002000 6552.000000
0.000000 0.000000
0.002000 53460.000000
0.000000 0.000000
0.23	27808
0.18	26548
0.28	4524 
0.16	4732 
0.002000 480.000000
0.000100 468.000000
0.002000 952.000000
0.022000 940.000000
0.000000 0.000000
0.000000 0.000000
0.14	14344
0.15	14432
0.06	4536 
0.06	4520 
0.003000 416.000000
0.001000 408.000000
0.002000 780.000000
0.002000 780.000000
0.000000 0.000000
0.000000 0.000000
0.15	15492
0.15	15768
0 0
0 0
0.021000 7340.000000
0.017000 7332.000000
0.027000 8824.000000
0.028000 8824.000000
0.000000 0.000000
0.000000 0.000000
0.15	21636
0.14	21636
0 0
0 0
0.015000 924.000000
0.013000 700.000000
0.050000 1016.000000
0.032000 836.000000
0.054000 3424.000000
0.050000 3404.000000
0.32	16556
1.16	19564
0.36	6360 
0.36	6356 
0.001000 472.000000
0.001000 456.000000
0.003000 768.000000
0.002000 936.000000
0.002000 1304.000000
0.002000 1296.000000
0.11	11788
0.11	11792
0.03	4512 
0.04	4496 
0.001000 516.000000
0.000100 520.000000
0.003000 960.000000
0.001000 960.000000
0.000000 0.000000
0.000000 0.000000
0 0
0 0
0 0
0 0
1.113000 448.000000
0.008000 468.000000
0.008000 1048.000000
0.007000 1032.000000
0.005000 1840.000000
0.007000 1840.000000
0.10	11936
0.14	13868
0.06	4784 
0.06	4628 
0.009000 456.000000
0.004000 444.000000
0.001000 968.000000
0.001000 964.000000
0.008000 1812.000000
0.003000 1816.000000
0.14	12096
0.16	13796
0.22	4548 
0.05	4552 
0.021000 444.000000
0.025000 404.000000
0.003000 960.000000
0.004000 956.000000
0.000000 0.000000
0.000000 0.000000
0.27	28528
0.21	27984
0 0
0 0
0.151000 444.000000
0.153000 444.000000
0.194000 816.000000
0.197000 820.000000
0.000000 0.000000
0.000000 0.000000
0 0
0 0
0 0
0 0
0.001000 440.000000
0.001000 436.000000
0.001000 968.000000
0.003000 980.000000
0.009000 1804.000000
0.010000 1804.000000
0.11	11840
0.11	11968
0.49	4560 
0.05	4520 
0.035000 520.000000
0.026000 516.000000
0.034000 1056.000000
0.034000 884.000000
0.000000 0.000000
0.000000 0.000000
0.24	17240
0.22	16964
3.17	4660 
4.13	4660 
0.045000 1060.000000
0.029000 1308.000000
0.070000 1748.000000
0.069000 1748.000000
0.211000 17388.000000
0.206000 17572.000000
0.21	18236
0.28	56944
0.76	11440 
0.44	12016 
3.554000 456.000000
0.733000 460.000000
6.491000 836.000000
6.478000 844.000000
0.000000 0.000000
0.000000 0.000000
0.78	26248
3.39	17004
0 0
0 0
0.345000 408.000000
2.528000 400.000000
4.439000 936.000000
4.519000 932.000000
0.344000 3148.000000
0.343000 3196.000000
9.28	28384
12.33	212208
2.34	4504 
4.14	4532 
0.001000 500.000000
0.001000 500.000000
0.003000 864.000000
0.004000 860.000000
0.000000 0.000000
0.000000 0.000000
0.51	14340
0.49	14340
0 0
0 0
0.004000 448.000000
0.002000 448.000000
0.004000 448.000000
0.003000 864.000000
0.000000 0.000000
0.000000 0.000000
0.13	14140
0.24	16628
0.04	4516 
0.05	4500 
0.010000 444.000000
0.008000 476.000000
0.011000 816.000000
0.009000 816.000000
0.000000 0.000000
0.000000 0.000000
0.20	16560
0.21	17188
0 0
0 0
0.001000 436.000000
0.000100 444.000000
0.005000 832.000000
0.003000 928.000000
0.003000 1796.000000
0.005000 1800.000000
0.13	13972
0.13	12068
0.05	4532 
0.05	4532 
0.001000 444.000000
0.000100 440.000000
0.017000 936.000000
0.021000 944.000000
0.000000 0.000000
0.000000 0.000000
0.11	11796
0.10	11780
61.66	4540 
65.94	4536 
0.423000 520.000000
0.007000 508.000000
0.012000 1868.000000
0.012000 1184.000000
0.000000 0.000000
0.000000 0.000000
0.20	17144
0.15	14040
0.20	4984 
0.17	5004 
0.001000 468.000000
0.000100 468.000000
0.001000 468.000000
0.001000 964.000000
0.000000 0.000000
0.000000 0.000000
0.11	11808
0.10	11760
0.16	8764 
0.16	8768 
0.046000 440.000000
0.033000 432.000000
0.069000 4992.000000
0.005000 932.000000
0.007000 1832.000000
0.007000 1832.000000
0.24	13380
0.19	13272
0 0
0 0
0.002000 440.000000
0.001000 440.000000
0.001000 976.000000
0.003000 976.000000
0.000000 0.000000
0.000000 0.000000
0 0
0 0
0.05	4600 
0.05	4596 
0.008000 440.000000
0.003000 400.000000
0.005000 804.000000
0.005000 788.000000
0.129000 2584.000000
0.128000 2828.000000
0.11	13504
0.25	19608
0.11	4536 
0.09	4544 
0.207000 552.000000
0.046000 5356.000000
0.199000 924.000000
0.054000 5876.000000
2.423000 20448.000000
2.649000 20672.000000
0.85	30220
0.99	30592
12.86	8212 
5.24	6604 
0.000100 440.000000
0.000100 436.000000
0.000100 928.000000
0.002000 940.000000
0.002000 1276.000000
0.004000 1296.000000
0.10	11756
0.16	14272
0.04	4536 
0.04	4540 
0.000000 0.000000
0.000000 0.000000
0.006000 904.000000
0.003000 904.000000
0.000000 0.000000
0.000000 0.000000
0 0
0 0
0 0
0 0
0.003000 412.000000
0.003000 408.000000
0.002000 412.000000
0.003000 412.000000
0.000000 0.000000
0.000000 0.000000
0.11	13420
0.12	12768
0.05	4516 
0.04	4540 
0.001000 456.000000
0.001000 412.000000
0.002000 820.000000
0.001000 920.000000
0.003000 1288.000000
0.003000 1284.000000
0.11	11764
0.14	12600
0.05	4508 
0.04	4512 
0.001000 404.000000
0.000100 412.000000
0.001000 404.000000
0.000100 404.000000
0.004000 1288.000000
0.002000 1296.000000
0.10	11824
0.15	11792
0.11	4568 
0.06	4600 
0.021000 444.000000
0.019000 448.000000
0.029000 956.000000
0.024000 952.000000
7.326000 3464.000000
7.380000 3460.000000
0.15	13456
0.14	13632
33.57	4652 
38.85	4620 
0.002000 452.000000
0.002000 440.000000
0.007000 940.000000
0.019000 940.000000
0.000000 0.000000
0.000000 0.000000
0.12	11904
0.11	11896
0.06	4492 
0.05	4500 
0.003000 2040.000000
0.000100 436.000000
0.000100 440.000000
0.001000 808.000000
0.000000 0.000000
0.000000 0.000000
0.22	11800
0.11	11812
0 0
0 0
0.002000 440.000000
0.001000 440.000000
0.002000 804.000000
0.001000 1016.000000
0.000000 0.000000
0.000000 0.000000
0.11	11896
0.11	11824
0 0
0 0
0.303000 428.000000
0.004000 404.000000
0.348000 788.000000
0.007000 916.000000
0.020000 1820.000000
0.015000 1824.000000
0.17	27824
0.20	26588
0.29	4552 
0.17	4732 
0.001000 440.000000
0.000100 452.000000
0.002000 928.000000
0.002000 932.000000
0.000000 0.000000
0.000000 0.000000
0.10	11768
0.11	23576
0.03	4496 
0.03	4496 
0.000100 440.000000
0.001000 488.000000
0.049000 936.000000
0.001000 820.000000
0.000000 0.000000
0.000000 0.000000
0 0
0 0
0 0
0 0
0.001000 448.000000
0.001000 444.000000
0.004000 804.000000
0.005000 804.000000
0.004000 1272.000000
0.001000 1280.000000
0.10	11800
0.10	11804
0.04	4496 
0.03	4492 
0.000100 428.000000
0.001000 456.000000
0.004000 824.000000
0.003000 824.000000
0.019000 2544.000000
0.016000 2548.000000
0.12	12784
0.12	13268
0.03	4584 
0.03	4604 
0.000100 448.000000
0.000100 436.000000
0.003000 804.000000
0.002000 952.000000
0.003000 1548.000000
0.002000 1540.000000
0.12	11788
0.15	13432
0.03	4508 
0.04	4504 
0.001000 436.000000
0.001000 440.000000
0.002000 952.000000
0.001000 808.000000
0.002000 1168.000000
0.003000 1172.000000
0.09	11752
0.10	11784
0.03	4492 
0.03	4500 
0.000100 428.000000
0.001000 528.000000
0.004000 992.000000
0.005000 944.000000
0.000000 0.000000
0.000000 0.000000
0.11	11768
0.11	11788
0.03	4496 
0.03	4500 
0.014000 440.000000
0.008000 440.000000
0.017000 812.000000
0.073000 956.000000
0.133000 1796.000000
0.138000 1796.000000
0.54	21840
0.54	28204
0.58	4644 
0.21	4516 
0.001000 400.000000
0.001000 408.000000
0.002000 764.000000
0.004000 992.000000
0.000000 0.000000
0.000000 0.000000
0.09	11772
0.11	11776
0 0
0 0
0.006000 492.000000
0.007000 740.000000
0.015000 972.000000
0.002000 992.000000
0.000000 0.000000
0.000000 0.000000
0.16	16316
0.29	29268
0.73	4792 
0.40	5040 
0.002000 440.000000
0.005000 440.000000
0.009000 944.000000
0.009000 944.000000
0.016000 1796.000000
0.019000 1800.000000
0.14	13428
0.15	13760
0.34	4548 
0.34	4544 
0.000100 440.000000
0.001000 440.000000
0.002000 804.000000
0.002000 944.000000
0.002000 1280.000000
0.002000 1276.000000
0 0
0 0
0.03	4492 
0.03	4496 
0.000100 432.000000
0.000100 440.000000
0.002000 808.000000
0.002000 988.000000
0.005000 1524.000000
0.003000 1520.000000
0.12	11808
0.11	11816
0.03	4496 
0.03	4520 
0.018000 444.000000
0.008000 372.000000
0.146000 1244.000000
0.008000 880.000000
0.051000 1556.000000
0.065000 1552.000000
0.18	26248
0.19	26260
0.11	4496 
0.09	7100 
0.012000 412.000000
0.009000 388.000000
0.015000 776.000000
0.005000 760.000000
0.000000 0.000000
0.000000 0.000000
0.13	13988
0.15	14696
0.11	4520 
0.11	4516 
0.004000 492.000000
0.001000 452.000000
0.008000 932.000000
0.003000 792.000000
0.000000 0.000000
0.000000 0.000000
0.13	12684
0.14	18944
0.14	4524 
0.04	4524 
0.001000 440.000000
0.000100 448.000000
0.004000 1000.000000
0.001000 808.000000
0.004000 1264.000000
0.002000 1260.000000
0.11	11748
0.25	18788
0.03	4496 
0.03	4500 
0.001000 444.000000
0.001000 408.000000
0.002000 800.000000
0.008000 996.000000
0.006000 1792.000000
0.006000 1792.000000
0.14	12004
0.21	15280
0.03	4496 
0.03	4512 
0.000100 448.000000
0.001000 432.000000
0.004000 988.000000
0.003000 804.000000
0.005000 1548.000000
0.005000 1552.000000
0.12	11924
0.11	11888
0.05	4524 
0.03	4504 
0.001000 416.000000
0.000100 412.000000
0.010000 896.000000
0.002000 792.000000
0.002000 1544.000000
0.003000 1536.000000
0.12	13696
0.10	13704
0.03	4520 
0.03	4520 
0.001000 360.000000
0.000100 432.000000
0.001000 876.000000
0.001000 732.000000
0.000000 0.000000
0.000000 0.000000
0.10	11768
0.09	11780
0.03	4500 
0.03	4500 
0.001000 444.000000
0.001000 444.000000
0.003000 960.000000
0.002000 956.000000
0.009000 1808.000000
0.011000 1812.000000
0.11	11816
0.11	11844
0.03	4508 
0.03	4496 
0.000100 456.000000
0.001000 400.000000
0.003000 904.000000
0.004000 904.000000
0.007000 1808.000000
0.006000 1808.000000
0.11	11972
0.10	11792
0.03	4496 
0.03	4496 
0.001000 452.000000
0.002000 452.000000
0.004000 820.000000
0.004000 948.000000
0.000000 0.000000
0.000000 0.000000
0 0
0 0
0 0
0 0
0.008000 440.000000
0.003000 484.000000
0.006000 804.000000
0.008000 804.000000
0.016000 1520.000000
0.014000 1528.000000
0.18	16228
0.34	17912
0.17	4492 
0.05	4500 
0.001000 444.000000
0.000100 404.000000
0.004000 784.000000
0.042000 796.000000
0.000000 0.000000
0.000000 0.000000
0.12	11860
0.13	11816
0.03	4500 
0.03	4500 
