846930882
681692774
714636916
957747770
424238311
719885362
649760489
596516641
189641410
25202359
350490028
783368670
102520040
44897741
967513911
365180529
540383403
304089156
303455733
35005187
521595368
294702555
726956426
336465766
861021518
278722850
233665103
145174057
468703123
101513930
801979787
315634011
635723046
369133058
125898164
59961370
89018454
628174995
656478039
131176206
653377354
859484409
914544904
608413764
756898513
734575191
973594321
149798299
38664360
129566402
184803514
412776091
424268957
911759933
749241857
137806858
42999166
982906988
135497257
511702289
84420903
937477065
827336328
572660312
159126506
805750834
632621710
100661302
433925842
141616125
84353871
939819566
1100547
998898803
548233364
610515430
585990349
374344040
760313750
477171072
356426784
945117264
889947163
780695769
709393580
491705403
918502648
752392746
474612376
53999918
264095041
411549677
843993353
943947739
984209989
855636222
749698579
469348075
956297524
36140776
463480570
40651436
975960363
317097459
892066602
376710082
927612882
330573306
603570492
687926645
660260748
959997297
485560264
402724266
593209421
194953850
894429669
364228424
947346596
221558428
270744705
63958020
633108098
114738099
7905765
469834470
822890663
610120686
791698915
631704563
498777832
255179498
524872341
327254578
572276950
269455298
703964660
352406215
600028625
160051528
40332873
112805728
120048810
378409479
515530015
713258259
573363357
409959697
77486717
373226329
631518146
200747792
289700719
117142599
168002233
150122826
439493439
990892917
760243540
231192360
622597465
111537748
338888228
147469819
438792326
911165178
269441480
142757020
116087748
869470105
155324890
8936963
982275833
275373728
387346491
350322203
841148357
960709848
760281921
771151416
186452532
244316422
971899208
476153272
213975391
139901475
626276098
653468858
130794377
239036014
884661218
605908212
350573790
76065794
605894429
789366144
987231000
875335909
784639506
103318754
597322397
939964424
112255745
432114606
67854535
352118606
782436837
909002885
165344802
395235113
532670684
351797362
492067905
504569898
680466976
706043324
496987743
159259450
359512160
480298490
398295492
96689761
86206715
601385624
172755583
544617486
243268123
12502931
272469771
27907663
968338070
722308538
820388457
933110185
6939499
740759355
285228797
789376329
502278595
450573599
37127825
34949292
654887331
529195723
392035560
335354341
87755402
889023303
494613791
447267590
369321778
745425653
396473714
308044863
346811290
569229297
705178712
590079441
434248626
977648511
470503446
402586709
552473404
143408279
188213242
559412924
884167634
473442039
201305608
238962584
776532036
238433433
273911876
431419380
620145526
665947457
619290063
707900949
407487115
113903867
7684922
776808914
711845890
404158636
937370147
58657193
973387982
642548900
501252997
260152935
472713766
824272813
662739665
25187176
967681092
850952907
437116442
704365081
176911329
638422078
943327665
953443365
876855539
69755917
237379100
349517441
588219744
856669156
57418403
995706887
823089393
65103325
625032156
387451659
469262010
562402337
298625194
295166319
57467564
799878191
555319282
382697693
476667352
70575302
260401239
296864799
774044579
697517709
1229886
950955936
335939800
797073921
756915656
65311694
719346208
846811119
414829135
307565965
555996658
324763908
155789200
231602406
389867254
780821384
619054065
711645606
195740076
917679280
6811966
253207661
570073826
414647618
635905382
46741219
337739283
896306621
343606039
111783875
446340713
197352295
915256174
782280513
846942586
524688185
700108577
566288800
371499317
114937718
726371135
927495975
292217996
882160363
11614757
682085250
662981753
630668850
246247239
858721857
548348143
105575575
964445860
118421975
520223186
452867597
17679564
857962497
201690601
213801945
822262742
648031314
411154240
737518929
282828182
110613202
114723490
982936780
676902002
486222835
950390868
255789520
266235186
242608849
137949889
277849943
777210490
653448012
908518793
23457742
364686224
309383284
129033310
329132118
280321629
501772866
781999743
150517563
212251746
983690365
364319529
34514501
484238034
775473769
624549793
767066237
886086971
739273283
750003030
415505356
78012473
552910253
671294869
344247687
795519102
661761128
474613972
425245975
315209181
235649141
448703710
679895433
545032453
430253390
861543921
677870452
932026284
496060012
828388015
144278043
332266732
192707557
31308886
816504794
820697689
655858679
583571044
559301015
395132003
186090429
974806392
473144497
739000682
498617644
669908526
387036160
12895127
144522532
812282135
328104336
380171673
113502200
860516111
777720496
543755618
722060038
455590961
328298285
70636405
136495331
472576328
402903165
329202881
503885235
219407972
2416925
12260269
655495351
561717968
407392293
841585780
389040743
733053132
433102810
887658387
402961671
672655340
900553542
400000545
337453802
81174233
780172246
450956023
941690337
410409097
847228011
516266758
866000058
175526302
586903191
2495423
500618972
989806356
184214674
4504220
61730683
186631627
16764510
717226034
748349595
276673145
411328190
137390344
9726290
696947370
877565101
265204331
369602723
630634991
665204897
707056553
564325566
297893526
10528931
358532286
708302644
857756963
874799044
426819057
885799607
314218590
281830850
386418620
156541301
318561866
243439203
70788347
505193493
112720083
788014409
106059464
241909598
51858954
95966178
104152258
748806352
826047621
369356617
970925417
309198967
887077884
530498318
873524554
37487758
541027277
232056853
745790402
251300595
959372260
25125842
137100215
126107205
159473055
376035198
282648499
478034921
471990771
353436874
983228435
584710854
993967625
941804269
826620480
45826585
37770460
930772738
647149307
716334451
152645710
470591100
25533452
39723600
1089431
899058006
77211386
394633050
983631229
675518158
645933666
943003474
553160342
635550251
69110685
712633397
864101819
204275554
190668352
336092603
410228770
26413170
773319827
404196408
968217439
452456662
302539391
858504269
235745783
802205033
427355103
388391514
272796146
452888555
280631484
126401947
204462944
210359212
521034997
40610521
738393740
19485046
983614023
291554095
655035318
905241078
4187498
371653492
962033002
47372220
707746116
372261785
73785390
333582326
628974556
894519199
786039009
931513947
605539851
21784805
586235363
32894967
262692661
859031537
338299885
543324173
985433484
395279199
606199755
358984857
435889720
344593480
378469903
272020119
488663938
33505234
29777552
345367806
257675089
991810547
392740026
965421233
216588687
319041786
151519914
845563271
66077368
937558951
629593594
524133589
959343749
215828970
409544898
74552793
927376870
747844811
617876959
765326709
143124016
76593069
124311551
431530106
421186570
502781475
703550253
909850536
388803051
733327798
107734697
646478168
725138358
500474751
464415756
941727073
672032907
615935691
639806720
738110275
406010997
269400327
114760219
217871129
337745667
524305145
292423943
265122550
124666304
910300902
30449293
120306690
986893999
7277214
551836824
260596952
362575031
255387083
22963843
751378131
988714881
130698568
250372654
566369622
483689661
567304773
360613050
155722581
35756847
419783
746349226
441767844
122336480
861109473
659638994
460082196
385414624
952062937
577721116
510080956
714880222
460686751
630387674
554290576
467963958
34740853
814887549
830539017
290127936
690367762
434433503
131359200
821066323
537322520
550245192
157272367
104627306
910858263
312994969
140384153
763794416
59344236
582152025
738647259
772970072
94307374
51245810
10901051
46370324
628966926
520982007
761250574
89653711
3886036
168057498
410134039
38626917
982945075
93189411
181271216
525829192
527622935
312630444
199411898
64945468
862875629
356684258
22089144
626250247
669679255
14989667
242561018
581539833
597141720
981208305
207026260
691449115
32454156
217927311
590335809
513937445
738909346
204102731
603591156
595311752
372160257
13725208
633938690
207621687
106914647
815209934
733450907
487053952
980356720
932862798
404515790
695748704
289547069
279121304
174515334
811742694
294110971
417076373
245798882
891252712
250801033
452825163
435218182
135771552
670752502
25554004
649708997
262178224
82173105
105816536
857489976
454333362
972058101
343945049
661955077
931489090
11671338
395405990
271059418
992028051
180785143
675575208
687776768
470332212
954696533
862292123
134591261
101323859
131884851
380390171
992576571
235202254
833215334
280311108
370973806
503967842
158381475
873199173
766146066
240554580
979015709
476152425
694887963
803590165
820097467
209359395
735079289
831768805
604765385
6138720
823796869
785550528
534230298
364090013
108399123
341443158
78898491
242990412
442767038
63299684
623380576
287859992
298501938
309112293
420687463
669475765
813080135
579068966
395191293
431742584
672139916
226723378
907895002
219544262
30313556
580508852
428903678
617909187
412277670
33669076
476564277
88590915
671735967
10794581
305197298
632651460
204754109
384095817
875641893
500037517
447395529
351538824
787897502
745897467
660651117
61101348
267889615
326247628
640170314
663080929
610506582
164826613
889804307
370917939
384370868
772634205
951426791
813274546
390543426
216220837
699459992
867107703
304811780
223712342
730418654
610009078
856363823
787689126
846621265
584522071
287726628
146533149
936060895
928140528
892430616
449228395
989241876
12836607
627992393
481928573
528433878
238498953
646755179
270754540
609416920
31126088
43388758
980
413360087
844400634
286448554
629580952
396377009
6072633
934392732
620089344
736491287
396918165
476453180
376696768
96055785
60975264
664423417
242588934
849552529
445080300
135019591
151297279
434322182
372540
779289665
916250755
528806446
870304988
415522317
799560986
332238263
446648405
695466107
745598378
143565422
