1000
846930886
681692778
714636916
957747794
424238335
719885386
649760493
596516649
189641422
25202363
350490028
783368690
102520060
44897765
967513927
365180541
540383427
304089172
303455737
35005211
521595368
294702567
726956430
336465782
861021530
278722862
233665123
145174069
468703135
101513930
801979803
315634023
635723058
369133070
125898168
59961394
89018458
628175011
656478043
131176230
653377374
859484421
914544920
608413784
756898537
734575199
973594325
149798315
38664372
129566414
184803526
412776091
424268981
911759957
749241873
137806862
42999170
982906996
135497281
511702305
84420927
937477085
827336328
572660336
159126506
805750846
632621730
100661314
433925858
141616125
84353895
939819582
1100547
998898815
548233368
610515434
585990365
374344044
760313750
477171088
356426808
945117276
889947179
780695789
709393584
491705403
918502652
752392754
474612400
53999934
264095061
411549677
843993369
943947739
984210013
855636226
749698587
469348095
956297540
36140796
463480570
40651436
975960379
317097467
892066602
376710098
927612902
330573318
603570492
687926653
660260756
959997301
485560280
402724286
593209441
194953866
894429689
364228444
947346620
221558440
270744729
63958032
633108118
114738099
7905773
469834482
822890675
610120710
791698927
631704567
498777856
255179498
524872353
327254586
572276966
269455306
703964684
352406219
600028625
160051528
40332873
112805732
120048830
378409503
515530019
713258271
573363369
409959709
77486717
373226341
631518150
200747796
289700723
117142619
168002245
150122846
439493451
990892921
760243556
231192380
622597489
111537764
338888228
147469843
438792350
911165194
269441500
142757036
116087764
869470125
155324914
8936987
982275857
275373744
387346491
350322227
841148365
960709860
760281937
771151432
186452552
244316438
971899228
476153276
213975407
139901475
626276122
653468858
130794397
239036030
884661238
605908236
350573794
76065818
605894429
789366144
987231012
875335929
784639530
103318778
597322405
939964444
112255765
432114614
67854539
352118606
782436841
909002905
165344818
395235129
532670688
351797370
492067917
504569918
680466996
706043324
496987743
159259470
359512184
480298490
398295500
96689773
86206727
601385644
172755591
544617506
243268139
12502955
272469787
27907671
968338082
722308542
820388465
933110197
6939507
740759355
285228805
789376349
502278611
450573623
37127829
34949300
654887343
529195747
392035568
335354341
87755422
889023311
494613811
447267606
369321802
745425661
396473730
308044879
346811306
569229321
705178736
590079445
434248626
977648523
470503466
402586709
552473416
143408283
188213258
559412924
884167638
473442063
201305624
238962600
776532036
238433453
273911900
431419380
620145550
665947469
619290071
707900973
407487131
113903883
7684930
776808934
711845894
404158660
937370163
58657201
973387982
642548900
501252997
260152959
472713774
824272813
662739669
25187192
967681096
850952927
437116466
704365085
176911341
638422090
943327685
953443377
876855543
69755937
237379108
349517445
588219756
856669180
57418419
995706887
823089413
65103349
625032172
387451659
469262010
562402337
298625210
295166343
57467588
799878207
555319302
382697713
476667372
70575322
260401255
296864819
774044599
697517721
1229906
950955940
335939812
797073941
756915668
65311706
719346228
846811127
414829151
307565985
555996658
324763920
155789224
231602422
389867270
780821396
619054081
711645630
195740084
917679292
6811974
253207673
570073850
414647626
635905386
46741223
337739299
896306641
343606043
111783899
446340713
197352299
915256190
782280525
846942590
524688209
700108581
566288820
371499337
114937734
726371155
927495995
292218004
882160379
11614769
682085274
662981777
630668850
246247255
858721861
548348143
105575579
964445884
118421995
520223206
452867621
17679568
857962505
201690613
213801961
822262754
648031326
411154260
737518945
282828202
110613202
114723506
982936784
676902022
486222843
950390868
255789528
266235190
242608873
137949909
277849959
777210498
653448036
908518809
23457754
364686248
309383304
129033334
329132134
280321649
501772890
781999755
150517567
212251746
983690369
364319529
34514501
484238046
775473789
624549797
767066249
886086991
739273303
750003034
415505364
78012497
552910253
671294893
344247687
795519126
661761152
474613996
425245975
315209189
235649157
448703730
679895437
545032461
430253414
861543921
677870460
932026304
496060028
828388027
144278051
332266748
192707557
31308902
816504794
820697697
655858699
583571044
559301039
395132003
186090429
974806404
473144501
739000682
498617648
669908538
387036160
12895151
144522536
812282135
328104340
380171693
113502216
860516127
777720504
543755630
722060050
455590965
328298285
70636429
136495343
472576336
402903177
329202901
503885239
219407972
2416949
12260289
655495367
561717988
407392293
841585796
389040743
733053144
433102830
887658391
402961683
672655340
900553542
400000569
337453826
81174233
780172262
450956043
941690361
410409117
847228023
516266762
866000082
175526310
586903191
2495427
500618996
989806368
184214678
4504236
61730691
186631627
16764526
717226058
748349615
276673169
411328206
137390360
9726314
696947386
877565101
265204347
369602727
630634995
665204917
707056553
564325578
297893530
10528947
358532290
708302648
857756971
874799052
426819081
885799631
314218594
281830858
386418628
156541313
318561886
243439215
70788355
505193513
112720091
788014413
106059480
241909610
51858970
95966190
104152274
748806356
826047641
369356621
970925433
309198987
887077888
530498338
873524566
37487770
541027285
232056857
745790418
251300607
959372260
25125850
137100239
126107205
159473059
376035218
282648519
478034945
471990783
353436874
983228459
584710874
993967637
941804289
826620484
45826609
37770480
930772758
647149315
716334471
152645730
470591100
25533460
39723620
1089439
899058026
77211390
394633074
983631233
675518158
645933682
943003494
553160358
635550271
69110701
712633417
864101839
204275570
190668364
336092623
410228794
26413174
773319847
404196432
968217463
452456682
302539391
858504293
235745791
802205057
427355115
388391522
272796158
452888575
280631492
126401947
204462952
210359232
521035021
40610537
738393740
19485054
983614031
291554099
655035326
905241082
4187518
371653516
962033002
47372232
707746140
372261797
73785406
333582338
628974580
894519219
786039021
931513971
605539863
21784813
586235379
32894979
262692685
859031537
338299905
543324177
985433484
395279207
606199759
358984857
435889744
344593500
378469911
272020127
488663950
33505238
29777560
345367818
257675105
991810563
392740050
965421245
216588711
319041806
151519934
845563291
66077376
937558955
629593614
524133589
959343769
215828994
409544918
74552805
927376882
747844823
617876983
765326717
143124032
76593093
124311575
431530126
421186594
502781487
703550253
909850544
388803075
733327814
107734713
646478180
725138378
500474763
464415776
941727089
672032919
615935711
639806732
738110295
406011017
269400347
114760235
217871137
337745691
524305153
292423943
265122574
124666328
910300926
30449293
120306710
986894019
7277218
551836836
260596964
362575055
255387091
22963859
751378131
988714905
130698572
250372662
566369634
483689685
567304789
360613074
155722605
35756851
419807
746349250
441767868
122336504
861109485
659639006
460082196
385414640
952062949
577721120
510080968
714880226
460686763
630387678
554290596
467963982
34740865
814887561
830539037
290127956
690367770
434433519
131359212
821066343
537322532
550245196
157272379
104627322
910858271
312994985
140384173
763794428
59344236
582152041
738647283
772970072
94307398
51245830
10901063
46370348
628966950
520982031
761250574
89653715
3886060
168057522
410134047
38626925
982945083
93189435
181271232
525829204
527622955
312630444
199411898
64945488
862875641
356684278
22089160
626250263
669679263
14989683
242561042
581539849
597141724
981208325
207026272
691449123
32454156
217927335
590335821
513937457
738909366
204102747
603591172
595311776
372160269
13725220
633938702
207621703
106914655
815209934
733450907
487053960
980356728
932862806
404515798
695748720
289547085
279121308
174515334
811742698
294110991
417076377
245798898
891252716
250801053
452825171
435218190
135771560
670752506
25554012
649709017
262178224
82173109
105816540
857490000
454333378
972058109
343945053
661955081
931489114
11671338
395405990
271059426
992028067
180785147
675575224
687776788
470332232
954696533
862292123
134591281
101323875
131884851
380390179
992576591
235202254
833215350
280311132
370973814
503967858
158381495
873199181
766146082
240554604
979015721
476152433
694887983
803590181
820097487
209359415
735079297
831768825
604765405
6138724
823796893
785550552
534230298
364090033
108399135
341443182
78898507
242990416
442767058
63299708
623380596
287860000
298501962
309112297
420687483
669475777
813080155
579068978
395191309
431742588
672139932
226723382
907895022
219544266
30313564
580508860
428903682
617909211
412277686
33669088
476564285
88590931
671735991
10794585
305197314
632651476
204754117
384095821
875641893
500037525
447395529
351538840
787897526
745897491
660651137
61101360
267889619
326247644
640170338
663080929
610506582
164826621
889804311
370917955
384370888
772634225
951426815
813274570
390543438
216220853
699460008
867107723
304811784
223712350
730418658
610009098
856363827
787689126
846621269
584522071
287726652
146533149
936060911
928140528
892430640
449228399
989241888
12836611
627992393
481928577
528433890
238498977
646755199
270754552
609416932
31126088
43388778
1000
413360099
844400658
286448566
629580952
396377017
6072641
934392736
620089368
736491299
396918185
476453196
376696776
96055805
60975268
664423429
242588954
849552529
445080308
135019595
151297279
434322198
372556
779289673
916250775
528806446
870305000
415522325
799560998
332238283
446648413
695466127
745598382
143565422
