64
3 2 2 1
11
01
10
3 3 2 2
111
101
111
3 2 2 1
11
01
10
3 3 2 2
111
101
111
3 2 2 1
11
01
10
3 3 2 2
111
101
111
3 2 2 1
11
01
10
3 3 2 2
111
101
111
3 2 2 1
11
01
10
3 3 2 2
111
101
111
3 2 2 1
11
01
10
3 3 2 2
111
101
111
3 2 2 1
11
01
10
3 3 2 2
111
101
111
3 2 2 1
11
01
10
3 3 2 2
111
101
111
3 2 2 1
11
01
10
3 3 2 2
111
101
111
3 2 2 1
11
01
10
3 3 2 2
111
101
111
3 2 2 1
11
01
10
3 3 2 2
111
101
111
3 2 2 1
11
01
10
3 3 2 2
111
101
111
3 2 2 1
11
01
10
3 3 2 2
111
101
111
3 2 2 1
11
01
10
3 3 2 2
111
101
111
3 2 2 1
11
01
10
3 3 2 2
111
101
111
3 2 2 1
11
01
10
3 3 2 2
111
101
111
3 2 2 1
11
01
10
3 3 2 2
111
101
111
3 2 2 1
11
01
10
3 3 2 2
111
101
111
3 2 2 1
11
01
10
3 3 2 2
111
101
111
3 2 2 1
11
01
10
3 3 2 2
111
101
111
3 2 2 1
11
01
10
3 3 2 2
111
101
111
3 2 2 1
11
01
10
3 3 2 2
111
101
111
3 2 2 1
11
01
10
3 3 2 2
111
101
111
3 2 2 1
11
01
10
3 3 2 2
111
101
111
3 2 2 1
11
01
10
3 3 2 2
111
101
111
3 2 2 1
11
01
10
3 3 2 2
111
101
111
3 2 2 1
11
01
10
3 3 2 2
111
101
111
3 2 2 1
11
01
10
3 3 2 2
111
101
111
3 2 2 1
11
01
10
3 3 2 2
111
101
111
3 2 2 1
11
01
10
3 3 2 2
111
101
111
3 2 2 1
11
01
10
3 3 2 2
111
101
111
3 2 2 1
11
01
10
3 3 2 2
111
101
111
