1143752480451257
4968584171232463
600954468125595
293398465010638
8192601635248674
953153260723071
454702437896601
8332527317636781
514729606659538
439145620836995
52535207604487836
419762642939909
15665101754470
715369379505163
2637756139572104
2084363484947661
3627468296893
1874975796382109
1924394459173186
821441768761315
1820561700878087
1378363510518067
3152068509313892
32591502105857591
20862128940001574
1945890027593159
1199436240153077
4051296626212626
3986430687389843
1354512671997782
3515356745061797
3049183297731613
4619688641274943
749238321068469
1627128159279745
1742046175556638
7017944313231608
2002381767143534
1631359640308739
1441600409388914
5210850240962756
701593972827695
4658206729792177
662331242713605
634091636642971
1406005043458304
1091954525945311
1284845266865315
1312105089235518
11857029245427774
7786459254815057
2397671025734547
2452504747469793
1463551285893331
7068862490766782
1517683909302192
561685959755966
1997366724127356
1051136544886904
2261523202107188
1581135990081400
4742844853106082
1477473434675261
13864612384757
893311814599851
3403614004720839
1088039443095384
1343263377130669
12121550672478331
2995034048827345
3073497592059083
39062502056804929
1617694665153218
2185826644236438
2406049048045394
2273226636238263
507637999882004
10457997848807199
65426859857297125
1657727587512983
5611060291352528
956671836184668
287816483023213
6893195295139675
403599036255469
2836565156532496
3918819531563102
2552316098180191
2309953914052434
68035456519237
249967199627158
1587754257041342
4397089903245977
696069139263282
1793142765847065
2657127623531490
2802965182268021
2958291187263762
1497605971602747
1024774041929939
