1435945743303464
1832109600946653
-818944539114201
-1518758795831572
10628370183777355
389642443157737
18979132986622
3500849920508470
147613889444228
658547828710619
447695443252697480
589395508652762
-138734781708984
291541723450925
1316703455169610
-233505217931385
904504581103689
-660093783069452
1223652063739820
-1113908324548382
-223020358477692
-816781485502330
-1251231728773705
-5059854694636862
5007024176745144
-1207708414387474
875003753341969
-3736317838452208
-850202595824878
-750322704624503
2808779380007147
-3866152219770027
-524441010162502
1277310040594277
-920332714662386
1025420110546715
-9674896341965412
-83724944757180
-957236662860292
-722072733325538
-1592420229157416
708239298109575
-3050326429845190
-1115824628519546
-554063926061736
-3191349997963186
-536584271532591
-65869942915096
-3051390107878546
-1120740522204345
1157751077462251
-449068387612843
1099383769564474
-983492486718764
3849699053708556
385588039607378
381660252694220
-254673088499624
1151992551244760
1135371275271083
7498484918543327
8129591401048630
-981804448975335
-332162205322214
-617370267243827
-1518665924219844
617848343297342
948279783576839
6737936106765318
1097581137530895
1697220534005229
-24628075300677
-479456978939149
962900805374473
-465319755783132
2175245815628639
951362578024330
-11232366595959640
25966811663257459
-223057895631556
2606654170577871
-964553273854519
-1459267452571946
-56970222831916
322367771136770
515065485972984
-4024229035583737
-1319507084806892
3724701456606307
287852551749857
-542715454253594
-1126256997506356
3246275765498215
1050762619224376
-1009387349329552
-1491639272202313
-1188933809595644
-639507925156410
397579973112374
-467249247679628
