1044 2
515 2
96 1
36 1
2283 2
25 1
2643 1
65 1
13 1
1226 2
1173 1
72 1
45 1
251 1
233 1
90 1
197 1
241 1
26 1
7 1
108 1
5900 2
292 1
1250 2
797 1
45 1
131 1
76 1
110 1
26 1
406 1
38 1
197 1
270 1
129 1
2 1
6132 2
403 1
312 1
770 1
737 1
8 1
89 1
1316 2
57 1
188 2
4248 2
97 1
97 1
5341 2
1103 1
330 1
4755 2
3269 2
3320 2
5746 2
106 1
4892 2
14 1
159 1
3 2
10 1
14 1
5381 2
1249 1
120 1
482 1
8 1
406 1
471 1
2813 2
82 1
115 1
1 1
154 1
59 1
5023 2
62 1
2803 2
41 1
309 1
92 2
502 2
12 1
906 2
537 1
86 1
621 1
148 1
4738 2
1345 1
27 1
23 1
1584 2
163 1
4663 2
1532 1
5997 2
236 1
133 1
