100
14 9158 6249
15 23633 23807
15 22764 7977
2 2 3
15 7931 10723
15 124 25282
15 10232 8987
9 487 397
3 2 6
14 563 6047
15 1946 31590
15 20493 22455
14 9304 12451
15 24869 2397
15 8983 10328
8 94 212
6 50 13
15 30363 7860
15 1553 17422
15 30836 1601
15 15677 3548
15 6768 24041
15 21665 16961
15 11772 9063
13 7937 1662
15 14826 19164
4 6 15
15 22620 20010
9 176 59
12 2610 3247
13 3924 2540
15 32731 9308
15 18458 30974
15 16635 9978
15 17210 1531
15 28113 16358
15 16700 14204
15 25973 4056
15 10337 3209
15 12124 9915
11 1177 1551
8 177 235
15 20659 32261
8 247 0
15 27297 570
6 10 11
15 32720 12616
15 18276 5821
4 3 14
15 18204 28283
11 1477 788
15 15962 709
15 9035 21369
6 59 48
15 1572 18961
15 4361 23004
15 23508 22956
5 27 16
4 11 3
15 3811 17744
15 21575 17173
15 20411 367
15 281 9402
15 12413 9717
15 7905 11290
9 383 291
15 28713 6392
5 27 19
15 10954 26446
11 664 1586
15 26848 19065
15 27197 6708
15 28255 6990
15 17914 19403
15 32005 27308
1 1 1
15 22810 27221
3 6 0
8 115 59
5 28 19
3 4 3
4 2 0
11 670 847
11 1301 329
2 2 2
6 8 48
5 18 10
6 20 8
13 2058 5820
15 28942 11800
1 0 0
15 14835 11150
9 471 45
12 3337 834
14 10246 14532
4 15 13
15 19844 7807
4 13 4
15 28231 19678
15 3100 15852
