

	C		CPP		JAVA		PYTHON
	-		---		----		------
	0.050000	1.600000	5.260000	0.000000
	0.040000	0.210000	0.580000	0.000000
	0.050000	0.240000	0.630000	0.000000
	0.080000	0.220000	0.640000	0.000000
	0.100000	0.260000	0.600000	0.000000
	0.050000	0.210000	0.710000	0.000000
	0.050000	0.220000	0.750000	0.000000
	0.050000	0.220000	1.310000	0.000000
	0.070000	0.220000	0.620000	0.000000
	0.050000	0.080000	0.620000	0.000000
	0.040000	0.460000	0.610000	0.000000
	0.040000	0.090000	0.620000	0.000000
	0.050000	0.080000	0.580000	0.000000
	0.050000	0.270000	0.610000	0.000000
	0.050000	0.210000	0.600000	0.000000
	0.050000	0.210000	0.650000	0.000000
	0.050000	0.070000	0.700000	0.000000
	0.050000	0.220000	0.760000	0.000000
	0.050000	0.270000	0.640000	0.000000
	0.050000	0.080000	0.630000	0.000000
	0.050000	0.210000	0.000000	0.000000
	0.070000	0.080000	0.000000	0.000000
	0.050000	0.220000	0.710000	0.000000
	0.050000	0.220000	0.670000	0.000000
	0.040000	0.080000	0.610000	0.000000
	0.050000	0.310000	0.580000	0.000000
	0.040000	0.090000	0.000000	0.000000
	0.050000	0.210000	0.000000	0.000000
	0.070000	0.070000	0.610000	0.000000
	0.050000	0.230000	0.620000	0.000000
	0.050000	0.220000	0.610000	0.000000
	0.050000	0.230000	0.590000	0.000000
	0.050000	0.110000	0.000000	0.000000
	0.050000	0.220000	0.000000	0.000000
	0.050000	0.240000	0.590000	0.000000
	0.050000	0.080000	0.590000	0.000000
	0.040000	0.080000	0.610000	0.000000
	0.050000	0.250000	0.840000	0.000000
	0.050000	0.210000	0.630000	0.000000
	0.050000	0.080000	0.610000	0.000000
	0.050000	0.070000	0.660000	0.000000
	0.050000	0.280000	0.960000	0.000000
	0.050000	0.320000	0.940000	0.000000
	0.060000	0.090000	0.640000	0.000000
	0.050000	0.080000	0.640000	0.000000
	0.060000	0.220000	0.610000	0.000000
	0.080000	0.070000	0.600000	0.000000
	0.060000	0.070000	0.590000	0.000000
	0.050000	0.070000	0.620000	0.000000
	0.050000	0.070000	0.600000	0.000000
	0.060000	0.080000	0.590000	0.000000
	0.050000	0.150000	0.590000	0.000000
	----		----		----		----
	2.749999	10.449997	35.029995	0.000000
	----		----		----		----
	1.000000	3.800000	14.356561
	-		---		------		------
	C		CPP		JAVA		PYTHON
	-		---		----		------
	0.050000	1.600000	5.260000
	0.040000	0.210000	0.580000
	0.050000	0.240000	0.630000
	0.080000	0.220000	0.640000
	0.100000	0.260000	0.600000
	0.050000	0.210000	0.710000
	0.050000	0.220000	0.750000
	0.050000	0.220000	1.310000
	0.070000	0.220000	0.620000
	0.050000	0.080000	0.620000
	0.040000	0.460000	0.610000
	0.040000	0.090000	0.620000
	0.050000	0.080000	0.580000
	0.050000	0.270000	0.610000
	0.050000	0.210000	0.600000
	0.050000	0.210000	0.650000
	0.050000	0.070000	0.700000
	0.050000	0.220000	0.760000
	0.050000	0.270000	0.640000
	0.050000	0.080000	0.630000
	0.050000	0.210000	0.71783*
	0.070000	0.080000	1.00496*
	0.050000	0.220000	0.710000
	0.050000	0.220000	0.670000
	0.040000	0.080000	0.610000
	0.050000	0.310000	0.580000
	0.040000	0.090000	0.57426*
	0.050000	0.210000	0.71783*
	0.070000	0.070000	0.610000
	0.050000	0.230000	0.620000
	0.050000	0.220000	0.610000
	0.050000	0.230000	0.590000
	0.050000	0.110000	0.71783*
	0.050000	0.220000	0.71783*
	0.050000	0.240000	0.590000
	0.050000	0.080000	0.590000
	0.040000	0.080000	0.610000
	0.050000	0.250000	0.840000
	0.050000	0.210000	0.630000
	0.050000	0.080000	0.610000
	0.050000	0.070000	0.660000
	0.050000	0.280000	0.960000
	0.050000	0.320000	0.940000
	0.060000	0.090000	0.640000
	0.050000	0.080000	0.640000
	0.060000	0.220000	0.610000
	0.080000	0.070000	0.600000
	0.060000	0.070000	0.590000
	0.050000	0.070000	0.620000
	0.050000	0.070000	0.600000
	0.060000	0.080000	0.590000
	0.050000	0.150000	0.590000
	----		----		----		----
	2.749999	10.449997	39.480530
	-		---		----		------
	0.050000	1.600000	5.260000
	0.040000	0.210000	0.580000
	0.050000	0.240000	0.630000
	0.080000	0.220000	0.640000
	0.100000	0.260000	0.600000
	0.050000	0.210000	0.710000
	0.050000	0.220000	0.750000
	0.050000	0.220000	1.310000
	0.070000	0.220000	0.620000
	0.050000	0.080000	0.620000
	0.040000	0.460000	0.610000
	0.040000	0.090000	0.620000
	0.050000	0.080000	0.580000
	0.050000	0.270000	0.610000
	0.050000	0.210000	0.600000
	0.050000	0.210000	0.650000
	0.050000	0.070000	0.700000
	0.050000	0.220000	0.760000
	0.050000	0.270000	0.640000
	0.050000	0.080000	0.630000
	0.050000	0.210000	0.79679**
	0.070000	0.080000	1.11550**
	0.050000	0.220000	0.710000
	0.050000	0.220000	0.670000
	0.040000	0.080000	0.610000
	0.050000	0.310000	0.580000
	0.040000	0.090000	0.63743**
	0.050000	0.210000	0.79679**
	0.070000	0.070000	0.610000
	0.050000	0.230000	0.620000
	0.050000	0.220000	0.610000
	0.050000	0.230000	0.590000
	0.050000	0.110000	0.79679**
	0.050000	0.220000	0.79679**
	0.050000	0.240000	0.590000
	0.050000	0.080000	0.590000
	0.040000	0.080000	0.610000
	0.050000	0.250000	0.840000
	0.050000	0.210000	0.630000
	0.050000	0.080000	0.610000
	0.050000	0.070000	0.660000
	0.050000	0.280000	0.960000
	0.050000	0.320000	0.940000
	0.060000	0.090000	0.640000
	0.050000	0.080000	0.640000
	0.060000	0.220000	0.610000
	0.080000	0.070000	0.600000
	0.060000	0.070000	0.590000
	0.050000	0.070000	0.620000
	0.050000	0.070000	0.600000
	0.060000	0.080000	0.590000
	0.050000	0.150000	0.590000
	----		----		----		----
	2.749999	10.449997	39.970089


	C		CPP		JAVA		PYTHON
	-		---		----		------
	5592.000000	15784.000000	28640.000000	0.000000
	5688.000000	15792.000000	28624.000000	0.000000
	5564.000000	16132.000000	29736.000000	0.000000
	5804.000000	15864.000000	28840.000000	0.000000
	5880.000000	17644.000000	28636.000000	0.000000
	5648.000000	15988.000000	28904.000000	0.000000
	5620.000000	15892.000000	31672.000000	0.000000
	5568.000000	15892.000000	34524.000000	0.000000
	5520.000000	16032.000000	29796.000000	0.000000
	5544.000000	6552.000000	29780.000000	0.000000
	5488.000000	22040.000000	29636.000000	0.000000
	5480.000000	6488.000000	28692.000000	0.000000
	5588.000000	6492.000000	28624.000000	0.000000
	5556.000000	16708.000000	29940.000000	0.000000
	5540.000000	15848.000000	28620.000000	0.000000
	5556.000000	15852.000000	28652.000000	0.000000
	5620.000000	6492.000000	31632.000000	0.000000
	5572.000000	16036.000000	30124.000000	0.000000
	5612.000000	19244.000000	32752.000000	0.000000
	5596.000000	6556.000000	29796.000000	0.000000
	5804.000000	15892.000000	0.000000	0.000000
	5604.000000	6496.000000	0.000000	0.000000
	5672.000000	16052.000000	32792.000000	0.000000
	5584.000000	15992.000000	28624.000000	0.000000
	5456.000000	6496.000000	28608.000000	0.000000
	5548.000000	18660.000000	28612.000000	0.000000
	5568.000000	6640.000000	0.000000	0.000000
	5528.000000	15992.000000	0.000000	0.000000
	5636.000000	6496.000000	28928.000000	0.000000
	5524.000000	15984.000000	30316.000000	0.000000
	5720.000000	16084.000000	28612.000000	0.000000
	5512.000000	16084.000000	30344.000000	0.000000
	5584.000000	6856.000000	0.000000	0.000000
	5624.000000	16188.000000	0.000000	0.000000
	5452.000000	18384.000000	28620.000000	0.000000
	5520.000000	6492.000000	28668.000000	0.000000
	5480.000000	6608.000000	28688.000000	0.000000
	5712.000000	18672.000000	29940.000000	0.000000
	5500.000000	15816.000000	30092.000000	0.000000
	5648.000000	6564.000000	29940.000000	0.000000
	5652.000000	6492.000000	28708.000000	0.000000
	5664.000000	18068.000000	29904.000000	0.000000
	5724.000000	20220.000000	31524.000000	0.000000
	5944.000000	6932.000000	31540.000000	0.000000
	5608.000000	6608.000000	28624.000000	0.000000
	5612.000000	16116.000000	28624.000000	0.000000
	6872.000000	6632.000000	28628.000000	0.000000
	5716.000000	6592.000000	28652.000000	0.000000
	5556.000000	6492.000000	29884.000000	0.000000
	5816.000000	6488.000000	29876.000000	0.000000
	5856.000000	6696.000000	29796.000000	0.000000
	5704.000000	10560.000000	28632.000000	0.000000
	----		----		----		----
	293436.000000	653672.000000	1364796.000000	0.000000
	----		----		----		----
	1.000000	2.227648	5.254794
	-		---		------		------
	C		CPP		JAVA		PYTHON
	-		---		----		------
	5592.000000	15784.000000	28640.000000
	5688.000000	15792.000000	28624.000000
	5564.000000	16132.000000	29736.000000
	5804.000000	15864.000000	28840.000000
	5880.000000	17644.000000	28636.000000
	5648.000000	15988.000000	28904.000000
	5620.000000	15892.000000	31672.000000
	5568.000000	15892.000000	34524.000000
	5520.000000	16032.000000	29796.000000
	5544.000000	6552.000000	29780.000000
	5488.000000	22040.000000	29636.000000
	5480.000000	6488.000000	28692.000000
	5588.000000	6492.000000	28624.000000
	5556.000000	16708.000000	29940.000000
	5540.000000	15848.000000	28620.000000
	5556.000000	15852.000000	28652.000000
	5620.000000	6492.000000	31632.000000
	5572.000000	16036.000000	30124.000000
	5612.000000	19244.000000	32752.000000
	5596.000000	6556.000000	29796.000000
	5804.000000	15892.000000	30498.82227*
	5604.000000	6496.000000	29447.86328*
	5672.000000	16052.000000	32792.000000
	5584.000000	15992.000000	28624.000000
	5456.000000	6496.000000	28608.000000
	5548.000000	18660.000000	28612.000000
	5568.000000	6640.000000	29258.69141*
	5528.000000	15992.000000	29048.50000*
	5636.000000	6496.000000	28928.000000
	5524.000000	15984.000000	30316.000000
	5720.000000	16084.000000	28612.000000
	5512.000000	16084.000000	30344.000000
	5584.000000	6856.000000	29342.76758*
	5624.000000	16188.000000	29552.95898*
	5452.000000	18384.000000	28620.000000
	5520.000000	6492.000000	28668.000000
	5480.000000	6608.000000	28688.000000
	5712.000000	18672.000000	29940.000000
	5500.000000	15816.000000	30092.000000
	5648.000000	6564.000000	29940.000000
	5652.000000	6492.000000	28708.000000
	5664.000000	18068.000000	29904.000000
	5724.000000	20220.000000	31524.000000
	5944.000000	6932.000000	31540.000000
	5608.000000	6608.000000	28624.000000
	5612.000000	16116.000000	28624.000000
	6872.000000	6632.000000	28628.000000
	5716.000000	6592.000000	28652.000000
	5556.000000	6492.000000	29884.000000
	5816.000000	6488.000000	29876.000000
	5856.000000	6696.000000	29796.000000
	5704.000000	10560.000000	28632.000000
	----		----		----		----
	293436.000000	653672.000000	1541945.500000
	-		---		----		------
	5592.000000	15784.000000	28640.000000
	5688.000000	15792.000000	28624.000000
	5564.000000	16132.000000	29736.000000
	5804.000000	15864.000000	28840.000000
	5880.000000	17644.000000	28636.000000
	5648.000000	15988.000000	28904.000000
	5620.000000	15892.000000	31672.000000
	5568.000000	15892.000000	34524.000000
	5520.000000	16032.000000	29796.000000
	5544.000000	6552.000000	29780.000000
	5488.000000	22040.000000	29636.000000
	5480.000000	6488.000000	28692.000000
	5588.000000	6492.000000	28624.000000
	5556.000000	16708.000000	29940.000000
	5540.000000	15848.000000	28620.000000
	5556.000000	15852.000000	28652.000000
	5620.000000	6492.000000	31632.000000
	5572.000000	16036.000000	30124.000000
	5612.000000	19244.000000	32752.000000
	5596.000000	6556.000000	29796.000000
	5804.000000	15892.000000	33853.69141**
	5604.000000	6496.000000	32687.12891**
	5672.000000	16052.000000	32792.000000
	5584.000000	15992.000000	28624.000000
	5456.000000	6496.000000	28608.000000
	5548.000000	18660.000000	28612.000000
	5568.000000	6640.000000	32477.14844**
	5528.000000	15992.000000	32243.83594**
	5636.000000	6496.000000	28928.000000
	5524.000000	15984.000000	30316.000000
	5720.000000	16084.000000	28612.000000
	5512.000000	16084.000000	30344.000000
	5584.000000	6856.000000	32570.47266**
	5624.000000	16188.000000	32803.78516**
	5452.000000	18384.000000	28620.000000
	5520.000000	6492.000000	28668.000000
	5480.000000	6608.000000	28688.000000
	5712.000000	18672.000000	29940.000000
	5500.000000	15816.000000	30092.000000
	5648.000000	6564.000000	29940.000000
	5652.000000	6492.000000	28708.000000
	5664.000000	18068.000000	29904.000000
	5724.000000	20220.000000	31524.000000
	5944.000000	6932.000000	31540.000000
	5608.000000	6608.000000	28624.000000
	5612.000000	16116.000000	28624.000000
	6872.000000	6632.000000	28628.000000
	5716.000000	6592.000000	28652.000000
	5556.000000	6492.000000	29884.000000
	5816.000000	6488.000000	29876.000000
	5856.000000	6696.000000	29796.000000
	5704.000000	10560.000000	28632.000000
	----		----		----		----
	293436.000000	653672.000000	1561432.000000


	C		CPP		JAVA		PYTHON
	-		---		----		------
	0.016000	0.155000	2.520000	0.130000
	0.010000	0.007000	0.190000	0.090000
	0.001000	0.002000	0.110000	0.030000
	0.001000	0.006000	0.110000	0.030000
	0.010000	0.010000	0.150000	0.660000
	0.003000	0.004000	0.290000	0.380000
	0.001000	0.001000	0.100000	0.030000
	0.000100	0.002000	0.580000	0.020000
	0.001000	0.001000	0.100000	0.030000
	0.000100	0.002000	0.110000	0.050000
	0.001000	0.002000	0.090000	0.030000
	0.000100	0.001000	0.100000	0.020000
	0.011000	0.009000	0.530000	0.590000
	0.007000	0.063000	0.540000	0.210000
	0.007000	0.015000	0.160000	0.330000
	0.006000	0.018000	0.150000	0.330000
	0.002000	0.001000	0.130000	0.030000
	0.001000	0.009000	0.580000	0.020000
	0.001000	0.004000	0.110000	0.040000
	0.001000	0.001000	0.110000	0.030000
	0.001000	0.054000	0.000000	0.000000
	0.001000	0.001000	0.000000	0.000000
	0.001000	0.003000	0.110000	0.030000
	0.000100	0.004000	0.100000	0.020000
	0.009000	0.009000	0.170000	0.150000
	0.002000	0.005000	0.360000	0.050000
	0.002000	0.002000	0.000000	0.000000
	0.001000	0.002000	0.000000	0.000000
	0.001000	0.001000	0.100000	0.040000
	0.000100	0.001000	0.140000	0.030000
	0.001000	0.002000	0.110000	0.030000
	0.000100	0.001000	0.110000	0.030000
	0.001000	0.001000	0.000000	0.030000
	0.000100	0.001000	0.000000	0.030000
	0.001000	0.003000	0.100000	0.030000
	0.000100	0.003000	0.220000	0.030000
	0.012000	0.012000	0.130000	0.110000
	0.009000	0.004000	0.140000	0.100000
	0.010000	0.011000	0.110000	0.140000
	0.000100	0.001000	0.130000	0.040000
	0.001000	0.002000	0.110000	0.030000
	0.000100	0.001000	0.100000	0.030000
	0.001000	0.006000	0.100000	0.030000
	0.000100	0.002000	0.100000	0.030000
	0.001000	0.002000	0.100000	0.000000
	0.000100	0.003000	0.110000	0.000000
	0.001000	0.002000	0.110000	0.030000
	0.001000	0.002000	0.100000	0.030000
	0.001000	0.001000	0.110000	0.030000
	0.000100	0.002000	0.100000	0.030000
	0.001000	0.003000	0.100000	0.030000
	0.000100	0.003000	0.110000	0.020000
	----		----		----		----
	0.140400	0.463000	10.040002	4.260001
	----		----		----		----
	1.000000	3.297719	74.757996	31.720026
	-		---		------		------
	C		CPP		JAVA		PYTHON
	-		---		----		------
	0.016000	0.155000	2.520000	0.130000
	0.010000	0.007000	0.190000	0.090000
	0.001000	0.002000	0.110000	0.030000
	0.001000	0.006000	0.110000	0.030000
	0.010000	0.010000	0.150000	0.660000
	0.003000	0.004000	0.290000	0.380000
	0.001000	0.001000	0.100000	0.030000
	0.000100	0.002000	0.580000	0.020000
	0.001000	0.001000	0.100000	0.030000
	0.000100	0.002000	0.110000	0.050000
	0.001000	0.002000	0.090000	0.030000
	0.000100	0.001000	0.100000	0.020000
	0.011000	0.009000	0.530000	0.590000
	0.007000	0.063000	0.540000	0.210000
	0.007000	0.015000	0.160000	0.330000
	0.006000	0.018000	0.150000	0.330000
	0.002000	0.001000	0.130000	0.030000
	0.001000	0.009000	0.580000	0.020000
	0.001000	0.004000	0.110000	0.040000
	0.001000	0.001000	0.110000	0.030000
	0.001000	0.054000	0.07476*	0.03172*
	0.001000	0.001000	0.07476*	0.03172*
	0.001000	0.003000	0.110000	0.030000
	0.000100	0.004000	0.100000	0.020000
	0.009000	0.009000	0.170000	0.150000
	0.002000	0.005000	0.360000	0.050000
	0.002000	0.002000	0.14952*	0.06344*
	0.001000	0.002000	0.07476*	0.03172*
	0.001000	0.001000	0.100000	0.040000
	0.000100	0.001000	0.140000	0.030000
	0.001000	0.002000	0.110000	0.030000
	0.000100	0.001000	0.110000	0.030000
	0.001000	0.001000	0.07476*	0.030000
	0.000100	0.001000	0.00748*	0.030000
	0.001000	0.003000	0.100000	0.030000
	0.000100	0.003000	0.220000	0.030000
	0.012000	0.012000	0.130000	0.110000
	0.009000	0.004000	0.140000	0.100000
	0.010000	0.011000	0.110000	0.140000
	0.000100	0.001000	0.130000	0.040000
	0.001000	0.002000	0.110000	0.030000
	0.000100	0.001000	0.100000	0.030000
	0.001000	0.006000	0.100000	0.030000
	0.000100	0.002000	0.100000	0.030000
	0.001000	0.002000	0.100000	0.03172*
	0.000100	0.003000	0.110000	0.00317*
	0.001000	0.002000	0.110000	0.030000
	0.001000	0.002000	0.100000	0.030000
	0.001000	0.001000	0.110000	0.030000
	0.000100	0.002000	0.100000	0.030000
	0.001000	0.003000	0.100000	0.030000
	0.000100	0.003000	0.110000	0.020000
	----		----		----		----
	0.140400	0.463000	10.496025	4.453493
	-		---		----		------
	0.016000	0.155000	2.520000	0.130000
	0.010000	0.007000	0.190000	0.090000
	0.001000	0.002000	0.110000	0.030000
	0.001000	0.006000	0.110000	0.030000
	0.010000	0.010000	0.150000	0.660000
	0.003000	0.004000	0.290000	0.380000
	0.001000	0.001000	0.100000	0.030000
	0.000100	0.002000	0.580000	0.020000
	0.001000	0.001000	0.100000	0.030000
	0.000100	0.002000	0.110000	0.050000
	0.001000	0.002000	0.090000	0.030000
	0.000100	0.001000	0.100000	0.020000
	0.011000	0.009000	0.530000	0.590000
	0.007000	0.063000	0.540000	0.210000
	0.007000	0.015000	0.160000	0.330000
	0.006000	0.018000	0.150000	0.330000
	0.002000	0.001000	0.130000	0.030000
	0.001000	0.009000	0.580000	0.020000
	0.001000	0.004000	0.110000	0.040000
	0.001000	0.001000	0.110000	0.030000
	0.001000	0.054000	0.08298**	0.03680**
	0.001000	0.001000	0.08298**	0.03680**
	0.001000	0.003000	0.110000	0.030000
	0.000100	0.004000	0.100000	0.020000
	0.009000	0.009000	0.170000	0.150000
	0.002000	0.005000	0.360000	0.050000
	0.002000	0.002000	0.16596**	0.07359**
	0.001000	0.002000	0.08298**	0.03680**
	0.001000	0.001000	0.100000	0.040000
	0.000100	0.001000	0.140000	0.030000
	0.001000	0.002000	0.110000	0.030000
	0.000100	0.001000	0.110000	0.030000
	0.001000	0.001000	0.08298**	0.030000
	0.000100	0.001000	0.00830**	0.030000
	0.001000	0.003000	0.100000	0.030000
	0.000100	0.003000	0.220000	0.030000
	0.012000	0.012000	0.130000	0.110000
	0.009000	0.004000	0.140000	0.100000
	0.010000	0.011000	0.110000	0.140000
	0.000100	0.001000	0.130000	0.040000
	0.001000	0.002000	0.110000	0.030000
	0.000100	0.001000	0.100000	0.030000
	0.001000	0.006000	0.100000	0.030000
	0.000100	0.002000	0.100000	0.030000
	0.001000	0.002000	0.100000	0.03680**
	0.000100	0.003000	0.110000	0.00368**
	0.001000	0.002000	0.110000	0.030000
	0.001000	0.002000	0.100000	0.030000
	0.001000	0.001000	0.110000	0.030000
	0.000100	0.002000	0.100000	0.030000
	0.001000	0.003000	0.100000	0.030000
	0.000100	0.003000	0.110000	0.020000
	----		----		----		----
	0.140400	0.463000	10.546188	4.484452


	C		CPP		JAVA		PYTHON
	-		---		----		------
	448.000000	1248.000000	24716.000000	4492.000000
	376.000000	880.000000	26216.000000	7096.000000
	424.000000	992.000000	11776.000000	4500.000000
	524.000000	932.000000	11796.000000	4496.000000
	484.000000	968.000000	16376.000000	4792.000000
	744.000000	988.000000	29248.000000	5012.000000
	436.000000	924.000000	11760.000000	4492.000000
	440.000000	940.000000	23568.000000	4496.000000
	364.000000	876.000000	11768.000000	4492.000000
	424.000000	732.000000	11764.000000	4500.000000
	436.000000	944.000000	11736.000000	4508.000000
	436.000000	800.000000	11788.000000	4492.000000
	444.000000	808.000000	22040.000000	4652.000000
	440.000000	956.000000	28116.000000	4516.000000
	432.000000	940.000000	13432.000000	4544.000000
	440.000000	940.000000	13776.000000	4544.000000
	436.000000	800.000000	11980.000000	4496.000000
	420.000000	996.000000	15448.000000	4492.000000
	436.000000	988.000000	11924.000000	4528.000000
	436.000000	804.000000	11884.000000	4528.000000
	436.000000	936.000000	0.000000	0.000000
	484.000000	804.000000	0.000000	0.000000
	456.000000	908.000000	11956.000000	4500.000000
	400.000000	900.000000	11784.000000	4504.000000
	444.000000	808.000000	16312.000000	4488.000000
	492.000000	792.000000	17988.000000	4500.000000
	448.000000	820.000000	0.000000	0.000000
	452.000000	960.000000	0.000000	0.000000
	440.000000	808.000000	11784.000000	4504.000000
	432.000000	944.000000	13444.000000	4532.000000
	444.000000	956.000000	11816.000000	4508.000000
	440.000000	952.000000	11848.000000	4500.000000
	436.000000	808.000000	0.000000	4512.000000
	444.000000	948.000000	0.000000	4492.000000
	436.000000	992.000000	11756.000000	4500.000000
	440.000000	800.000000	18944.000000	4500.000000
	412.000000	776.000000	13968.000000	4516.000000
	384.000000	760.000000	14704.000000	4520.000000
	488.000000	932.000000	12832.000000	4524.000000
	448.000000	796.000000	18904.000000	4544.000000
	432.000000	808.000000	11812.000000	4492.000000
	440.000000	988.000000	11816.000000	4496.000000
	408.000000	900.000000	13684.000000	4516.000000
	412.000000	788.000000	13708.000000	4520.000000
	404.000000	772.000000	11776.000000	0.000000
	400.000000	992.000000	11776.000000	0.000000
	428.000000	816.000000	12924.000000	4576.000000
	448.000000	828.000000	12936.000000	4604.000000
	448.000000	804.000000	11804.000000	4496.000000
	436.000000	800.000000	11808.000000	4496.000000
	440.000000	780.000000	11868.000000	4500.000000
	404.000000	800.000000	11816.000000	4496.000000
	----		----		----		----
	22976.000000	45932.000000	676880.000000	211004.000000
	----		----		----		----
	1.000000	1.999130	33.383308	10.367728
	-		---		------		------
	C		CPP		JAVA		PYTHON
	-		---		----		------
	448.000000	1248.000000	24716.000000	4492.000000
	376.000000	880.000000	26216.000000	7096.000000
	424.000000	992.000000	11776.000000	4500.000000
	524.000000	932.000000	11796.000000	4496.000000
	484.000000	968.000000	16376.000000	4792.000000
	744.000000	988.000000	29248.000000	5012.000000
	436.000000	924.000000	11760.000000	4492.000000
	440.000000	940.000000	23568.000000	4496.000000
	364.000000	876.000000	11768.000000	4492.000000
	424.000000	732.000000	11764.000000	4500.000000
	436.000000	944.000000	11736.000000	4508.000000
	436.000000	800.000000	11788.000000	4492.000000
	444.000000	808.000000	22040.000000	4652.000000
	440.000000	956.000000	28116.000000	4516.000000
	432.000000	940.000000	13432.000000	4544.000000
	440.000000	940.000000	13776.000000	4544.000000
	436.000000	800.000000	11980.000000	4496.000000
	420.000000	996.000000	15448.000000	4492.000000
	436.000000	988.000000	11924.000000	4528.000000
	436.000000	804.000000	11884.000000	4528.000000
	436.000000	936.000000	14555.12207*	4520.32959*
	484.000000	804.000000	16157.52148*	5017.98047*
	456.000000	908.000000	11956.000000	4500.000000
	400.000000	900.000000	11784.000000	4504.000000
	444.000000	808.000000	16312.000000	4488.000000
	492.000000	792.000000	17988.000000	4500.000000
	448.000000	820.000000	14955.72266*	4644.74219*
	452.000000	960.000000	15089.25586*	4686.21338*
	440.000000	808.000000	11784.000000	4504.000000
	432.000000	944.000000	13444.000000	4532.000000
	444.000000	956.000000	11816.000000	4508.000000
	440.000000	952.000000	11848.000000	4500.000000
	436.000000	808.000000	14555.12207*	4512.000000
	444.000000	948.000000	14822.18848*	4492.000000
	436.000000	992.000000	11756.000000	4500.000000
	440.000000	800.000000	18944.000000	4500.000000
	412.000000	776.000000	13968.000000	4516.000000
	384.000000	760.000000	14704.000000	4520.000000
	488.000000	932.000000	12832.000000	4524.000000
	448.000000	796.000000	18904.000000	4544.000000
	432.000000	808.000000	11812.000000	4492.000000
	440.000000	988.000000	11816.000000	4496.000000
	408.000000	900.000000	13684.000000	4516.000000
	412.000000	788.000000	13708.000000	4520.000000
	404.000000	772.000000	11776.000000	4188.56201*
	400.000000	992.000000	11776.000000	4147.09131*
	428.000000	816.000000	12924.000000	4576.000000
	448.000000	828.000000	12936.000000	4604.000000
	448.000000	804.000000	11804.000000	4496.000000
	436.000000	800.000000	11808.000000	4496.000000
	440.000000	780.000000	11868.000000	4500.000000
	404.000000	800.000000	11816.000000	4496.000000
	----		----		----		----
	22976.000000	45932.000000	767014.937500	238208.921875
	-		---		----		------
	448.000000	1248.000000	24716.000000	4492.000000
	376.000000	880.000000	26216.000000	7096.000000
	424.000000	992.000000	11776.000000	4500.000000
	524.000000	932.000000	11796.000000	4496.000000
	484.000000	968.000000	16376.000000	4792.000000
	744.000000	988.000000	29248.000000	5012.000000
	436.000000	924.000000	11760.000000	4492.000000
	440.000000	940.000000	23568.000000	4496.000000
	364.000000	876.000000	11768.000000	4492.000000
	424.000000	732.000000	11764.000000	4500.000000
	436.000000	944.000000	11736.000000	4508.000000
	436.000000	800.000000	11788.000000	4492.000000
	444.000000	808.000000	22040.000000	4652.000000
	440.000000	956.000000	28116.000000	4516.000000
	432.000000	940.000000	13432.000000	4544.000000
	440.000000	940.000000	13776.000000	4544.000000
	436.000000	800.000000	11980.000000	4496.000000
	420.000000	996.000000	15448.000000	4492.000000
	436.000000	988.000000	11924.000000	4528.000000
	436.000000	804.000000	11884.000000	4528.000000
	436.000000	936.000000	16156.18555**	5243.58252**
	484.000000	804.000000	17934.84961**	5820.85742**
	456.000000	908.000000	11956.000000	4500.000000
	400.000000	900.000000	11784.000000	4504.000000
	444.000000	808.000000	16312.000000	4488.000000
	492.000000	792.000000	17988.000000	4500.000000
	448.000000	820.000000	16600.85156**	5387.90088**
	452.000000	960.000000	16749.07422**	5436.00732**
	440.000000	808.000000	11784.000000	4504.000000
	432.000000	944.000000	13444.000000	4532.000000
	444.000000	956.000000	11816.000000	4508.000000
	440.000000	952.000000	11848.000000	4500.000000
	436.000000	808.000000	16156.18555**	4512.000000
	444.000000	948.000000	16452.62891**	4492.000000
	436.000000	992.000000	11756.000000	4500.000000
	440.000000	800.000000	18944.000000	4500.000000
	412.000000	776.000000	13968.000000	4516.000000
	384.000000	760.000000	14704.000000	4520.000000
	488.000000	932.000000	12832.000000	4524.000000
	448.000000	796.000000	18904.000000	4544.000000
	432.000000	808.000000	11812.000000	4492.000000
	440.000000	988.000000	11816.000000	4496.000000
	408.000000	900.000000	13684.000000	4516.000000
	412.000000	788.000000	13708.000000	4520.000000
	404.000000	772.000000	11776.000000	4858.73193**
	400.000000	992.000000	11776.000000	4810.62598**
	428.000000	816.000000	12924.000000	4576.000000
	448.000000	828.000000	12936.000000	4604.000000
	448.000000	804.000000	11804.000000	4496.000000
	436.000000	800.000000	11808.000000	4496.000000
	440.000000	780.000000	11868.000000	4500.000000
	404.000000	800.000000	11816.000000	4496.000000
	----		----		----		----
	22976.000000	45932.000000	776929.750000	242561.703125



	C		CPP		JAVA		PYTHON
	-		---		----		------
	0.050000	0.210000	0.660000	0.000000
	0.040000	0.070000	0.580000	0.000000
	0.100000	0.390000	0.000000	0.000000
	0.100000	0.390000	0.000000	0.000000
	0.060000	0.080000	0.600000	0.000000
	0.060000	0.080000	0.620000	0.000000
	0.050000	0.150000	0.590000	0.000000
	0.070000	0.160000	0.610000	0.000000
	0.000000	0.220000	0.000000	0.000000
	0.060000	0.220000	0.000000	0.000000
	0.060000	0.090000	0.710000	0.000000
	0.050000	0.090000	0.680000	0.000000
	0.040000	0.070000	0.590000	0.000000
	0.050000	0.230000	0.580000	0.000000
	0.050000	0.080000	0.610000	0.000000
	0.100000	0.210000	0.600000	0.000000
	0.090000	0.170000	0.610000	0.000000
	0.050000	0.310000	0.590000	0.000000
	0.050000	0.080000	0.580000	0.000000
	0.050000	0.080000	0.590000	0.000000
	0.060000	0.030000	0.610000	0.000000
	0.050000	0.030000	0.600000	0.000000
	0.050000	0.070000	0.630000	0.000000
	0.060000	0.070000	0.660000	0.000000
	0.050000	0.230000	0.580000	0.000000
	0.040000	1.010000	0.610000	0.000000
	0.050000	0.270000	0.590000	0.000000
	0.090000	0.520000	0.590000	0.000000
	0.070000	0.150000	0.000000	0.000000
	0.070000	0.140000	0.000000	0.000000
	0.050000	0.150000	0.580000	0.000000
	0.060000	0.190000	0.610000	0.000000
	0.040000	0.270000	1.250000	0.000000
	0.050000	0.070000	0.880000	0.000000
	0.050000	0.210000	0.580000	0.000000
	0.050000	0.160000	0.580000	0.000000
	0.050000	0.000000	0.600000	0.000000
	0.060000	0.210000	0.650000	0.000000
	0.050000	0.220000	0.630000	0.000000
	0.060000	0.080000	0.600000	0.000000
	1.740000	0.330000	0.640000	0.000000
	0.050000	0.150000	0.680000	0.000000
	0.050000	0.170000	0.630000	0.000000
	0.110000	0.490000	0.570000	0.000000
	0.110000	0.560000	0.000000	0.000000
	0.060000	0.000000	0.000000	0.000000
	0.050000	0.380000	0.680000	0.000000
	0.060000	0.360000	0.650000	0.000000
	0.050000	0.190000	0.000000	0.000000
	0.140000	0.190000	0.000000	0.000000
	0.050000	0.080000	0.660000	0.000000
	0.060000	0.280000	0.650000	0.000000
	0.050000	0.430000	0.610000	0.000000
	0.060000	0.400000	0.640000	0.000000
	0.050000	0.000000	0.690000	0.000000
	----		----		----		----
	4.980000	11.469998	28.729998	0.000000
	----		----		----		----
	1.000000	2.379668	6.808056
	-		---		------		------
	C		CPP		JAVA		PYTHON
	-		---		----		------
	0.050000	0.210000	0.660000
	0.040000	0.070000	0.580000
	0.100000	0.390000	0.68081*
	0.100000	0.390000	0.68081*
	0.060000	0.080000	0.600000
	0.060000	0.080000	0.620000
	0.050000	0.150000	0.590000
	0.070000	0.160000	0.610000
	0.09245*	0.220000	0.62940*
	0.060000	0.220000	0.40848*
	0.060000	0.090000	0.710000
	0.050000	0.090000	0.680000
	0.040000	0.070000	0.590000
	0.050000	0.230000	0.580000
	0.050000	0.080000	0.610000
	0.100000	0.210000	0.600000
	0.090000	0.170000	0.610000
	0.050000	0.310000	0.590000
	0.050000	0.080000	0.580000
	0.050000	0.080000	0.590000
	0.060000	0.030000	0.610000
	0.050000	0.030000	0.600000
	0.050000	0.070000	0.630000
	0.060000	0.070000	0.660000
	0.050000	0.230000	0.580000
	0.040000	1.010000	0.610000
	0.050000	0.270000	0.590000
	0.090000	0.520000	0.590000
	0.070000	0.150000	0.47656*
	0.070000	0.140000	0.47656*
	0.050000	0.150000	0.580000
	0.060000	0.190000	0.610000
	0.040000	0.270000	1.250000
	0.050000	0.070000	0.880000
	0.050000	0.210000	0.580000
	0.050000	0.160000	0.580000
	0.050000	0.11898*	0.600000
	0.060000	0.210000	0.650000
	0.050000	0.220000	0.630000
	0.060000	0.080000	0.600000
	1.740000	0.330000	0.640000
	0.050000	0.150000	0.680000
	0.050000	0.170000	0.630000
	0.110000	0.490000	0.570000
	0.110000	0.560000	0.74889*
	0.060000	0.14278*	0.40848*
	0.050000	0.380000	0.680000
	0.060000	0.360000	0.650000
	0.050000	0.190000	0.34040*
	0.140000	0.190000	0.95313*
	0.050000	0.080000	0.660000
	0.060000	0.280000	0.650000
	0.050000	0.430000	0.610000
	0.060000	0.400000	0.640000
	0.050000	0.11898*	0.690000
	----		----		----		----
	5.072450	11.850745	34.533524
	-		---		----		------
	0.050000	0.210000	0.660000
	0.040000	0.070000	0.580000
	0.100000	0.390000	0.75569**
	0.100000	0.390000	0.75569**
	0.060000	0.080000	0.600000
	0.060000	0.080000	0.620000
	0.050000	0.150000	0.590000
	0.070000	0.160000	0.610000
	0.11094**	0.220000	0.69864**
	0.060000	0.220000	0.45342**
	0.060000	0.090000	0.710000
	0.050000	0.090000	0.680000
	0.040000	0.070000	0.590000
	0.050000	0.230000	0.580000
	0.050000	0.080000	0.610000
	0.100000	0.210000	0.600000
	0.090000	0.170000	0.610000
	0.050000	0.310000	0.590000
	0.050000	0.080000	0.580000
	0.050000	0.080000	0.590000
	0.060000	0.030000	0.610000
	0.050000	0.030000	0.600000
	0.050000	0.070000	0.630000
	0.060000	0.070000	0.660000
	0.050000	0.230000	0.580000
	0.040000	1.010000	0.610000
	0.050000	0.270000	0.590000
	0.090000	0.520000	0.590000
	0.070000	0.150000	0.52899**
	0.070000	0.140000	0.52899**
	0.050000	0.150000	0.580000
	0.060000	0.190000	0.610000
	0.040000	0.270000	1.250000
	0.050000	0.070000	0.880000
	0.050000	0.210000	0.580000
	0.050000	0.160000	0.580000
	0.050000	0.14159**	0.600000
	0.060000	0.210000	0.650000
	0.050000	0.220000	0.630000
	0.060000	0.080000	0.600000
	1.740000	0.330000	0.640000
	0.050000	0.150000	0.680000
	0.050000	0.170000	0.630000
	0.110000	0.490000	0.570000
	0.110000	0.560000	0.83126**
	0.060000	0.16991**	0.45342**
	0.050000	0.380000	0.680000
	0.060000	0.360000	0.650000
	0.050000	0.190000	0.37785**
	0.140000	0.190000	1.05797**
	0.050000	0.080000	0.660000
	0.060000	0.280000	0.650000
	0.050000	0.430000	0.610000
	0.060000	0.400000	0.640000
	0.050000	0.14159**	0.690000
	----		----		----		----
	5.090940	11.923087	35.171913


	C		CPP		JAVA		PYTHON
	-		---		----		------
	5480.000000	15864.000000	28652.000000	0.000000
	5488.000000	6556.000000	28648.000000	0.000000
	8056.000000	23496.000000	0.000000	0.000000
	8172.000000	23632.000000	0.000000	0.000000
	6092.000000	7024.000000	29884.000000	0.000000
	6484.000000	7080.000000	30044.000000	0.000000
	5904.000000	14500.000000	29760.000000	0.000000
	6772.000000	14452.000000	29752.000000	0.000000
	0.000000	15868.000000	0.000000	0.000000
	6556.000000	15872.000000	0.000000	0.000000
	6556.000000	7428.000000	34816.000000	0.000000
	5672.000000	7428.000000	34828.000000	0.000000
	5608.000000	6492.000000	28712.000000	0.000000
	5468.000000	16924.000000	28656.000000	0.000000
	5448.000000	7044.000000	29820.000000	0.000000
	8236.000000	15840.000000	29808.000000	0.000000
	7276.000000	15064.000000	31628.000000	0.000000
	5640.000000	18404.000000	31588.000000	0.000000
	6012.000000	6492.000000	28652.000000	0.000000
	6144.000000	6492.000000	32540.000000	0.000000
	6208.000000	7272.000000	29920.000000	0.000000
	5512.000000	7332.000000	30180.000000	0.000000
	5880.000000	6488.000000	33468.000000	0.000000
	6160.000000	6496.000000	33464.000000	0.000000
	5548.000000	16084.000000	28616.000000	0.000000
	5400.000000	34712.000000	32816.000000	0.000000
	5496.000000	20072.000000	28680.000000	0.000000
	6096.000000	34688.000000	28656.000000	0.000000
	6168.000000	10444.000000	0.000000	0.000000
	5596.000000	10444.000000	0.000000	0.000000
	5684.000000	10536.000000	29808.000000	0.000000
	5704.000000	17276.000000	32884.000000	0.000000
	5780.000000	21976.000000	29912.000000	0.000000
	5440.000000	6720.000000	29916.000000	0.000000
	5456.000000	15776.000000	28592.000000	0.000000
	5532.000000	14436.000000	30060.000000	0.000000
	5792.000000	0.000000	28656.000000	0.000000
	5556.000000	15956.000000	29972.000000	0.000000
	5556.000000	15956.000000	31492.000000	0.000000
	6320.000000	7052.000000	28660.000000	0.000000
	198628.000000	17680.000000	32984.000000	0.000000
	5592.000000	14436.000000	30404.000000	0.000000
	5592.000000	14436.000000	28740.000000	0.000000
	9176.000000	23244.000000	28696.000000	0.000000
	9176.000000	25480.000000	0.000000	0.000000
	5556.000000	0.000000	0.000000	0.000000
	5892.000000	24588.000000	33468.000000	0.000000
	5808.000000	24588.000000	30476.000000	0.000000
	5812.000000	12172.000000	0.000000	0.000000
	5928.000000	12172.000000	0.000000	0.000000
	5932.000000	6552.000000	31780.000000	0.000000
	6520.000000	20756.000000	33180.000000	0.000000
	5532.000000	23380.000000	29728.000000	0.000000
	6096.000000	23384.000000	30136.000000	0.000000
	6092.000000	0.000000	32800.000000	0.000000
	----		----		----		----
	523280.000000	774536.000000	1375932.000000	0.000000
	----		----		----		----
	1.000000	1.531188	2.976533
	-		---		------		------
	C		CPP		JAVA		PYTHON
	-		---		----		------
	5480.000000	15864.000000	28652.000000
	5488.000000	6556.000000	28648.000000
	8056.000000	23496.000000	23978.94727*
	8172.000000	23632.000000	24324.22461*
	6092.000000	7024.000000	29884.000000
	6484.000000	7080.000000	30044.000000
	5904.000000	14500.000000	29760.000000
	6772.000000	14452.000000	29752.000000
	10363.19629*	15868.000000	30846.39453*
	6556.000000	15872.000000	19514.14844*
	6556.000000	7428.000000	34816.000000
	5672.000000	7428.000000	34828.000000
	5608.000000	6492.000000	28712.000000
	5468.000000	16924.000000	28656.000000
	5448.000000	7044.000000	29820.000000
	8236.000000	15840.000000	29808.000000
	7276.000000	15064.000000	31628.000000
	5640.000000	18404.000000	31588.000000
	6012.000000	6492.000000	28652.000000
	6144.000000	6492.000000	32540.000000
	6208.000000	7272.000000	29920.000000
	5512.000000	7332.000000	30180.000000
	5880.000000	6488.000000	33468.000000
	6160.000000	6496.000000	33464.000000
	5548.000000	16084.000000	28616.000000
	5400.000000	34712.000000	32816.000000
	5496.000000	20072.000000	28680.000000
	6096.000000	34688.000000	28656.000000
	6168.000000	10444.000000	18359.25391*
	5596.000000	10444.000000	16656.67773*
	5684.000000	10536.000000	29808.000000
	5704.000000	17276.000000	32884.000000
	5780.000000	21976.000000	29912.000000
	5440.000000	6720.000000	29916.000000
	5456.000000	15776.000000	28592.000000
	5532.000000	14436.000000	30060.000000
	5792.000000	8868.63965*	28656.000000
	5556.000000	15956.000000	29972.000000
	5556.000000	15956.000000	31492.000000
	6320.000000	7052.000000	28660.000000
	198628.000000	17680.000000	32984.000000
	5592.000000	14436.000000	30404.000000
	5592.000000	14436.000000	28740.000000
	9176.000000	23244.000000	28696.000000
	9176.000000	25480.000000	27312.66406*
	5556.000000	8507.27930*	16537.61523*
	5892.000000	24588.000000	33468.000000
	5808.000000	24588.000000	30476.000000
	5812.000000	12172.000000	17299.60742*
	5928.000000	12172.000000	17644.88672*
	5932.000000	6552.000000	31780.000000
	6520.000000	20756.000000	33180.000000
	5532.000000	23380.000000	29728.000000
	6096.000000	23384.000000	30136.000000
	6092.000000	9327.99609*	32800.000000
	----		----		----		----
	533643.187500	801239.875000	1588406.500000
	-		---		----		------
	5480.000000	15864.000000	28652.000000
	5488.000000	6556.000000	28648.000000
	8056.000000	23496.000000	26616.63086**
	8172.000000	23632.000000	26999.88867**
	6092.000000	7024.000000	29884.000000
	6484.000000	7080.000000	30044.000000
	5904.000000	14500.000000	29760.000000
	6772.000000	14452.000000	29752.000000
	12435.83594**	15868.000000	34239.49609**
	6556.000000	15872.000000	21660.70508**
	6556.000000	7428.000000	34816.000000
	5672.000000	7428.000000	34828.000000
	5608.000000	6492.000000	28712.000000
	5468.000000	16924.000000	28656.000000
	5448.000000	7044.000000	29820.000000
	8236.000000	15840.000000	29808.000000
	7276.000000	15064.000000	31628.000000
	5640.000000	18404.000000	31588.000000
	6012.000000	6492.000000	28652.000000
	6144.000000	6492.000000	32540.000000
	6208.000000	7272.000000	29920.000000
	5512.000000	7332.000000	30180.000000
	5880.000000	6488.000000	33468.000000
	6160.000000	6496.000000	33464.000000
	5548.000000	16084.000000	28616.000000
	5400.000000	34712.000000	32816.000000
	5496.000000	20072.000000	28680.000000
	6096.000000	34688.000000	28656.000000
	6168.000000	10444.000000	20378.77148**
	5596.000000	10444.000000	18488.91211**
	5684.000000	10536.000000	29808.000000
	5704.000000	17276.000000	32884.000000
	5780.000000	21976.000000	29912.000000
	5440.000000	6720.000000	29916.000000
	5456.000000	15776.000000	28592.000000
	5532.000000	14436.000000	30060.000000
	5792.000000	10553.68164**	28656.000000
	5556.000000	15956.000000	29972.000000
	5556.000000	15956.000000	31492.000000
	6320.000000	7052.000000	28660.000000
	198628.000000	17680.000000	32984.000000
	5592.000000	14436.000000	30404.000000
	5592.000000	14436.000000	28740.000000
	9176.000000	23244.000000	28696.000000
	9176.000000	25480.000000	30317.05664**
	5556.000000	10123.66211**	18356.75195**
	5892.000000	24588.000000	33468.000000
	5808.000000	24588.000000	30476.000000
	5812.000000	12172.000000	19202.56445**
	5928.000000	12172.000000	19585.82422**
	5932.000000	6552.000000	31780.000000
	6520.000000	20756.000000	33180.000000
	5532.000000	23380.000000	29728.000000
	6096.000000	23384.000000	30136.000000
	6092.000000	11100.31543**	32800.000000
	----		----		----		----
	535715.875000	806313.687500	1611778.750000


	C		CPP		JAVA		PYTHON
	-		---		----		------
	0.032000	0.099000	0.150000	1.400000
	0.028000	0.034000	0.140000	0.400000
	0.010000	0.133000	0.000000	0.000000
	0.013000	0.001000	0.000000	0.000000
	0.001000	0.001000	0.110000	0.070000
	0.001000	0.002000	0.120000	0.070000
	0.013000	0.006000	0.250000	0.640000
	0.005000	0.006000	0.240000	0.620000
	0.000000	0.004000	0.000000	0.000000
	0.002000	0.005000	0.000000	0.000000
	0.001000	0.001000	0.490000	0.000000
	0.026000	0.003000	0.490000	0.000000
	0.000100	0.013000	0.130000	0.130000
	0.001000	0.002000	0.140000	0.070000
	0.000100	0.004000	0.130000	0.080000
	0.001000	0.002000	0.120000	0.080000
	0.000100	0.000100	0.100000	0.180000
	0.036000	0.001000	0.110000	0.150000
	0.003000	0.009000	0.130000	0.090000
	0.001000	0.007000	0.150000	0.060000
	0.000100	0.000100	0.110000	0.030000
	0.015000	0.000100	0.100000	0.020000
	0.011000	0.009000	0.200000	0.000000
	0.019000	0.009000	0.210000	0.000000
	0.011000	0.017000	0.200000	0.690000
	0.000100	0.016000	0.200000	0.290000
	0.000100	0.003000	0.100000	0.030000
	0.001000	0.002000	0.100000	0.030000
	0.000100	0.003000	0.000000	0.000000
	3.528000	0.004000	0.000000	0.000000
	0.732000	6.448000	0.780000	0.000000
	0.001000	6.460000	3.210000	0.000000
	0.000100	0.001000	0.210000	0.000000
	0.346000	0.001000	0.110000	0.000000
	2.483000	4.372000	8.290000	3.320000
	0.001000	4.364000	12.120000	2.940000
	0.000100	0.000000	0.130000	0.040000
	0.011000	0.002000	0.120000	0.030000
	0.005000	0.002000	0.120000	0.150000
	0.202000	0.183000	0.140000	0.030000
	0.036000	0.053000	0.720000	12.890000
	0.003000	0.001000	0.880000	5.290000
	0.003000	0.003000	0.100000	0.040000
	0.026000	0.027000	0.130000	0.030000
	0.027000	0.025000	0.000000	0.000000
	0.014000	0.000000	0.000000	0.000000
	0.001000	0.319000	0.130000	0.090000
	1.860000	0.316000	0.130000	0.090000
	1.860000	0.713000	0.000000	0.000000
	0.459000	0.713000	0.000000	0.000000
	0.458000	0.001000	0.740000	0.000000
	0.003000	0.002000	0.830000	0.000000
	0.001000	0.029000	0.100000	0.030000
	0.021000	0.025000	0.130000	0.030000
	0.019000	0.000000	0.140000	0.000000
	----		----		----		----
	12.331900	24.456301	33.479996	30.130003
	----		----		----		----
	1.000000	1.988511	5.215928	6.273556
	-		---		------		------
	C		CPP		JAVA		PYTHON
	-		---		----		------
	0.032000	0.099000	0.150000	1.400000
	0.028000	0.034000	0.140000	0.400000
	0.010000	0.133000	0.05216*	0.06274*
	0.013000	0.001000	0.06781*	0.08156*
	0.001000	0.001000	0.110000	0.070000
	0.001000	0.002000	0.120000	0.070000
	0.013000	0.006000	0.250000	0.640000
	0.005000	0.006000	0.240000	0.620000
	0.00201*	0.004000	0.01049*	0.01262*
	0.002000	0.005000	0.01043*	0.01255*
	0.001000	0.001000	0.490000	0.00627*
	0.026000	0.003000	0.490000	0.16311*
	0.000100	0.013000	0.130000	0.130000
	0.001000	0.002000	0.140000	0.070000
	0.000100	0.004000	0.130000	0.080000
	0.001000	0.002000	0.120000	0.080000
	0.000100	0.000100	0.100000	0.180000
	0.036000	0.001000	0.110000	0.150000
	0.003000	0.009000	0.130000	0.090000
	0.001000	0.007000	0.150000	0.060000
	0.000100	0.000100	0.110000	0.030000
	0.015000	0.000100	0.100000	0.020000
	0.011000	0.009000	0.200000	0.06901*
	0.019000	0.009000	0.210000	0.11920*
	0.011000	0.017000	0.200000	0.690000
	0.000100	0.016000	0.200000	0.290000
	0.000100	0.003000	0.100000	0.030000
	0.001000	0.002000	0.100000	0.030000
	0.000100	0.003000	0.00052*	0.00063*
	3.528000	0.004000	18.40179*	22.13311*
	0.732000	6.448000	0.780000	4.59224*
	0.001000	6.460000	3.210000	0.00627*
	0.000100	0.001000	0.210000	0.00063*
	0.346000	0.001000	0.110000	2.17065*
	2.483000	4.372000	8.290000	3.320000
	0.001000	4.364000	12.120000	2.940000
	0.000100	0.00020*	0.130000	0.040000
	0.011000	0.002000	0.120000	0.030000
	0.005000	0.002000	0.120000	0.150000
	0.202000	0.183000	0.140000	0.030000
	0.036000	0.053000	0.720000	12.890000
	0.003000	0.001000	0.880000	5.290000
	0.003000	0.003000	0.100000	0.040000
	0.026000	0.027000	0.130000	0.030000
	0.027000	0.025000	0.14083*	0.16939*
	0.014000	0.02784*	0.07302*	0.08783*
	0.001000	0.319000	0.130000	0.090000
	1.860000	0.316000	0.130000	0.090000
	1.860000	0.713000	9.70163*	11.66881*
	0.459000	0.713000	2.39411*	2.87956*
	0.458000	0.001000	0.740000	2.87329*
	0.003000	0.002000	0.830000	0.01882*
	0.001000	0.029000	0.100000	0.030000
	0.021000	0.025000	0.130000	0.030000
	0.019000	0.03778*	0.140000	0.11920*
	----		----		----		----
	12.333911	24.522120	64.332802	77.377472
	-		---		----		------
	0.032000	0.099000	0.150000	1.400000
	0.028000	0.034000	0.140000	0.400000
	0.010000	0.133000	0.05790**	0.07277**
	0.013000	0.001000	0.07527**	0.09461**
	0.001000	0.001000	0.110000	0.070000
	0.001000	0.002000	0.120000	0.070000
	0.013000	0.006000	0.250000	0.640000
	0.005000	0.006000	0.240000	0.620000
	0.00241**	0.004000	0.01165**	0.01464**
	0.002000	0.005000	0.01158**	0.01455**
	0.001000	0.001000	0.490000	0.00728**
	0.026000	0.003000	0.490000	0.18921**
	0.000100	0.013000	0.130000	0.130000
	0.001000	0.002000	0.140000	0.070000
	0.000100	0.004000	0.130000	0.080000
	0.001000	0.002000	0.120000	0.080000
	0.000100	0.000100	0.100000	0.180000
	0.036000	0.001000	0.110000	0.150000
	0.003000	0.009000	0.130000	0.090000
	0.001000	0.007000	0.150000	0.060000
	0.000100	0.000100	0.110000	0.030000
	0.015000	0.000100	0.100000	0.020000
	0.011000	0.009000	0.200000	0.08005**
	0.019000	0.009000	0.210000	0.13827**
	0.011000	0.017000	0.200000	0.690000
	0.000100	0.016000	0.200000	0.290000
	0.000100	0.003000	0.100000	0.030000
	0.001000	0.002000	0.100000	0.030000
	0.000100	0.003000	0.00058**	0.00073**
	3.528000	0.004000	20.42599**	25.67440**
	0.732000	6.448000	0.780000	5.32700**
	0.001000	6.460000	3.210000	0.00728**
	0.000100	0.001000	0.210000	0.00073**
	0.346000	0.001000	0.110000	2.51795**
	2.483000	4.372000	8.290000	3.320000
	0.001000	4.364000	12.120000	2.940000
	0.000100	0.00024**	0.130000	0.040000
	0.011000	0.002000	0.120000	0.030000
	0.005000	0.002000	0.120000	0.150000
	0.202000	0.183000	0.140000	0.030000
	0.036000	0.053000	0.720000	12.890000
	0.003000	0.001000	0.880000	5.290000
	0.003000	0.003000	0.100000	0.040000
	0.026000	0.027000	0.130000	0.030000
	0.027000	0.025000	0.15632**	0.19649**
	0.014000	0.03313**	0.08106**	0.10188**
	0.001000	0.319000	0.130000	0.090000
	1.860000	0.316000	0.130000	0.090000
	1.860000	0.713000	10.76880**	13.53582**
	0.459000	0.713000	2.65746**	3.34029**
	0.458000	0.001000	0.740000	3.33301**
	0.003000	0.002000	0.830000	0.02183**
	0.001000	0.029000	0.100000	0.030000
	0.021000	0.025000	0.130000	0.030000
	0.019000	0.04496**	0.140000	0.13827**
	----		----		----		----
	12.334313	24.534626	67.726601	84.937080


	C		CPP		JAVA		PYTHON
	-		---		----		------
	400.000000	988.000000	13776.000000	5008.000000
	400.000000	768.000000	13784.000000	4988.000000
	2000.000000	5828.000000	0.000000	0.000000
	2004.000000	956.000000	0.000000	0.000000
	408.000000	808.000000	11836.000000	4512.000000
	412.000000	808.000000	11876.000000	4516.000000
	444.000000	372.000000	22372.000000	4500.000000
	372.000000	376.000000	22356.000000	4492.000000
	0.000000	912.000000	0.000000	0.000000
	500.000000	904.000000	0.000000	0.000000
	496.000000	868.000000	14328.000000	0.000000
	444.000000	864.000000	14336.000000	0.000000
	444.000000	816.000000	13876.000000	4508.000000
	436.000000	956.000000	13832.000000	4944.000000
	444.000000	832.000000	13892.000000	4532.000000
	472.000000	932.000000	12076.000000	4532.000000
	464.000000	464.000000	11796.000000	8764.000000
	448.000000	972.000000	11748.000000	8768.000000
	464.000000	824.000000	14788.000000	4528.000000
	484.000000	824.000000	14272.000000	4516.000000
	452.000000	452.000000	12064.000000	4580.000000
	444.000000	444.000000	12068.000000	4580.000000
	480.000000	824.000000	17380.000000	0.000000
	412.000000	812.000000	17344.000000	0.000000
	412.000000	912.000000	18076.000000	5064.000000
	408.000000	920.000000	22156.000000	4520.000000
	368.000000	912.000000	11832.000000	4516.000000
	488.000000	876.000000	11788.000000	4512.000000
	460.000000	1276.000000	0.000000	0.000000
	448.000000	1276.000000	0.000000	0.000000
	456.000000	848.000000	26348.000000	0.000000
	2044.000000	840.000000	16636.000000	0.000000
	440.000000	440.000000	11792.000000	0.000000
	412.000000	808.000000	11812.000000	0.000000
	404.000000	928.000000	27944.000000	4500.000000
	404.000000	924.000000	213036.000000	4528.000000
	448.000000	0.000000	12668.000000	4528.000000
	464.000000	968.000000	13568.000000	4508.000000
	444.000000	968.000000	12088.000000	4548.000000
	552.000000	936.000000	13812.000000	4552.000000
	5348.000000	5868.000000	30148.000000	8476.000000
	408.000000	404.000000	30652.000000	6604.000000
	408.000000	412.000000	13464.000000	4548.000000
	2244.000000	1352.000000	12764.000000	4516.000000
	2244.000000	2464.000000	0.000000	0.000000
	488.000000	0.000000	0.000000	0.000000
	436.000000	4748.000000	14756.000000	4564.000000
	5392.000000	4756.000000	14748.000000	4568.000000
	5396.000000	4760.000000	0.000000	0.000000
	4456.000000	4756.000000	0.000000	0.000000
	4452.000000	820.000000	20872.000000	0.000000
	464.000000	952.000000	24180.000000	0.000000
	460.000000	8828.000000	11920.000000	4516.000000
	7340.000000	8832.000000	14660.000000	4516.000000
	7332.000000	0.000000	21636.000000	0.000000
	----		----		----		----
	68844.000000	86388.000000	923156.000000	170352.000000
	----		----		----		----
	1.000000	1.426109	18.155209	5.097917
	-		---		------		------
	C		CPP		JAVA		PYTHON
	-		---		----		------
	400.000000	988.000000	13776.000000	5008.000000
	400.000000	768.000000	13784.000000	4988.000000
	2000.000000	5828.000000	36310.41797*	10195.83398*
	2004.000000	956.000000	36383.03906*	10216.22559*
	408.000000	808.000000	11836.000000	4512.000000
	412.000000	808.000000	11876.000000	4516.000000
	444.000000	372.000000	22372.000000	4500.000000
	372.000000	376.000000	22356.000000	4492.000000
	639.50220*	912.000000	11610.29492*	3260.12915*
	500.000000	904.000000	9077.60449*	2548.95850*
	496.000000	868.000000	14328.000000	2528.56689*
	444.000000	864.000000	14336.000000	2263.47510*
	444.000000	816.000000	13876.000000	4508.000000
	436.000000	956.000000	13832.000000	4944.000000
	444.000000	832.000000	13892.000000	4532.000000
	472.000000	932.000000	12076.000000	4532.000000
	464.000000	464.000000	11796.000000	8764.000000
	448.000000	972.000000	11748.000000	8768.000000
	464.000000	824.000000	14788.000000	4528.000000
	484.000000	824.000000	14272.000000	4516.000000
	452.000000	452.000000	12064.000000	4580.000000
	444.000000	444.000000	12068.000000	4580.000000
	480.000000	824.000000	17380.000000	2447.00024*
	412.000000	812.000000	17344.000000	2100.34180*
	412.000000	912.000000	18076.000000	5064.000000
	408.000000	920.000000	22156.000000	4520.000000
	368.000000	912.000000	11832.000000	4516.000000
	488.000000	876.000000	11788.000000	4512.000000
	460.000000	1276.000000	8351.39551*	2345.04175*
	448.000000	1276.000000	8133.53320*	2283.86694*
	456.000000	848.000000	26348.000000	2324.65015*
	2044.000000	840.000000	16636.000000	10420.14258*
	440.000000	440.000000	11792.000000	2243.08350*
	412.000000	808.000000	11812.000000	2100.34180*
	404.000000	928.000000	27944.000000	4500.000000
	404.000000	924.000000	213036.000000	4528.000000
	448.000000	638.89697*	12668.000000	4528.000000
	464.000000	968.000000	13568.000000	4508.000000
	444.000000	968.000000	12088.000000	4548.000000
	552.000000	936.000000	13812.000000	4552.000000
	5348.000000	5868.000000	30148.000000	8476.000000
	408.000000	404.000000	30652.000000	6604.000000
	408.000000	412.000000	13464.000000	4548.000000
	2244.000000	1352.000000	12764.000000	4516.000000
	2244.000000	2464.000000	40740.28906*	11439.72559*
	488.000000	695.94135*	8859.74219*	2487.78345*
	436.000000	4748.000000	14756.000000	4564.000000
	5392.000000	4756.000000	14748.000000	4568.000000
	5396.000000	4760.000000	97965.50781*	27508.36133*
	4456.000000	4756.000000	80899.60938*	22716.31836*
	4452.000000	820.000000	20872.000000	22695.92773*
	464.000000	952.000000	24180.000000	2365.43359*
	460.000000	8828.000000	11920.000000	4516.000000
	7340.000000	8832.000000	14660.000000	4516.000000
	7332.000000	10456.23340*	21636.000000	37377.92969*
	----		----		----		----
	69483.500000	98179.078125	1261487.500000	354221.156250
	-		---		----		------
	400.000000	988.000000	13776.000000	5008.000000
	400.000000	768.000000	13784.000000	4988.000000
	2000.000000	5828.000000	40304.56250**	11827.16699**
	2004.000000	956.000000	40385.17188**	11850.82129**
	408.000000	808.000000	11836.000000	4512.000000
	412.000000	808.000000	11876.000000	4516.000000
	444.000000	372.000000	22372.000000	4500.000000
	372.000000	376.000000	22356.000000	4492.000000
	767.40265**	912.000000	12887.42773**	3781.74976**
	500.000000	904.000000	10076.14062**	2956.79175**
	496.000000	868.000000	14328.000000	2933.13770**
	444.000000	864.000000	14336.000000	2625.63110**
	444.000000	816.000000	13876.000000	4508.000000
	436.000000	956.000000	13832.000000	4944.000000
	444.000000	832.000000	13892.000000	4532.000000
	472.000000	932.000000	12076.000000	4532.000000
	464.000000	464.000000	11796.000000	8764.000000
	448.000000	972.000000	11748.000000	8768.000000
	464.000000	824.000000	14788.000000	4528.000000
	484.000000	824.000000	14272.000000	4516.000000
	452.000000	452.000000	12064.000000	4580.000000
	444.000000	444.000000	12068.000000	4580.000000
	480.000000	824.000000	17380.000000	2838.52026**
	412.000000	812.000000	17344.000000	2436.39648**
	412.000000	912.000000	18076.000000	5064.000000
	408.000000	920.000000	22156.000000	4520.000000
	368.000000	912.000000	11832.000000	4516.000000
	488.000000	876.000000	11788.000000	4512.000000
	460.000000	1276.000000	9270.04883**	2720.24854**
	448.000000	1276.000000	9028.22168**	2649.28564**
	456.000000	848.000000	26348.000000	2696.59424**
	2044.000000	840.000000	16636.000000	12087.36523**
	440.000000	440.000000	11792.000000	2601.97681**
	412.000000	808.000000	11812.000000	2436.39648**
	404.000000	928.000000	27944.000000	4500.000000
	404.000000	924.000000	213036.000000	4528.000000
	448.000000	760.28741**	12668.000000	4528.000000
	464.000000	968.000000	13568.000000	4508.000000
	444.000000	968.000000	12088.000000	4548.000000
	552.000000	936.000000	13812.000000	4552.000000
	5348.000000	5868.000000	30148.000000	8476.000000
	408.000000	404.000000	30652.000000	6604.000000
	408.000000	412.000000	13464.000000	4548.000000
	2244.000000	1352.000000	12764.000000	4516.000000
	2244.000000	2464.000000	45221.72266**	13270.08203**
	488.000000	828.17023**	9834.31348**	2885.82886**
	436.000000	4748.000000	14756.000000	4564.000000
	5392.000000	4756.000000	14748.000000	4568.000000
	5396.000000	4760.000000	108741.71094**	31909.69922**
	4456.000000	4756.000000	89798.57031**	26350.92969**
	4452.000000	820.000000	20872.000000	26327.27539**
	464.000000	952.000000	24180.000000	2743.90308**
	460.000000	8828.000000	11920.000000	4516.000000
	7340.000000	8832.000000	14660.000000	4516.000000
	7332.000000	12442.91797**	21636.000000	43358.39844**
	----		----		----		----
	69611.406250	100419.375000	1298704.000000	383640.218750



	C		CPP		JAVA		PYTHON
	-		---		----		------
	0.070000	0.090000	0.000000	0.000000
	0.060000	0.100000	0.000000	0.000000
	0.060000	0.080000	0.610000	0.000000
	0.060000	0.220000	0.640000	0.000000
	0.060000	0.100000	0.000000	0.000000
	0.070000	0.090000	0.000000	0.000000
	0.060000	0.150000	0.630000	0.000000
	0.060000	0.350000	0.620000	0.000000
	0.050000	0.090000	0.630000	0.000000
	0.070000	0.210000	0.660000	0.000000
	0.040000	0.220000	0.600000	0.000000
	0.050000	0.240000	0.620000	0.000000
	0.060000	0.190000	0.630000	0.000000
	0.060000	0.190000	0.630000	0.000000
	----		----		----		----
	0.830000	2.320000	6.270000	0.000000
	----		----		----		----
	1.000000	2.795181	11.000000
	-		---		------		------
	C		CPP		JAVA		PYTHON
	-		---		----		------
	0.070000	0.090000	0.77000*
	0.060000	0.100000	0.66000*
	0.060000	0.080000	0.610000
	0.060000	0.220000	0.640000
	0.060000	0.100000	0.66000*
	0.070000	0.090000	0.77000*
	0.060000	0.150000	0.630000
	0.060000	0.350000	0.620000
	0.050000	0.090000	0.630000
	0.070000	0.210000	0.660000
	0.040000	0.220000	0.600000
	0.050000	0.240000	0.620000
	0.060000	0.190000	0.630000
	0.060000	0.190000	0.630000
	----		----		----		----
	0.830000	2.320000	9.129999
	-		---		----		------
	0.070000	0.090000	0.85470**
	0.060000	0.100000	0.73260**
	0.060000	0.080000	0.610000
	0.060000	0.220000	0.640000
	0.060000	0.100000	0.73260**
	0.070000	0.090000	0.85470**
	0.060000	0.150000	0.630000
	0.060000	0.350000	0.620000
	0.050000	0.090000	0.630000
	0.070000	0.210000	0.660000
	0.040000	0.220000	0.600000
	0.050000	0.240000	0.620000
	0.060000	0.190000	0.630000
	0.060000	0.190000	0.630000
	----		----		----		----
	0.830000	2.320000	9.444600


	C		CPP		JAVA		PYTHON
	-		---		----		------
	5928.000000	6728.000000	0.000000	0.000000
	5924.000000	6728.000000	0.000000	0.000000
	5784.000000	6496.000000	29724.000000	0.000000
	6060.000000	15820.000000	29716.000000	0.000000
	6556.000000	7428.000000	0.000000	0.000000
	6560.000000	7432.000000	0.000000	0.000000
	6100.000000	10640.000000	31560.000000	0.000000
	5604.000000	22580.000000	28668.000000	0.000000
	6584.000000	7300.000000	29872.000000	0.000000
	6712.000000	14036.000000	30152.000000	0.000000
	5500.000000	15648.000000	28616.000000	0.000000
	5388.000000	15824.000000	30152.000000	0.000000
	5640.000000	17440.000000	29716.000000	0.000000
	5640.000000	17440.000000	29764.000000	0.000000
	----		----		----		----
	83980.000000	171540.000000	297940.000000	0.000000
	----		----		----		----
	1.000000	2.042629	5.048804
	-		---		------		------
	C		CPP		JAVA		PYTHON
	-		---		----		------
	5928.000000	6728.000000	29929.30859*
	5924.000000	6728.000000	29909.11328*
	5784.000000	6496.000000	29724.000000
	6060.000000	15820.000000	29716.000000
	6556.000000	7428.000000	33099.95703*
	6560.000000	7432.000000	33120.15234*
	6100.000000	10640.000000	31560.000000
	5604.000000	22580.000000	28668.000000
	6584.000000	7300.000000	29872.000000
	6712.000000	14036.000000	30152.000000
	5500.000000	15648.000000	28616.000000
	5388.000000	15824.000000	30152.000000
	5640.000000	17440.000000	29716.000000
	5640.000000	17440.000000	29764.000000
	----		----		----		----
	83980.000000	171540.000000	423998.531250
	-		---		----		------
	5928.000000	6728.000000	33221.53125**
	5924.000000	6728.000000	33199.11719**
	5784.000000	6496.000000	29724.000000
	6060.000000	15820.000000	29716.000000
	6556.000000	7428.000000	36740.95312**
	6560.000000	7432.000000	36763.36719**
	6100.000000	10640.000000	31560.000000
	5604.000000	22580.000000	28668.000000
	6584.000000	7300.000000	29872.000000
	6712.000000	14036.000000	30152.000000
	5500.000000	15648.000000	28616.000000
	5388.000000	15824.000000	30152.000000
	5640.000000	17440.000000	29716.000000
	5640.000000	17440.000000	29764.000000
	----		----		----		----
	83980.000000	171540.000000	437864.968750


	C		CPP		JAVA		PYTHON
	-		---		----		------
	0.154000	0.189000	0.000000	0.000000
	0.156000	0.195000	0.000000	0.000000
	0.001000	0.001000	0.110000	0.030000
	0.000100	0.001000	0.110000	0.020000
	0.002000	0.001000	0.000000	0.000000
	0.001000	0.002000	0.000000	0.000000
	0.306000	0.353000	0.170000	0.240000
	0.003000	0.004000	0.190000	0.140000
	0.018000	0.061000	0.170000	0.320000
	0.016000	0.033000	1.140000	0.650000
	0.001000	0.001000	0.100000	0.070000
	0.000100	0.002000	0.120000	0.060000
	0.049000	0.042000	10.050000	0.000000
	0.042000	0.037000	10.410000	0.000000
	----		----		----		----
	0.749200	0.922000	22.570000	1.530000
	----		----		----		----
	1.000000	1.230646	51.742321	4.432213
	-		---		------		------
	C		CPP		JAVA		PYTHON
	-		---		----		------
	0.154000	0.189000	7.96832*	0.68256*
	0.156000	0.195000	8.07180*	0.69143*
	0.001000	0.001000	0.110000	0.030000
	0.000100	0.001000	0.110000	0.020000
	0.002000	0.001000	0.10348*	0.00886*
	0.001000	0.002000	0.05174*	0.00443*
	0.306000	0.353000	0.170000	0.240000
	0.003000	0.004000	0.190000	0.140000
	0.018000	0.061000	0.170000	0.320000
	0.016000	0.033000	1.140000	0.650000
	0.001000	0.001000	0.100000	0.070000
	0.000100	0.002000	0.120000	0.060000
	0.049000	0.042000	10.050000	0.21718*
	0.042000	0.037000	10.410000	0.18615*
	----		----		----		----
	0.749200	0.922000	38.765350	3.320614
	-		---		----		------
	0.154000	0.189000	8.84483**	0.79177**
	0.156000	0.195000	8.95970**	0.80205**
	0.001000	0.001000	0.110000	0.030000
	0.000100	0.001000	0.110000	0.020000
	0.002000	0.001000	0.11487**	0.01028**
	0.001000	0.002000	0.05743**	0.00514**
	0.306000	0.353000	0.170000	0.240000
	0.003000	0.004000	0.190000	0.140000
	0.018000	0.061000	0.170000	0.320000
	0.016000	0.033000	1.140000	0.650000
	0.001000	0.001000	0.100000	0.070000
	0.000100	0.002000	0.120000	0.060000
	0.049000	0.042000	10.050000	0.25193**
	0.042000	0.037000	10.410000	0.21594**
	----		----		----		----
	0.749200	0.922000	40.546837	3.607112


	C		CPP		JAVA		PYTHON
	-		---		----		------
	444.000000	816.000000	0.000000	0.000000
	440.000000	816.000000	0.000000	0.000000
	472.000000	768.000000	11784.000000	4500.000000
	460.000000	932.000000	11776.000000	4492.000000
	504.000000	868.000000	0.000000	0.000000
	500.000000	864.000000	0.000000	0.000000
	420.000000	792.000000	27788.000000	4524.000000
	404.000000	908.000000	26560.000000	4732.000000
	916.000000	1024.000000	16484.000000	6360.000000
	708.000000	836.000000	19496.000000	6364.000000
	440.000000	932.000000	11764.000000	4536.000000
	436.000000	948.000000	11772.000000	4540.000000
	424.000000	424.000000	522584.000000	0.000000
	428.000000	420.000000	529072.000000	0.000000
	----		----		----		----
	6996.000000	11348.000000	1189080.000000	40048.000000
	----		----		----		----
	1.000000	1.622070	232.787781	9.409775
	-		---		------		------
	C		CPP		JAVA		PYTHON
	-		---		----		------
	444.000000	816.000000	103357.77344*	4177.93994*
	440.000000	816.000000	102426.62500*	4140.30078*
	472.000000	768.000000	11784.000000	4500.000000
	460.000000	932.000000	11776.000000	4492.000000
	504.000000	868.000000	117325.03906*	4742.52637*
	500.000000	864.000000	116393.89062*	4704.88721*
	420.000000	792.000000	27788.000000	4524.000000
	404.000000	908.000000	26560.000000	4732.000000
	916.000000	1024.000000	16484.000000	6360.000000
	708.000000	836.000000	19496.000000	6364.000000
	440.000000	932.000000	11764.000000	4536.000000
	436.000000	948.000000	11772.000000	4540.000000
	424.000000	424.000000	522584.000000	3989.74463*
	428.000000	420.000000	529072.000000	4027.38354*
	----		----		----		----
	6996.000000	11348.000000	1628583.250000	65830.781250
	-		---		----		------
	444.000000	816.000000	114727.12500**	4846.41016**
	440.000000	816.000000	113693.55469**	4802.74902**
	472.000000	768.000000	11784.000000	4500.000000
	460.000000	932.000000	11776.000000	4492.000000
	504.000000	868.000000	130230.79688**	5501.33057**
	500.000000	864.000000	129197.21875**	5457.66895**
	420.000000	792.000000	27788.000000	4524.000000
	404.000000	908.000000	26560.000000	4732.000000
	916.000000	1024.000000	16484.000000	6360.000000
	708.000000	836.000000	19496.000000	6364.000000
	440.000000	932.000000	11764.000000	4536.000000
	436.000000	948.000000	11772.000000	4540.000000
	424.000000	424.000000	522584.000000	4628.10400**
	428.000000	420.000000	529072.000000	4671.76514**
	----		----		----		----
	6996.000000	11348.000000	1676928.750000	69956.031250



	C		CPP		JAVA		PYTHON
	-		---		----		------
	0.120000	0.080000	0.000000	0.000000
	0.120000	0.080000	0.000000	0.000000
	0.110000	0.380000	0.640000	0.000000
	0.120000	0.380000	0.650000	0.000000
	0.130000	0.080000	0.650000	0.000000
	0.080000	0.220000	0.640000	0.000000
	0.070000	0.220000	0.630000	0.000000
	0.050000	0.010000	0.640000	0.000000
	0.060000	0.260000	0.000000	0.000000
	0.050000	0.260000	0.000000	0.000000
	0.050000	0.090000	0.640000	0.000000
	0.060000	0.240000	0.630000	0.000000
	0.050000	0.420000	0.640000	0.000000
	0.060000	0.360000	0.630000	0.000000
	0.000000	0.230000	0.000000	0.000000
	0.080000	0.230000	0.000000	0.000000
	0.120000	0.110000	0.720000	0.000000
	0.110000	0.090000	0.760000	0.000000
	0.100000	0.220000	0.640000	0.000000
	0.100000	0.230000	0.620000	0.000000
	0.100000	0.080000	0.640000	0.000000
	0.200000	0.220000	0.780000	0.000000
	0.200000	0.170000	1.060000	0.000000
	0.110000	0.290000	0.830000	0.000000
	0.110000	0.280000	0.750000	0.000000
	0.120000	0.170000	0.630000	0.000000
	0.120000	0.310000	0.000000	0.000000
	0.120000	0.300000	0.000000	0.000000
	0.120000	0.140000	0.900000	0.000000
	0.100000	0.130000	0.870000	0.000000
	0.050000	0.190000	1.030000	0.000000
	0.050000	0.580000	0.870000	0.000000
	0.050000	0.080000	1.070000	0.000000
	0.050000	0.070000	0.680000	0.000000
	0.050000	0.300000	1.030000	0.000000
	0.040000	0.320000	0.860000	0.000000
	0.060000	0.230000	0.770000	0.000000
	0.060000	0.180000	0.950000	0.000000
	0.050000	0.180000	0.950000	0.000000
	0.060000	0.340000	0.990000	0.000000
	0.060000	0.240000	0.890000	0.000000
	0.060000	0.080000	1.140000	0.000000
	0.100000	0.160000	0.910000	0.000000
	0.050000	0.190000	1.040000	0.000000
	0.060000	0.270000	0.960000	0.000000
	0.050000	0.080000	0.930000	0.000000
	0.050000	0.220000	0.900000	0.000000
	0.050000	0.180000	0.940000	0.000000
	0.050000	0.230000	0.630000	0.000000
	0.070000	0.230000	0.610000	0.000000
	1.750000	0.120000	0.660000	0.000000
	0.070000	0.340000	0.670000	0.000000
	0.060000	0.020000	0.690000	0.000000
	0.070000	0.010000	0.640000	0.000000
	0.050000	0.220000	0.640000	0.000000
	0.060000	0.240000	0.610000	0.000000
	0.090000	0.090000	0.620000	0.000000
	0.050000	0.190000	0.650000	0.000000
	0.050000	0.210000	0.620000	0.000000
	0.060000	0.240000	0.610000	0.000000
	0.060000	0.080000	0.680000	0.000000
	0.060000	0.510000	0.650000	0.000000
	0.060000	0.170000	0.660000	0.000000
	0.040000	0.160000	0.630000	0.000000
	0.070000	0.030000	0.590000	0.000000
	0.050000	0.090000	0.710000	0.000000
	0.060000	0.090000	1.380000	0.000000
	0.080000	0.100000	1.310000	0.000000
	0.050000	0.300000	0.620000	0.000000
	0.060000	0.160000	0.620000	0.000000
	0.050000	0.400000	0.650000	0.000000
	----		----		----		----
	7.010000	14.400001	48.650005	0.000000
	----		----		----		----
	1.000000	2.054209	7.673502
	-		---		------		------
	C		CPP		JAVA		PYTHON
	-		---		----		------
	0.120000	0.080000	0.92082*
	0.120000	0.080000	0.92082*
	0.110000	0.380000	0.640000
	0.120000	0.380000	0.650000
	0.130000	0.080000	0.650000
	0.080000	0.220000	0.640000
	0.070000	0.220000	0.630000
	0.050000	0.010000	0.640000
	0.060000	0.260000	0.46041*
	0.050000	0.260000	0.38368*
	0.050000	0.090000	0.640000
	0.060000	0.240000	0.630000
	0.050000	0.420000	0.640000
	0.060000	0.360000	0.630000
	0.11197*	0.230000	0.85917*
	0.080000	0.230000	0.61388*
	0.120000	0.110000	0.720000
	0.110000	0.090000	0.760000
	0.100000	0.220000	0.640000
	0.100000	0.230000	0.620000
	0.100000	0.080000	0.640000
	0.200000	0.220000	0.780000
	0.200000	0.170000	1.060000
	0.110000	0.290000	0.830000
	0.110000	0.280000	0.750000
	0.120000	0.170000	0.630000
	0.120000	0.310000	0.92082*
	0.120000	0.300000	0.92082*
	0.120000	0.140000	0.900000
	0.100000	0.130000	0.870000
	0.050000	0.190000	1.030000
	0.050000	0.580000	0.870000
	0.050000	0.080000	1.070000
	0.050000	0.070000	0.680000
	0.050000	0.300000	1.030000
	0.040000	0.320000	0.860000
	0.060000	0.230000	0.770000
	0.060000	0.180000	0.950000
	0.050000	0.180000	0.950000
	0.060000	0.340000	0.990000
	0.060000	0.240000	0.890000
	0.060000	0.080000	1.140000
	0.100000	0.160000	0.910000
	0.050000	0.190000	1.040000
	0.060000	0.270000	0.960000
	0.050000	0.080000	0.930000
	0.050000	0.220000	0.900000
	0.050000	0.180000	0.940000
	0.050000	0.230000	0.630000
	0.070000	0.230000	0.610000
	1.750000	0.120000	0.660000
	0.070000	0.340000	0.670000
	0.060000	0.020000	0.690000
	0.070000	0.010000	0.640000
	0.050000	0.220000	0.640000
	0.060000	0.240000	0.610000
	0.090000	0.090000	0.620000
	0.050000	0.190000	0.650000
	0.050000	0.210000	0.620000
	0.060000	0.240000	0.610000
	0.060000	0.080000	0.680000
	0.060000	0.510000	0.650000
	0.060000	0.170000	0.660000
	0.040000	0.160000	0.630000
	0.070000	0.030000	0.590000
	0.050000	0.090000	0.710000
	0.060000	0.090000	1.380000
	0.080000	0.100000	1.310000
	0.050000	0.300000	0.620000
	0.060000	0.160000	0.620000
	0.050000	0.400000	0.650000
	----		----		----		----
	7.121965	14.400001	54.650417
	-		---		----		------
	0.120000	0.080000	1.02211**
	0.120000	0.080000	1.02211**
	0.110000	0.380000	0.640000
	0.120000	0.380000	0.650000
	0.130000	0.080000	0.650000
	0.080000	0.220000	0.640000
	0.070000	0.220000	0.630000
	0.050000	0.010000	0.640000
	0.060000	0.260000	0.51106**
	0.050000	0.260000	0.42588**
	0.050000	0.090000	0.640000
	0.060000	0.240000	0.630000
	0.050000	0.420000	0.640000
	0.060000	0.360000	0.630000
	0.13436**	0.230000	0.95367**
	0.080000	0.230000	0.68141**
	0.120000	0.110000	0.720000
	0.110000	0.090000	0.760000
	0.100000	0.220000	0.640000
	0.100000	0.230000	0.620000
	0.100000	0.080000	0.640000
	0.200000	0.220000	0.780000
	0.200000	0.170000	1.060000
	0.110000	0.290000	0.830000
	0.110000	0.280000	0.750000
	0.120000	0.170000	0.630000
	0.120000	0.310000	1.02211**
	0.120000	0.300000	1.02211**
	0.120000	0.140000	0.900000
	0.100000	0.130000	0.870000
	0.050000	0.190000	1.030000
	0.050000	0.580000	0.870000
	0.050000	0.080000	1.070000
	0.050000	0.070000	0.680000
	0.050000	0.300000	1.030000
	0.040000	0.320000	0.860000
	0.060000	0.230000	0.770000
	0.060000	0.180000	0.950000
	0.050000	0.180000	0.950000
	0.060000	0.340000	0.990000
	0.060000	0.240000	0.890000
	0.060000	0.080000	1.140000
	0.100000	0.160000	0.910000
	0.050000	0.190000	1.040000
	0.060000	0.270000	0.960000
	0.050000	0.080000	0.930000
	0.050000	0.220000	0.900000
	0.050000	0.180000	0.940000
	0.050000	0.230000	0.630000
	0.070000	0.230000	0.610000
	1.750000	0.120000	0.660000
	0.070000	0.340000	0.670000
	0.060000	0.020000	0.690000
	0.070000	0.010000	0.640000
	0.050000	0.220000	0.640000
	0.060000	0.240000	0.610000
	0.090000	0.090000	0.620000
	0.050000	0.190000	0.650000
	0.050000	0.210000	0.620000
	0.060000	0.240000	0.610000
	0.060000	0.080000	0.680000
	0.060000	0.510000	0.650000
	0.060000	0.170000	0.660000
	0.040000	0.160000	0.630000
	0.070000	0.030000	0.590000
	0.050000	0.090000	0.710000
	0.060000	0.090000	1.380000
	0.080000	0.100000	1.310000
	0.050000	0.300000	0.620000
	0.060000	0.160000	0.620000
	0.050000	0.400000	0.650000
	----		----		----		----
	7.144359	14.400001	55.310463


	C		CPP		JAVA		PYTHON
	-		---		----		------
	5932.000000	6716.000000	0.000000	0.000000
	5932.000000	6716.000000	0.000000	0.000000
	5676.000000	24600.000000	32700.000000	0.000000
	5924.000000	24592.000000	32820.000000	0.000000
	5784.000000	6496.000000	29708.000000	0.000000
	6056.000000	15820.000000	29820.000000	0.000000
	5572.000000	15884.000000	30116.000000	0.000000
	5740.000000	4512.000000	30104.000000	0.000000
	5908.000000	17856.000000	0.000000	0.000000
	5912.000000	17852.000000	0.000000	0.000000
	5556.000000	6496.000000	28740.000000	0.000000
	5936.000000	16000.000000	30548.000000	0.000000
	5728.000000	25916.000000	30216.000000	0.000000
	5804.000000	21948.000000	30016.000000	0.000000
	0.000000	15872.000000	0.000000	0.000000
	6556.000000	15868.000000	0.000000	0.000000
	6556.000000	7424.000000	34812.000000	0.000000
	5956.000000	7432.000000	34836.000000	0.000000
	5904.000000	16072.000000	30056.000000	0.000000
	5464.000000	16072.000000	29984.000000	0.000000
	5440.000000	7044.000000	29788.000000	0.000000
	8240.000000	15844.000000	29844.000000	0.000000
	7276.000000	15008.000000	31596.000000	0.000000
	5820.000000	18400.000000	31608.000000	0.000000
	5768.000000	19136.000000	30056.000000	0.000000
	6320.000000	14856.000000	30040.000000	0.000000
	6316.000000	16764.000000	0.000000	0.000000
	6256.000000	16760.000000	0.000000	0.000000
	6256.000000	11276.000000	30528.000000	0.000000
	5520.000000	11280.000000	30520.000000	0.000000
	5868.000000	11040.000000	29940.000000	0.000000
	5516.000000	27296.000000	30136.000000	0.000000
	5884.000000	6492.000000	33472.000000	0.000000
	5820.000000	6492.000000	33460.000000	0.000000
	5928.000000	20932.000000	32888.000000	0.000000
	5604.000000	20928.000000	32880.000000	0.000000
	5612.000000	16068.000000	28568.000000	0.000000
	6080.000000	16664.000000	28612.000000	0.000000
	5608.000000	10640.000000	31568.000000	0.000000
	5856.000000	22580.000000	28668.000000	0.000000
	5932.000000	16364.000000	29952.000000	0.000000
	5592.000000	6608.000000	29832.000000	0.000000
	5688.000000	10536.000000	29796.000000	0.000000
	5704.000000	17276.000000	32876.000000	0.000000
	5840.000000	21972.000000	29892.000000	0.000000
	5436.000000	6720.000000	29912.000000	0.000000
	5460.000000	15772.000000	28508.000000	0.000000
	5612.000000	14432.000000	29824.000000	0.000000
	5600.000000	15952.000000	31488.000000	0.000000
	6332.000000	15952.000000	28664.000000	0.000000
	198632.000000	7056.000000	33016.000000	0.000000
	6280.000000	17680.000000	30412.000000	0.000000
	5784.000000	4752.000000	33276.000000	0.000000
	5764.000000	4748.000000	32932.000000	0.000000
	5676.000000	15984.000000	32892.000000	0.000000
	6580.000000	16024.000000	28520.000000	0.000000
	6712.000000	7296.000000	29880.000000	0.000000
	5496.000000	14040.000000	30144.000000	0.000000
	5444.000000	15648.000000	28624.000000	0.000000
	5616.000000	15824.000000	30160.000000	0.000000
	6092.000000	6608.000000	33308.000000	0.000000
	5580.000000	27052.000000	29952.000000	0.000000
	5576.000000	14440.000000	28724.000000	0.000000
	5416.000000	14436.000000	28592.000000	0.000000
	5608.000000	6596.000000	29784.000000	0.000000
	5428.000000	7072.000000	30180.000000	0.000000
	5548.000000	6496.000000	31740.000000	0.000000
	5984.000000	7268.000000	28624.000000	0.000000
	5888.000000	19452.000000	28724.000000	0.000000
	6092.000000	14576.000000	32612.000000	0.000000
	6096.000000	23380.000000	32800.000000	0.000000
	----		----		----		----
	605372.000000	1003656.000000	1934288.000000	0.000000
	----		----		----		----
	1.000000	1.657916	3.438367
	-		---		------		------
	C		CPP		JAVA		PYTHON
	-		---		----		------
	5932.000000	6716.000000	20396.39453*
	5932.000000	6716.000000	20396.39453*
	5676.000000	24600.000000	32700.000000
	5924.000000	24592.000000	32820.000000
	5784.000000	6496.000000	29708.000000
	6056.000000	15820.000000	29820.000000
	5572.000000	15884.000000	30116.000000
	5740.000000	4512.000000	30104.000000
	5908.000000	17856.000000	20313.87500*
	5912.000000	17852.000000	20327.62695*
	5556.000000	6496.000000	28740.000000
	5936.000000	16000.000000	30548.000000
	5728.000000	25916.000000	30216.000000
	5804.000000	21948.000000	30016.000000
	9573.46387*	15872.000000	32917.08594*
	6556.000000	15868.000000	22541.93555*
	6556.000000	7424.000000	34812.000000
	5956.000000	7432.000000	34836.000000
	5904.000000	16072.000000	30056.000000
	5464.000000	16072.000000	29984.000000
	5440.000000	7044.000000	29788.000000
	8240.000000	15844.000000	29844.000000
	7276.000000	15008.000000	31596.000000
	5820.000000	18400.000000	31608.000000
	5768.000000	19136.000000	30056.000000
	6320.000000	14856.000000	30040.000000
	6316.000000	16764.000000	21716.72852*
	6256.000000	16760.000000	21510.42578*
	6256.000000	11276.000000	30528.000000
	5520.000000	11280.000000	30520.000000
	5868.000000	11040.000000	29940.000000
	5516.000000	27296.000000	30136.000000
	5884.000000	6492.000000	33472.000000
	5820.000000	6492.000000	33460.000000
	5928.000000	20932.000000	32888.000000
	5604.000000	20928.000000	32880.000000
	5612.000000	16068.000000	28568.000000
	6080.000000	16664.000000	28612.000000
	5608.000000	10640.000000	31568.000000
	5856.000000	22580.000000	28668.000000
	5932.000000	16364.000000	29952.000000
	5592.000000	6608.000000	29832.000000
	5688.000000	10536.000000	29796.000000
	5704.000000	17276.000000	32876.000000
	5840.000000	21972.000000	29892.000000
	5436.000000	6720.000000	29912.000000
	5460.000000	15772.000000	28508.000000
	5612.000000	14432.000000	29824.000000
	5600.000000	15952.000000	31488.000000
	6332.000000	15952.000000	28664.000000
	198632.000000	7056.000000	33016.000000
	6280.000000	17680.000000	30412.000000
	5784.000000	4752.000000	33276.000000
	5764.000000	4748.000000	32932.000000
	5676.000000	15984.000000	32892.000000
	6580.000000	16024.000000	28520.000000
	6712.000000	7296.000000	29880.000000
	5496.000000	14040.000000	30144.000000
	5444.000000	15648.000000	28624.000000
	5616.000000	15824.000000	30160.000000
	6092.000000	6608.000000	33308.000000
	5580.000000	27052.000000	29952.000000
	5576.000000	14440.000000	28724.000000
	5416.000000	14436.000000	28592.000000
	5608.000000	6596.000000	29784.000000
	5428.000000	7072.000000	30180.000000
	5548.000000	6496.000000	31740.000000
	5984.000000	7268.000000	28624.000000
	5888.000000	19452.000000	28724.000000
	6092.000000	14576.000000	32612.000000
	6096.000000	23380.000000	32800.000000
	----		----		----		----
	614945.500000	1003656.000000	2114408.500000
	-		---		----		------
	5932.000000	6716.000000	22639.99805**
	5932.000000	6716.000000	22639.99805**
	5676.000000	24600.000000	32700.000000
	5924.000000	24592.000000	32820.000000
	5784.000000	6496.000000	29708.000000
	6056.000000	15820.000000	29820.000000
	5572.000000	15884.000000	30116.000000
	5740.000000	4512.000000	30104.000000
	5908.000000	17856.000000	22548.40039**
	5912.000000	17852.000000	22563.66602**
	5556.000000	6496.000000	28740.000000
	5936.000000	16000.000000	30548.000000
	5728.000000	25916.000000	30216.000000
	5804.000000	21948.000000	30016.000000
	11488.15625**	15872.000000	36537.96484**
	6556.000000	15868.000000	25021.54883**
	6556.000000	7424.000000	34812.000000
	5956.000000	7432.000000	34836.000000
	5904.000000	16072.000000	30056.000000
	5464.000000	16072.000000	29984.000000
	5440.000000	7044.000000	29788.000000
	8240.000000	15844.000000	29844.000000
	7276.000000	15008.000000	31596.000000
	5820.000000	18400.000000	31608.000000
	5768.000000	19136.000000	30056.000000
	6320.000000	14856.000000	30040.000000
	6316.000000	16764.000000	24105.56836**
	6256.000000	16760.000000	23876.57227**
	6256.000000	11276.000000	30528.000000
	5520.000000	11280.000000	30520.000000
	5868.000000	11040.000000	29940.000000
	5516.000000	27296.000000	30136.000000
	5884.000000	6492.000000	33472.000000
	5820.000000	6492.000000	33460.000000
	5928.000000	20932.000000	32888.000000
	5604.000000	20928.000000	32880.000000
	5612.000000	16068.000000	28568.000000
	6080.000000	16664.000000	28612.000000
	5608.000000	10640.000000	31568.000000
	5856.000000	22580.000000	28668.000000
	5932.000000	16364.000000	29952.000000
	5592.000000	6608.000000	29832.000000
	5688.000000	10536.000000	29796.000000
	5704.000000	17276.000000	32876.000000
	5840.000000	21972.000000	29892.000000
	5436.000000	6720.000000	29912.000000
	5460.000000	15772.000000	28508.000000
	5612.000000	14432.000000	29824.000000
	5600.000000	15952.000000	31488.000000
	6332.000000	15952.000000	28664.000000
	198632.000000	7056.000000	33016.000000
	6280.000000	17680.000000	30412.000000
	5784.000000	4752.000000	33276.000000
	5764.000000	4748.000000	32932.000000
	5676.000000	15984.000000	32892.000000
	6580.000000	16024.000000	28520.000000
	6712.000000	7296.000000	29880.000000
	5496.000000	14040.000000	30144.000000
	5444.000000	15648.000000	28624.000000
	5616.000000	15824.000000	30160.000000
	6092.000000	6608.000000	33308.000000
	5580.000000	27052.000000	29952.000000
	5576.000000	14440.000000	28724.000000
	5416.000000	14436.000000	28592.000000
	5608.000000	6596.000000	29784.000000
	5428.000000	7072.000000	30180.000000
	5548.000000	6496.000000	31740.000000
	5984.000000	7268.000000	28624.000000
	5888.000000	19452.000000	28724.000000
	6092.000000	14576.000000	32612.000000
	6096.000000	23380.000000	32800.000000
	----		----		----		----
	616860.125000	1003656.000000	2134221.750000


	C		CPP		JAVA		PYTHON
	-		---		----		------
	0.366000	0.198000	0.000000	0.000000
	0.377000	0.196000	0.000000	0.000000
	0.002000	0.001000	0.110000	1.110000
	0.002000	0.003000	0.110000	0.070000
	0.001000	0.001000	0.110000	0.060000
	0.002000	0.002000	0.100000	0.060000
	0.003000	0.007000	0.130000	0.090000
	0.002000	0.006000	0.120000	0.070000
	0.003000	0.007000	0.000000	0.090000
	0.001000	0.003000	0.000000	0.090000
	0.001000	0.001000	0.100000	0.060000
	0.000100	0.002000	0.140000	0.060000
	1.120000	0.006000	0.110000	0.090000
	0.021000	0.010000	0.130000	0.030000
	0.000000	0.003000	0.000000	0.000000
	0.002000	0.005000	0.000000	0.000000
	0.002000	0.002000	0.490000	0.000000
	0.002000	0.001000	0.500000	0.000000
	0.002000	0.003000	0.130000	0.040000
	0.001000	0.014000	0.150000	0.030000
	0.001000	0.002000	0.120000	0.030000
	0.001000	0.002000	0.110000	0.030000
	0.001000	0.001000	0.150000	0.140000
	0.001000	0.003000	0.180000	0.140000
	0.001000	0.015000	0.100000	59.639999
	0.001000	0.021000	0.210000	59.689999
	0.001000	0.001000	0.000000	0.000000
	0.004000	0.002000	0.000000	0.000000
	0.003000	0.003000	0.140000	0.000000
	0.414000	0.003000	0.230000	0.000000
	0.008000	0.012000	0.310000	0.160000
	0.009000	0.016000	0.210000	0.110000
	0.011000	0.008000	0.340000	0.000000
	0.022000	0.010000	0.340000	0.000000
	0.024000	0.005000	0.360000	0.000000
	0.021000	0.002000	0.350000	0.000000
	0.019000	0.029000	0.270000	41.889999
	0.308000	0.029000	0.270000	43.419998
	0.002000	0.352000	0.270000	0.440000
	0.033000	0.005000	0.310000	0.240000
	0.029000	0.036000	0.430000	5.040000
	4.119000	0.033000	0.320000	5.270000
	1.279000	9.888000	0.800000	0.000000
	0.003000	8.645000	5.170000	0.000000
	0.000100	0.000100	0.110000	0.000000
	0.339000	0.001000	0.170000	0.000000
	3.546000	6.264000	16.299999	4.140000
	0.008000	6.422000	16.719999	4.240000
	0.009000	0.002000	0.110000	0.260000
	0.204000	0.004000	0.150000	0.030000
	0.038000	0.195000	0.760000	17.480000
	0.002000	0.060000	0.910000	6.740000
	0.000100	0.000100	0.110000	0.050000
	0.057000	0.000100	0.100000	0.040000
	0.025000	0.065000	0.130000	0.000000
	0.017000	0.011000	0.120000	0.000000
	0.024000	0.053000	0.190000	0.600000
	0.000100	0.032000	1.150000	0.600000
	0.001000	0.003000	0.110000	0.040000
	0.002000	0.002000	0.120000	0.040000
	0.000100	0.001000	0.110000	0.000000
	0.003000	0.003000	0.100000	0.000000
	0.001000	0.001000	0.110000	0.060000
	0.004000	0.001000	0.110000	0.070000
	0.001000	0.004000	0.130000	0.060000
	0.009000	0.005000	0.470000	0.060000
	0.002000	0.011000	0.250000	0.120000
	0.053000	0.006000	0.370000	0.070000
	0.026000	0.069000	0.190000	1.650000
	0.021000	0.075000	0.280000	0.990000
	0.017000	0.024000	0.140000	0.000000
	----		----		----		----
	12.634503	32.908298	52.939999	255.529999
	----		----		----		----
	1.000000	2.604637	4.456040	26.337046
	-		---		------		------
	C		CPP		JAVA		PYTHON
	-		---		----		------
	0.366000	0.198000	1.63091*	9.63936*
	0.377000	0.196000	1.67993*	9.92907*
	0.002000	0.001000	0.110000	1.110000
	0.002000	0.003000	0.110000	0.070000
	0.001000	0.001000	0.110000	0.060000
	0.002000	0.002000	0.100000	0.060000
	0.003000	0.007000	0.130000	0.090000
	0.002000	0.006000	0.120000	0.070000
	0.003000	0.007000	0.01337*	0.090000
	0.001000	0.003000	0.00446*	0.090000
	0.001000	0.001000	0.100000	0.060000
	0.000100	0.002000	0.140000	0.060000
	1.120000	0.006000	0.110000	0.090000
	0.021000	0.010000	0.130000	0.030000
	0.00115*	0.003000	0.00513*	0.03033*
	0.002000	0.005000	0.00891*	0.05267*
	0.002000	0.002000	0.490000	0.05267*
	0.002000	0.001000	0.500000	0.05267*
	0.002000	0.003000	0.130000	0.040000
	0.001000	0.014000	0.150000	0.030000
	0.001000	0.002000	0.120000	0.030000
	0.001000	0.002000	0.110000	0.030000
	0.001000	0.001000	0.150000	0.140000
	0.001000	0.003000	0.180000	0.140000
	0.001000	0.015000	0.100000	59.639999
	0.001000	0.021000	0.210000	59.689999
	0.001000	0.001000	0.00446*	0.02634*
	0.004000	0.002000	0.01782*	0.10535*
	0.003000	0.003000	0.140000	0.07901*
	0.414000	0.003000	0.230000	10.90354*
	0.008000	0.012000	0.310000	0.160000
	0.009000	0.016000	0.210000	0.110000
	0.011000	0.008000	0.340000	0.28971*
	0.022000	0.010000	0.340000	0.57942*
	0.024000	0.005000	0.360000	0.63209*
	0.021000	0.002000	0.350000	0.55308*
	0.019000	0.029000	0.270000	41.889999
	0.308000	0.029000	0.270000	43.419998
	0.002000	0.352000	0.270000	0.440000
	0.033000	0.005000	0.310000	0.240000
	0.029000	0.036000	0.430000	5.040000
	4.119000	0.033000	0.320000	5.270000
	1.279000	9.888000	0.800000	33.68508*
	0.003000	8.645000	5.170000	0.07901*
	0.000100	0.000100	0.110000	0.00263*
	0.339000	0.001000	0.170000	8.92826*
	3.546000	6.264000	16.299999	4.140000
	0.008000	6.422000	16.719999	4.240000
	0.009000	0.002000	0.110000	0.260000
	0.204000	0.004000	0.150000	0.030000
	0.038000	0.195000	0.760000	17.480000
	0.002000	0.060000	0.910000	6.740000
	0.000100	0.000100	0.110000	0.050000
	0.057000	0.000100	0.100000	0.040000
	0.025000	0.065000	0.130000	0.65843*
	0.017000	0.011000	0.120000	0.44773*
	0.024000	0.053000	0.190000	0.600000
	0.000100	0.032000	1.150000	0.600000
	0.001000	0.003000	0.110000	0.040000
	0.002000	0.002000	0.120000	0.040000
	0.000100	0.001000	0.110000	0.00263*
	0.003000	0.003000	0.100000	0.07901*
	0.001000	0.001000	0.110000	0.060000
	0.004000	0.001000	0.110000	0.070000
	0.001000	0.004000	0.130000	0.060000
	0.009000	0.005000	0.470000	0.060000
	0.002000	0.011000	0.250000	0.120000
	0.053000	0.006000	0.370000	0.070000
	0.026000	0.069000	0.190000	1.650000
	0.021000	0.075000	0.280000	0.990000
	0.017000	0.024000	0.140000	0.44773*
	----		----		----		----
	12.635655	32.908298	56.304989	332.785828
	-		---		----		------
	0.366000	0.198000	1.81031**	11.18166**
	0.377000	0.196000	1.86472**	11.51772**
	0.002000	0.001000	0.110000	1.110000
	0.002000	0.003000	0.110000	0.070000
	0.001000	0.001000	0.110000	0.060000
	0.002000	0.002000	0.100000	0.060000
	0.003000	0.007000	0.130000	0.090000
	0.002000	0.006000	0.120000	0.070000
	0.003000	0.007000	0.01484**	0.090000
	0.001000	0.003000	0.00495**	0.090000
	0.001000	0.001000	0.100000	0.060000
	0.000100	0.002000	0.140000	0.060000
	1.120000	0.006000	0.110000	0.090000
	0.021000	0.010000	0.130000	0.030000
	0.00138**	0.003000	0.00570**	0.03519**
	0.002000	0.005000	0.00989**	0.06110**
	0.002000	0.002000	0.490000	0.06110**
	0.002000	0.001000	0.500000	0.06110**
	0.002000	0.003000	0.130000	0.040000
	0.001000	0.014000	0.150000	0.030000
	0.001000	0.002000	0.120000	0.030000
	0.001000	0.002000	0.110000	0.030000
	0.001000	0.001000	0.150000	0.140000
	0.001000	0.003000	0.180000	0.140000
	0.001000	0.015000	0.100000	59.639999
	0.001000	0.021000	0.210000	59.689999
	0.001000	0.001000	0.00495**	0.03055**
	0.004000	0.002000	0.01978**	0.12220**
	0.003000	0.003000	0.140000	0.09165**
	0.414000	0.003000	0.230000	12.64810**
	0.008000	0.012000	0.310000	0.160000
	0.009000	0.016000	0.210000	0.110000
	0.011000	0.008000	0.340000	0.33606**
	0.022000	0.010000	0.340000	0.67212**
	0.024000	0.005000	0.360000	0.73322**
	0.021000	0.002000	0.350000	0.64157**
	0.019000	0.029000	0.270000	41.889999
	0.308000	0.029000	0.270000	43.419998
	0.002000	0.352000	0.270000	0.440000
	0.033000	0.005000	0.310000	0.240000
	0.029000	0.036000	0.430000	5.040000
	4.119000	0.033000	0.320000	5.270000
	1.279000	9.888000	0.800000	39.07470**
	0.003000	8.645000	5.170000	0.09165**
	0.000100	0.000100	0.110000	0.00306**
	0.339000	0.001000	0.170000	10.35678**
	3.546000	6.264000	16.299999	4.140000
	0.008000	6.422000	16.719999	4.240000
	0.009000	0.002000	0.110000	0.260000
	0.204000	0.004000	0.150000	0.030000
	0.038000	0.195000	0.760000	17.480000
	0.002000	0.060000	0.910000	6.740000
	0.000100	0.000100	0.110000	0.050000
	0.057000	0.000100	0.100000	0.040000
	0.025000	0.065000	0.130000	0.76377**
	0.017000	0.011000	0.120000	0.51937**
	0.024000	0.053000	0.190000	0.600000
	0.000100	0.032000	1.150000	0.600000
	0.001000	0.003000	0.110000	0.040000
	0.002000	0.002000	0.120000	0.040000
	0.000100	0.001000	0.110000	0.00306**
	0.003000	0.003000	0.100000	0.09165**
	0.001000	0.001000	0.110000	0.060000
	0.004000	0.001000	0.110000	0.070000
	0.001000	0.004000	0.130000	0.060000
	0.009000	0.005000	0.470000	0.060000
	0.002000	0.011000	0.250000	0.120000
	0.053000	0.006000	0.370000	0.070000
	0.026000	0.069000	0.190000	1.650000
	0.021000	0.075000	0.280000	0.990000
	0.017000	0.024000	0.140000	0.51937**
	----		----		----		----
	12.635884	32.908298	56.675137	345.146790


	C		CPP		JAVA		PYTHON
	-		---		----		------
	456.000000	820.000000	0.000000	0.000000
	440.000000	820.000000	0.000000	0.000000
	436.000000	968.000000	11836.000000	4560.000000
	436.000000	972.000000	11976.000000	4520.000000
	484.000000	768.000000	11780.000000	4496.000000
	464.000000	936.000000	11772.000000	4492.000000
	440.000000	944.000000	11888.000000	4492.000000
	440.000000	940.000000	11888.000000	4504.000000
	444.000000	976.000000	0.000000	4600.000000
	444.000000	980.000000	0.000000	4596.000000
	448.000000	808.000000	11764.000000	4516.000000
	404.000000	920.000000	12592.000000	4508.000000
	448.000000	1052.000000	11936.000000	4780.000000
	464.000000	1036.000000	13832.000000	4628.000000
	0.000000	904.000000	0.000000	0.000000
	496.000000	904.000000	0.000000	0.000000
	504.000000	864.000000	14348.000000	0.000000
	476.000000	868.000000	14336.000000	0.000000
	480.000000	944.000000	14360.000000	4512.000000
	440.000000	936.000000	14496.000000	4516.000000
	440.000000	840.000000	13972.000000	4536.000000
	468.000000	928.000000	12072.000000	4532.000000
	464.000000	468.000000	11800.000000	8764.000000
	440.000000	972.000000	11768.000000	8768.000000
	436.000000	940.000000	11796.000000	4540.000000
	516.000000	936.000000	11792.000000	4540.000000
	516.000000	952.000000	0.000000	0.000000
	412.000000	956.000000	0.000000	0.000000
	408.000000	784.000000	15704.000000	0.000000
	516.000000	784.000000	15744.000000	0.000000
	504.000000	1860.000000	17036.000000	4980.000000
	444.000000	1188.000000	14008.000000	4988.000000
	472.000000	812.000000	17216.000000	0.000000
	444.000000	816.000000	17212.000000	0.000000
	408.000000	956.000000	27900.000000	0.000000
	444.000000	956.000000	27792.000000	0.000000
	440.000000	952.000000	13444.000000	4628.000000
	424.000000	956.000000	13624.000000	4624.000000
	408.000000	796.000000	27820.000000	4524.000000
	520.000000	908.000000	26516.000000	4736.000000
	516.000000	1056.000000	17244.000000	4664.000000
	452.000000	880.000000	16976.000000	4692.000000
	452.000000	840.000000	25772.000000	0.000000
	2044.000000	840.000000	17324.000000	0.000000
	444.000000	440.000000	11800.000000	0.000000
	412.000000	820.000000	11816.000000	0.000000
	400.000000	928.000000	28320.000000	4508.000000
	460.000000	928.000000	174312.000000	4508.000000
	448.000000	960.000000	12100.000000	4552.000000
	552.000000	964.000000	13808.000000	4548.000000
	5356.000000	928.000000	30220.000000	8480.000000
	408.000000	5868.000000	30512.000000	6608.000000
	412.000000	408.000000	11828.000000	4572.000000
	440.000000	412.000000	11780.000000	4604.000000
	440.000000	4992.000000	13376.000000	0.000000
	916.000000	936.000000	13268.000000	0.000000
	700.000000	1016.000000	16528.000000	6360.000000
	436.000000	832.000000	19616.000000	6360.000000
	440.000000	936.000000	11756.000000	4536.000000
	440.000000	936.000000	11752.000000	4564.000000
	444.000000	820.000000	11896.000000	0.000000
	408.000000	1020.000000	11816.000000	0.000000
	404.000000	412.000000	13464.000000	4548.000000
	444.000000	408.000000	12784.000000	4544.000000
	444.000000	448.000000	14412.000000	4520.000000
	444.000000	856.000000	16652.000000	4512.000000
	400.000000	808.000000	13548.000000	4508.000000
	1060.000000	788.000000	19672.000000	4548.000000
	1312.000000	1752.000000	18112.000000	11436.000000
	7328.000000	1748.000000	57040.000000	12020.000000
	7340.000000	8824.000000	21632.000000	0.000000
	----		----		----		----
	53964.000000	80924.000000	1197156.000000	252072.000000
	----		----		----		----
	1.000000	1.499592	23.586493	7.187272
	-		---		------		------
	C		CPP		JAVA		PYTHON
	-		---		----		------
	456.000000	820.000000	10755.44043*	3277.39600*
	440.000000	820.000000	10378.05664*	3162.39966*
	436.000000	968.000000	11836.000000	4560.000000
	436.000000	972.000000	11976.000000	4520.000000
	484.000000	768.000000	11780.000000	4496.000000
	464.000000	936.000000	11772.000000	4492.000000
	440.000000	944.000000	11888.000000	4492.000000
	440.000000	940.000000	11888.000000	4504.000000
	444.000000	976.000000	10472.40234*	4600.000000
	444.000000	980.000000	10472.40234*	4596.000000
	448.000000	808.000000	11764.000000	4516.000000
	404.000000	920.000000	12592.000000	4508.000000
	448.000000	1052.000000	11936.000000	4780.000000
	464.000000	1036.000000	13832.000000	4628.000000
	602.83051*	904.000000	14218.65723*	4332.70703*
	496.000000	904.000000	11698.90039*	3564.88696*
	504.000000	864.000000	14348.000000	3622.38501*
	476.000000	868.000000	14336.000000	3421.14160*
	480.000000	944.000000	14360.000000	4512.000000
	440.000000	936.000000	14496.000000	4516.000000
	440.000000	840.000000	13972.000000	4536.000000
	468.000000	928.000000	12072.000000	4532.000000
	464.000000	468.000000	11800.000000	8764.000000
	440.000000	972.000000	11768.000000	8768.000000
	436.000000	940.000000	11796.000000	4540.000000
	516.000000	936.000000	11792.000000	4540.000000
	516.000000	952.000000	12170.62988*	3708.63232*
	412.000000	956.000000	9717.63477*	2961.15601*
	408.000000	784.000000	15704.000000	2932.40698*
	516.000000	784.000000	15744.000000	3708.63232*
	504.000000	1860.000000	17036.000000	4980.000000
	444.000000	1188.000000	14008.000000	4988.000000
	472.000000	812.000000	17216.000000	3392.39233*
	444.000000	816.000000	17212.000000	3191.14868*
	408.000000	956.000000	27900.000000	2932.40698*
	444.000000	956.000000	27792.000000	3191.14868*
	440.000000	952.000000	13444.000000	4628.000000
	424.000000	956.000000	13624.000000	4624.000000
	408.000000	796.000000	27820.000000	4524.000000
	520.000000	908.000000	26516.000000	4736.000000
	516.000000	1056.000000	17244.000000	4664.000000
	452.000000	880.000000	16976.000000	4692.000000
	452.000000	840.000000	25772.000000	3248.64697*
	2044.000000	840.000000	17324.000000	14690.78418*
	444.000000	440.000000	11800.000000	3191.14868*
	412.000000	820.000000	11816.000000	2961.15601*
	400.000000	928.000000	28320.000000	4508.000000
	460.000000	928.000000	174312.000000	4508.000000
	448.000000	960.000000	12100.000000	4552.000000
	552.000000	964.000000	13808.000000	4548.000000
	5356.000000	928.000000	30220.000000	8480.000000
	408.000000	5868.000000	30512.000000	6608.000000
	412.000000	408.000000	11828.000000	4572.000000
	440.000000	412.000000	11780.000000	4604.000000
	440.000000	4992.000000	13376.000000	3162.39966*
	916.000000	936.000000	13268.000000	6583.54102*
	700.000000	1016.000000	16528.000000	6360.000000
	436.000000	832.000000	19616.000000	6360.000000
	440.000000	936.000000	11756.000000	4536.000000
	440.000000	936.000000	11752.000000	4564.000000
	444.000000	820.000000	11896.000000	3191.14868*
	408.000000	1020.000000	11816.000000	2932.40698*
	404.000000	412.000000	13464.000000	4548.000000
	444.000000	408.000000	12784.000000	4544.000000
	444.000000	448.000000	14412.000000	4520.000000
	444.000000	856.000000	16652.000000	4512.000000
	400.000000	808.000000	13548.000000	4508.000000
	1060.000000	788.000000	19672.000000	4548.000000
	1312.000000	1752.000000	18112.000000	11436.000000
	7328.000000	1748.000000	57040.000000	12020.000000
	7340.000000	8824.000000	21632.000000	52754.57812*
	----		----		----		----
	54566.828125	80924.000000	1287040.125000	392186.687500
	-		---		----		------
	456.000000	820.000000	11938.53906**	3801.77930**
	440.000000	820.000000	11519.64258**	3668.38354**
	436.000000	968.000000	11836.000000	4560.000000
	436.000000	972.000000	11976.000000	4520.000000
	484.000000	768.000000	11780.000000	4496.000000
	464.000000	936.000000	11772.000000	4492.000000
	440.000000	944.000000	11888.000000	4492.000000
	440.000000	940.000000	11888.000000	4504.000000
	444.000000	976.000000	11624.36621**	4600.000000
	444.000000	980.000000	11624.36621**	4596.000000
	448.000000	808.000000	11764.000000	4516.000000
	404.000000	920.000000	12592.000000	4508.000000
	448.000000	1052.000000	11936.000000	4780.000000
	464.000000	1036.000000	13832.000000	4628.000000
	723.39661**	904.000000	15782.70996**	5025.93994**
	496.000000	904.000000	12985.77930**	4135.26904**
	504.000000	864.000000	14348.000000	4201.96680**
	476.000000	868.000000	14336.000000	3968.52417**
	480.000000	944.000000	14360.000000	4512.000000
	440.000000	936.000000	14496.000000	4516.000000
	440.000000	840.000000	13972.000000	4536.000000
	468.000000	928.000000	12072.000000	4532.000000
	464.000000	468.000000	11800.000000	8764.000000
	440.000000	972.000000	11768.000000	8768.000000
	436.000000	940.000000	11796.000000	4540.000000
	516.000000	936.000000	11792.000000	4540.000000
	516.000000	952.000000	13509.39941**	4302.01367**
	412.000000	956.000000	10786.57422**	3434.94092**
	408.000000	784.000000	15704.000000	3401.59204**
	516.000000	784.000000	15744.000000	4302.01367**
	504.000000	1860.000000	17036.000000	4980.000000
	444.000000	1188.000000	14008.000000	4988.000000
	472.000000	812.000000	17216.000000	3935.17505**
	444.000000	816.000000	17212.000000	3701.73242**
	408.000000	956.000000	27900.000000	3401.59204**
	444.000000	956.000000	27792.000000	3701.73242**
	440.000000	952.000000	13444.000000	4628.000000
	424.000000	956.000000	13624.000000	4624.000000
	408.000000	796.000000	27820.000000	4524.000000
	520.000000	908.000000	26516.000000	4736.000000
	516.000000	1056.000000	17244.000000	4664.000000
	452.000000	880.000000	16976.000000	4692.000000
	452.000000	840.000000	25772.000000	3768.43042**
	2044.000000	840.000000	17324.000000	17041.31055**
	444.000000	440.000000	11800.000000	3701.73242**
	412.000000	820.000000	11816.000000	3434.94092**
	400.000000	928.000000	28320.000000	4508.000000
	460.000000	928.000000	174312.000000	4508.000000
	448.000000	960.000000	12100.000000	4552.000000
	552.000000	964.000000	13808.000000	4548.000000
	5356.000000	928.000000	30220.000000	8480.000000
	408.000000	5868.000000	30512.000000	6608.000000
	412.000000	408.000000	11828.000000	4572.000000
	440.000000	412.000000	11780.000000	4604.000000
	440.000000	4992.000000	13376.000000	3668.38354**
	916.000000	936.000000	13268.000000	7636.90771**
	700.000000	1016.000000	16528.000000	6360.000000
	436.000000	832.000000	19616.000000	6360.000000
	440.000000	936.000000	11756.000000	4536.000000
	440.000000	936.000000	11752.000000	4564.000000
	444.000000	820.000000	11896.000000	3701.73242**
	408.000000	1020.000000	11816.000000	3401.59204**
	404.000000	412.000000	13464.000000	4548.000000
	444.000000	408.000000	12784.000000	4544.000000
	444.000000	448.000000	14412.000000	4520.000000
	444.000000	856.000000	16652.000000	4512.000000
	400.000000	808.000000	13548.000000	4508.000000
	1060.000000	788.000000	19672.000000	4548.000000
	1312.000000	1752.000000	18112.000000	11436.000000
	7328.000000	1748.000000	57040.000000	12020.000000
	7340.000000	8824.000000	21632.000000	61195.31250**
	----		----		----		----
	54687.398438	80924.000000	1296927.375000	414604.968750

