	15		19		15		14		8	
	22		22		15		14		3	
	21		18		0		22		10	
	23		25		0		21		10	
	44		40		0		48		20	
	30		45		0		83		27	
	24		38		0		115		10	
	24		38		0		196		10	
	20		16		0		23		17	
	29		19		0		23		22	
	13		29		9		22		8	
	13		16		9		41		4	
	33		23		7		44		22	
	25		30		7		32		21	
	28		30		14		25		17	
	36		30		14		38		17	
	45		12		13		109		9	
	35		18		13		29		9	
	42		31		12		113		26	
	51		63		12		34		17	
	36		28		0		0		0	
	44		35		0		0		0	
	17		68		8		105		13	
	16		68		4		30		14	
	14		13		33		21		8	
	24		61		35		27		4	
	32		43		0		0		0	
	31		39		0		0		0	
	38		26		21		45		24	
	26		37		21		43		24	
	41		22		15		38		22	
	35		22		14		41		5	
	33		45		9		0		13	
	41		42		15		0		12	
	21		19		10		31		12	
	21		38		10		24		28	
	22		18		0		92		14	
	22		70		0		87		14	
	28		39		0		56		25	
	60		50		0		95		24	
	27		27		8		71		10	
	56		21		8		43		10	
	56		64		77		132		38	
	47		47		77		132		38	
	19		19		0		27		0	
	21		26		0		26		0	
	150		32		14		40		22	
	32		31		9		45		22	
	20		28		8		48		11	
	53		28		8		48		9	
	45		49		0		33		14	
	34		23		0		62		14	

	----		----		----		----		----
	1735		1740		544		2488		731	
	----		----		----		----		----
	1.000000	1.002882	0.483126	1.638999	0.471005
	-		---		------		----		------
	C		CPP		HASKELL		JAVA		PYTHON
	-		---		------		----		------
	15.000000	19.000000	15.000000	14.000000	8.000000
	22.000000	22.000000	15.000000	14.000000	3.000000
	21.000000	18.000000	10.14565*	22.000000	10.000000
	23.000000	25.000000	11.11190*	21.000000	10.000000
	44.000000	40.000000	21.25755*	48.000000	20.000000
	30.000000	45.000000	14.49378*	83.000000	27.000000
	24.000000	38.000000	11.59503*	115.000000	10.000000
	24.000000	38.000000	11.59503*	196.000000	10.000000
	20.000000	16.000000	9.66252*	23.000000	17.000000
	29.000000	19.000000	14.01066*	23.000000	22.000000
	13.000000	29.000000	9.000000	22.000000	8.000000
	13.000000	16.000000	9.000000	41.000000	4.000000
	33.000000	23.000000	7.000000	44.000000	22.000000
	25.000000	30.000000	7.000000	32.000000	21.000000
	28.000000	30.000000	14.000000	25.000000	17.000000
	36.000000	30.000000	14.000000	38.000000	17.000000
	45.000000	12.000000	13.000000	109.000000	9.000000
	35.000000	18.000000	13.000000	29.000000	9.000000
	42.000000	31.000000	12.000000	113.000000	26.000000
	51.000000	63.000000	12.000000	34.000000	17.000000
	36.000000	28.000000	17.39254*	59.00395*	16.95618*
	44.000000	35.000000	21.25755*	72.11594*	20.72423*
	17.000000	68.000000	8.000000	105.000000	13.000000
	16.000000	68.000000	4.000000	30.000000	14.000000
	14.000000	13.000000	33.000000	21.000000	8.000000
	24.000000	61.000000	35.000000	27.000000	4.000000
	32.000000	43.000000	15.46004*	52.44796*	15.07216*
	31.000000	39.000000	14.97691*	50.80896*	14.60116*
	38.000000	26.000000	21.000000	45.000000	24.000000
	26.000000	37.000000	21.000000	43.000000	24.000000
	41.000000	22.000000	15.000000	38.000000	22.000000
	35.000000	22.000000	14.000000	41.000000	5.000000
	33.000000	45.000000	9.000000	54.08696*	13.000000
	41.000000	42.000000	15.000000	67.19894*	12.000000
	21.000000	19.000000	10.000000	31.000000	12.000000
	21.000000	38.000000	10.000000	24.000000	28.000000
	22.000000	18.000000	10.62877*	92.000000	14.000000
	22.000000	70.000000	10.62877*	87.000000	14.000000
	28.000000	39.000000	13.52753*	56.000000	25.000000
	60.000000	50.000000	28.98757*	95.000000	24.000000
	27.000000	27.000000	8.000000	71.000000	10.000000
	56.000000	21.000000	8.000000	43.000000	10.000000
	56.000000	64.000000	77.000000	132.000000	38.000000
	47.000000	47.000000	77.000000	132.000000	38.000000
	19.000000	19.000000	9.17940*	27.000000	8.94910*
	21.000000	26.000000	10.14565*	26.000000	9.89111*
	150.000000	32.000000	14.000000	40.000000	22.000000
	32.000000	31.000000	9.000000	45.000000	22.000000
	20.000000	28.000000	8.000000	48.000000	11.000000
	53.000000	28.000000	8.000000	48.000000	9.000000
	45.000000	49.000000	21.74067*	33.000000	14.000000
	34.000000	23.000000	16.42629*	62.000000	14.000000
	----		----		----		----		----
	1735.000000	1740.000000	838.223694	2843.662598	817.193970
	-		---		------		----		------
	15.000000	19.000000	15.000000	14.000000	8.000000
	22.000000	22.000000	15.000000	14.000000	3.000000
	21.000000	18.000000	11.26167**	22.000000	10.000000
	23.000000	25.000000	12.33421**	21.000000	10.000000
	44.000000	40.000000	23.59588**	48.000000	20.000000
	30.000000	45.000000	16.08810**	83.000000	27.000000
	24.000000	38.000000	12.87048**	115.000000	10.000000
	24.000000	38.000000	12.87048**	196.000000	10.000000
	20.000000	16.000000	10.72540**	23.000000	17.000000
	29.000000	19.000000	15.55183**	23.000000	22.000000
	13.000000	29.000000	9.000000	22.000000	8.000000
	13.000000	16.000000	9.000000	41.000000	4.000000
	33.000000	23.000000	7.000000	44.000000	22.000000
	25.000000	30.000000	7.000000	32.000000	21.000000
	28.000000	30.000000	14.000000	25.000000	17.000000
	36.000000	30.000000	14.000000	38.000000	17.000000
	45.000000	12.000000	13.000000	109.000000	9.000000
	35.000000	18.000000	13.000000	29.000000	9.000000
	42.000000	31.000000	12.000000	113.000000	26.000000
	51.000000	63.000000	12.000000	34.000000	17.000000
	36.000000	28.000000	19.30572**	68.44459**	19.33005**
	44.000000	35.000000	23.59588**	83.65449**	23.62562**
	17.000000	68.000000	8.000000	105.000000	13.000000
	16.000000	68.000000	4.000000	30.000000	14.000000
	14.000000	13.000000	33.000000	21.000000	8.000000
	24.000000	61.000000	35.000000	27.000000	4.000000
	32.000000	43.000000	17.16064**	60.83963**	17.18227**
	31.000000	39.000000	16.62437**	58.93839**	16.64532**
	38.000000	26.000000	21.000000	45.000000	24.000000
	26.000000	37.000000	21.000000	43.000000	24.000000
	41.000000	22.000000	15.000000	38.000000	22.000000
	35.000000	22.000000	14.000000	41.000000	5.000000
	33.000000	45.000000	9.000000	62.74087**	13.000000
	41.000000	42.000000	15.000000	77.95078**	12.000000
	21.000000	19.000000	10.000000	31.000000	12.000000
	21.000000	38.000000	10.000000	24.000000	28.000000
	22.000000	18.000000	11.79794**	92.000000	14.000000
	22.000000	70.000000	11.79794**	87.000000	14.000000
	28.000000	39.000000	15.01556**	56.000000	25.000000
	60.000000	50.000000	32.17620**	95.000000	24.000000
	27.000000	27.000000	8.000000	71.000000	10.000000
	56.000000	21.000000	8.000000	43.000000	10.000000
	56.000000	64.000000	77.000000	132.000000	38.000000
	47.000000	47.000000	77.000000	132.000000	38.000000
	19.000000	19.000000	10.18913**	27.000000	10.20197**
	21.000000	26.000000	11.26167**	26.000000	11.27586**
	150.000000	32.000000	14.000000	40.000000	22.000000
	32.000000	31.000000	9.000000	45.000000	22.000000
	20.000000	28.000000	8.000000	48.000000	11.000000
	53.000000	28.000000	8.000000	48.000000	9.000000
	45.000000	49.000000	24.13215**	33.000000	14.000000
	34.000000	23.000000	18.23318**	62.000000	14.000000
	----		----		----		----		----
	1735.000000	1740.000000	870.588318	2900.568848	829.261108
---------------------------------------------------------------------------
	37		29		0		65		18	
	30		41		0		65		19	
	44		71		0		0		0	
	44		85		0		0		0	
	29		34		24		34		16	
	33		34		19		66		16	
	31		32		0		21		12	
	145		32		0		21		18	
	0		11		0		0		0	
	0		11		0		0		0	
	27		27		0		208		0	
	27		27		0		208		0	
	20		20		20		34		9	
	13		55		20		37		170	
	32		27		11		27		28	
	26		22		11		40		28	
	31		64		0		54		55	
	31		54		0		99		55	
	45		47		0		85		14	
	39		47		0		100		22	
	15		25		0		31		15	
	32		25		0		49		15	
	47		19		0		143		0	
	85		19		0		143		0	
	32		30		15		47		32	
	28		102		23		128		10	
	35		33		0		93		25	
	34		95		0		82		27	
	137		105		0		0		0	
	446		105		0		0		0	
	47		40		0		33		0	
	64		68		0		101		0	
	41		194		0		45		0	
	25		24		0		45		0	
	11		16		13		22		8	
	18		18		13		26		8	
	51		0		22		59		30	
	62		0		33		87		21	
	48		58		18		82		58	
	56		58		13		37		23	
	50		51		43		124		27	
	65		61		37		91		33	
	32		27		0		70		30	
	32		27		0		112		30	
	90		145		0		0		0	
	90		111		0		0		0	
	35		0		0		163		43	
	36		0		0		41		43	
	69		103		0		0		0	
	69		103		0		0		0	
	21		69		0		75		0	
	21		69		0		83		0	
	64		47		0		45		22	
	36		39		0		115		22	
	36		91		0		120		0	
	36		91		0		120		0	

	----		----		----		----		----
	2780		2838		335		3576		1002	
	----		----		----		----		----
	1.000000	1.093220	0.583624	1.996650	0.762557
	-		---		------		----		------
	C		CPP		HASKELL		JAVA		PYTHON
	-		---		------		----		------
	37.000000	29.000000	21.59408*	65.000000	18.000000
	30.000000	41.000000	17.50871*	65.000000	19.000000
	44.000000	71.000000	25.67944*	87.85259*	33.55251*
	44.000000	85.000000	25.67944*	87.85259*	33.55251*
	29.000000	34.000000	24.000000	34.000000	16.000000
	33.000000	34.000000	19.000000	66.000000	16.000000
	31.000000	32.000000	18.09233*	21.000000	12.000000
	145.000000	32.000000	84.62543*	21.000000	18.000000
	10.06202*	11.000000	5.87243*	20.09032*	7.67286*
	10.06202*	11.000000	5.87243*	20.09032*	7.67286*
	27.000000	27.000000	15.75784*	208.000000	20.58904*
	27.000000	27.000000	15.75784*	208.000000	20.58904*
	20.000000	20.000000	20.000000	34.000000	9.000000
	13.000000	55.000000	20.000000	37.000000	170.000000
	32.000000	27.000000	11.000000	27.000000	28.000000
	26.000000	22.000000	11.000000	40.000000	28.000000
	31.000000	64.000000	18.09233*	54.000000	55.000000
	31.000000	54.000000	18.09233*	99.000000	55.000000
	45.000000	47.000000	26.26307*	85.000000	14.000000
	39.000000	47.000000	22.76132*	100.000000	22.000000
	15.000000	25.000000	8.75436*	31.000000	15.000000
	32.000000	25.000000	18.67596*	49.000000	15.000000
	47.000000	19.000000	27.43032*	143.000000	35.84018*
	85.000000	19.000000	49.60802*	143.000000	64.81735*
	32.000000	30.000000	15.000000	47.000000	32.000000
	28.000000	102.000000	23.000000	128.000000	10.000000
	35.000000	33.000000	20.42683*	93.000000	25.000000
	34.000000	95.000000	19.84321*	82.000000	27.000000
	137.000000	105.000000	79.95645*	273.54105*	104.47032*
	446.000000	105.000000	260.29617*	890.50586*	340.10046*
	47.000000	40.000000	27.43032*	33.000000	35.84018*
	64.000000	68.000000	37.35192*	101.000000	48.80365*
	41.000000	194.000000	23.92857*	45.000000	31.26484*
	25.000000	24.000000	14.59059*	45.000000	19.06393*
	11.000000	16.000000	13.000000	22.000000	8.000000
	18.000000	18.000000	13.000000	26.000000	8.000000
	51.000000	55.75424*	22.000000	59.000000	30.000000
	62.000000	67.77966*	33.000000	87.000000	21.000000
	48.000000	58.000000	18.000000	82.000000	58.000000
	56.000000	58.000000	13.000000	37.000000	23.000000
	50.000000	51.000000	43.000000	124.000000	27.000000
	65.000000	61.000000	37.000000	91.000000	33.000000
	32.000000	27.000000	18.67596*	70.000000	30.000000
	32.000000	27.000000	18.67596*	112.000000	30.000000
	90.000000	145.000000	52.52613*	179.69849*	68.63013*
	90.000000	111.000000	52.52613*	179.69849*	68.63013*
	35.000000	38.26271*	20.42683*	163.000000	43.000000
	36.000000	39.35593*	21.01045*	41.000000	43.000000
	69.000000	103.000000	40.27003*	137.76884*	52.61644*
	69.000000	103.000000	40.27003*	137.76884*	52.61644*
	21.000000	69.000000	12.25610*	75.000000	16.01370*
	21.000000	69.000000	12.25610*	83.000000	16.01370*
	64.000000	47.000000	37.35192*	45.000000	22.000000
	36.000000	39.000000	21.01045*	115.000000	22.000000
	36.000000	91.000000	21.01045*	120.000000	27.45205*
	36.000000	91.000000	21.01045*	120.000000	27.45205*
	----		----		----		----		----
	2800.124023	3039.152588	1634.218872	5590.867188	2135.254883
	-		---		------		----		------
	37.000000	29.000000	23.96943**	65.000000	18.000000
	30.000000	41.000000	19.43467**	65.000000	19.000000
	44.000000	71.000000	28.50418**	101.90900**	38.24987**
	44.000000	85.000000	28.50418**	101.90900**	38.24987**
	29.000000	34.000000	24.000000	34.000000	16.000000
	33.000000	34.000000	19.000000	66.000000	16.000000
	31.000000	32.000000	20.08249**	21.000000	12.000000
	145.000000	32.000000	93.93423**	21.000000	18.000000
	12.07442**	11.000000	6.51840**	23.30477**	8.74706**
	12.07442**	11.000000	6.51840**	23.30477**	8.74706**
	27.000000	27.000000	17.49120**	208.000000	23.47151**
	27.000000	27.000000	17.49120**	208.000000	23.47151**
	20.000000	20.000000	20.000000	34.000000	9.000000
	13.000000	55.000000	20.000000	37.000000	170.000000
	32.000000	27.000000	11.000000	27.000000	28.000000
	26.000000	22.000000	11.000000	40.000000	28.000000
	31.000000	64.000000	20.08249**	54.000000	55.000000
	31.000000	54.000000	20.08249**	99.000000	55.000000
	45.000000	47.000000	29.15200**	85.000000	14.000000
	39.000000	47.000000	25.26507**	100.000000	22.000000
	15.000000	25.000000	9.71733**	31.000000	15.000000
	32.000000	25.000000	20.73031**	49.000000	15.000000
	47.000000	19.000000	30.44765**	143.000000	40.85781**
	85.000000	19.000000	55.06490**	143.000000	73.89178**
	32.000000	30.000000	15.000000	47.000000	32.000000
	28.000000	102.000000	23.000000	128.000000	10.000000
	35.000000	33.000000	22.67378**	93.000000	25.000000
	34.000000	95.000000	22.02596**	82.000000	27.000000
	137.000000	105.000000	88.75166**	317.30762**	119.09617**
	446.000000	105.000000	288.92874**	1032.98682**	387.71454**
	47.000000	40.000000	30.44765**	33.000000	40.85781**
	64.000000	68.000000	41.46063**	101.000000	55.63617**
	41.000000	194.000000	26.56071**	45.000000	35.64192**
	25.000000	24.000000	16.19556**	45.000000	21.73288**
	11.000000	16.000000	13.000000	22.000000	8.000000
	18.000000	18.000000	13.000000	26.000000	8.000000
	51.000000	66.34754**	22.000000	59.000000	30.000000
	62.000000	80.65780**	33.000000	87.000000	21.000000
	48.000000	58.000000	18.000000	82.000000	58.000000
	56.000000	58.000000	13.000000	37.000000	23.000000
	50.000000	51.000000	43.000000	124.000000	27.000000
	65.000000	61.000000	37.000000	91.000000	33.000000
	32.000000	27.000000	20.73031**	70.000000	30.000000
	32.000000	27.000000	20.73031**	112.000000	30.000000
	90.000000	145.000000	58.30401**	208.45024**	78.23835**
	90.000000	111.000000	58.30401**	208.45024**	78.23835**
	35.000000	45.53263**	22.67378**	163.000000	43.000000
	36.000000	46.83356**	23.32160**	41.000000	43.000000
	69.000000	103.000000	44.69974**	159.81186**	59.98274**
	69.000000	103.000000	44.69974**	159.81186**	59.98274**
	21.000000	69.000000	13.60427**	75.000000	18.25562**
	21.000000	69.000000	13.60427**	83.000000	18.25562**
	64.000000	47.000000	41.46063**	45.000000	22.000000
	36.000000	39.000000	23.32160**	115.000000	22.000000
	36.000000	91.000000	23.32160**	120.000000	31.29534**
	36.000000	91.000000	23.32160**	120.000000	31.29534**
	----		----		----		----		----
	2804.148926	3077.371582	1777.132690	5913.246094	2293.910156
---------------------------------------------------------------------------
	37		44		0		0		0	
	37		44		0		0		0	
	44		41		0		32		12	
	34		19		0		32		16	
	27		27		0		0		0	
	27		27		0		0		0	
	33		38		36		134		37	
	48		42		12		44		21	
	58		54		22		60		24	
	125		98		28		57		24	
	128		25		35		15		6	
	20		16		7		44		6	
	33		33		0		46		0	
	33		33		0		46		0	

	----		----		----		----		----
	684		541		140		510		146	
	----		----		----		----		----
	1.000000	0.790936	0.339806	0.917266	0.297959
	-		---		------		----		------
	C		CPP		HASKELL		JAVA		PYTHON
	-		---		------		----		------
	37.000000	44.000000	12.57281*	33.93885*	11.02449*
	37.000000	44.000000	12.57281*	33.93885*	11.02449*
	44.000000	41.000000	14.95146*	32.000000	12.000000
	34.000000	19.000000	11.55340*	32.000000	16.000000
	27.000000	27.000000	9.17476*	24.76619*	8.04490*
	27.000000	27.000000	9.17476*	24.76619*	8.04490*
	33.000000	38.000000	36.000000	134.000000	37.000000
	48.000000	42.000000	12.000000	44.000000	21.000000
	58.000000	54.000000	22.000000	60.000000	24.000000
	125.000000	98.000000	28.000000	57.000000	24.000000
	128.000000	25.000000	35.000000	15.000000	6.000000
	20.000000	16.000000	7.000000	44.000000	6.000000
	33.000000	33.000000	11.21359*	46.000000	9.83265*
	33.000000	33.000000	11.21359*	46.000000	9.83265*
	----		----		----		----		----
	684.000000	541.000000	232.427185	627.410095	203.804092
	-		---		------		----		------
	37.000000	44.000000	13.95582**	39.36907**	12.56792**
	37.000000	44.000000	13.95582**	39.36907**	12.56792**
	44.000000	41.000000	16.59612**	32.000000	12.000000
	34.000000	19.000000	12.82427**	32.000000	16.000000
	27.000000	27.000000	10.18398**	28.72878**	9.17118**
	27.000000	27.000000	10.18398**	28.72878**	9.17118**
	33.000000	38.000000	36.000000	134.000000	37.000000
	48.000000	42.000000	12.000000	44.000000	21.000000
	58.000000	54.000000	22.000000	60.000000	24.000000
	125.000000	98.000000	28.000000	57.000000	24.000000
	128.000000	25.000000	35.000000	15.000000	6.000000
	20.000000	16.000000	7.000000	44.000000	6.000000
	33.000000	33.000000	12.44709**	46.000000	11.20922**
	33.000000	33.000000	12.44709**	46.000000	11.20922**
	----		----		----		----		----
	684.000000	541.000000	242.594177	646.195679	211.896667
---------------------------------------------------------------------------
	37		44		0		0		0	
	37		44		0		0		0	
	51		59		20		97		24	
	56		59		20		120		6	
	44		41		11		32		12	
	34		19		11		32		16	
	38		19		0		89		10	
	53		18		0		89		20	
	68		63		0		0		44	
	68		63		0		0		44	
	49		31		11		73		20	
	54		46		11		39		13	
	23		59		27		30		29	
	56		47		16		31		17	
	0		11		0		0		0	
	0		11		0		0		0	
	27		27		0		208		0	
	27		27		0		208		0	
	61		36		0		32		15	
	44		26		0		55		15	
	32		27		11		27		28	
	26		22		11		40		28	
	31		64		0		54		55	
	31		54		0		99		55	
	21		28		0		31		52	
	21		27		0		31		52	
	52		37		0		0		0	
	52		37		0		0		0	
	16		22		0		83		0	
	16		22		0		83		0	
	21		72		0		54		14	
	78		160		0		121		14	
	47		19		0		143		0	
	85		19		0		143		0	
	51		53		0		79		0	
	67		53		0		79		0	
	16		41		9		76		40	
	24		28		9		25		40	
	33		38		36		134		37	
	48		42		12		44		21	
	37		35		0		42		31	
	54		29		0		36		31	
	47		40		0		33		0	
	64		68		0		101		0	
	41		194		0		45		0	
	25		24		0		45		0	
	11		16		13		22		8	
	18		18		13		26		8	
	48		58		0		82		58	
	56		58		0		37		23	
	50		51		43		124		27	
	65		61		37		91		33	
	192		84		120		175		89	
	91		84		93		53		53	
	98		41		43		155		0	
	98		81		43		43		0	
	58		54		22		60		24	
	125		98		28		57		24	
	128		25		35		15		6	
	20		16		7		44		6	
	17		19		0		189		0	
	53		76		0		81		0	
	32		27		0		70		30	
	32		27		0		112		30	
	33		39		0		48		28	
	43		49		0		19		16	
	37		27		17		142		23	
	45		55		11		34		21	
	73		62		21		116		31	
	85		68		22		90		66	
	36		91		0		120		0	
	36		91		0		120		0	

	----		----		----		----		----
	3443		3381		783		4908		1387	
	----		----		----		----		----
	1.000000	0.981992	0.450000	1.568552	0.574565
	-		---		------		----		------
	C		CPP		HASKELL		JAVA		PYTHON
	-		---		------		----		------
	37.000000	44.000000	16.65000*	58.03643*	21.25891*
	37.000000	44.000000	16.65000*	58.03643*	21.25891*
	51.000000	59.000000	20.000000	97.000000	24.000000
	56.000000	59.000000	20.000000	120.000000	6.000000
	44.000000	41.000000	11.000000	32.000000	12.000000
	34.000000	19.000000	11.000000	32.000000	16.000000
	38.000000	19.000000	17.10000*	89.000000	10.000000
	53.000000	18.000000	23.85000*	89.000000	20.000000
	68.000000	63.000000	30.60000*	106.66155*	44.000000
	68.000000	63.000000	30.60000*	106.66155*	44.000000
	49.000000	31.000000	11.000000	73.000000	20.000000
	54.000000	46.000000	11.000000	39.000000	13.000000
	23.000000	59.000000	27.000000	30.000000	29.000000
	56.000000	47.000000	16.000000	31.000000	17.000000
	11.20172*	11.000000	5.04077*	17.57048*	6.43611*
	11.20172*	11.000000	5.04077*	17.57048*	6.43611*
	27.000000	27.000000	12.15000*	208.000000	15.51326*
	27.000000	27.000000	12.15000*	208.000000	15.51326*
	61.000000	36.000000	27.45000*	32.000000	15.000000
	44.000000	26.000000	19.80000*	55.000000	15.000000
	32.000000	27.000000	11.000000	27.000000	28.000000
	26.000000	22.000000	11.000000	40.000000	28.000000
	31.000000	64.000000	13.95000*	54.000000	55.000000
	31.000000	54.000000	13.95000*	99.000000	55.000000
	21.000000	28.000000	9.45000*	31.000000	52.000000
	21.000000	27.000000	9.45000*	31.000000	52.000000
	52.000000	37.000000	23.40000*	81.56472*	29.87738*
	52.000000	37.000000	23.40000*	81.56472*	29.87738*
	16.000000	22.000000	7.20000*	83.000000	9.19304*
	16.000000	22.000000	7.20000*	83.000000	9.19304*
	21.000000	72.000000	9.45000*	54.000000	14.000000
	78.000000	160.000000	35.10000*	121.000000	14.000000
	47.000000	19.000000	21.15000*	143.000000	27.00456*
	85.000000	19.000000	38.25000*	143.000000	48.83803*
	51.000000	53.000000	22.95000*	79.000000	29.30282*
	67.000000	53.000000	30.15000*	79.000000	38.49586*
	16.000000	41.000000	9.000000	76.000000	40.000000
	24.000000	28.000000	9.000000	25.000000	40.000000
	33.000000	38.000000	36.000000	134.000000	37.000000
	48.000000	42.000000	12.000000	44.000000	21.000000
	37.000000	35.000000	16.65000*	42.000000	31.000000
	54.000000	29.000000	24.30000*	36.000000	31.000000
	47.000000	40.000000	21.15000*	33.000000	27.00456*
	64.000000	68.000000	28.80000*	101.000000	36.77216*
	41.000000	194.000000	18.45000*	45.000000	23.55717*
	25.000000	24.000000	11.25000*	45.000000	14.36413*
	11.000000	16.000000	13.000000	22.000000	8.000000
	18.000000	18.000000	13.000000	26.000000	8.000000
	48.000000	58.000000	21.60000*	82.000000	58.000000
	56.000000	58.000000	25.20000*	37.000000	23.000000
	50.000000	51.000000	43.000000	124.000000	27.000000
	65.000000	61.000000	37.000000	91.000000	33.000000
	192.000000	84.000000	120.000000	175.000000	89.000000
	91.000000	84.000000	93.000000	53.000000	53.000000
	98.000000	41.000000	43.000000	155.000000	56.30738*
	98.000000	81.000000	43.000000	43.000000	56.30738*
	58.000000	54.000000	22.000000	60.000000	24.000000
	125.000000	98.000000	28.000000	57.000000	24.000000
	128.000000	25.000000	35.000000	15.000000	6.000000
	20.000000	16.000000	7.000000	44.000000	6.000000
	17.000000	19.000000	7.65000*	189.000000	9.76761*
	53.000000	76.000000	23.85000*	81.000000	30.45195*
	32.000000	27.000000	14.40000*	70.000000	30.000000
	32.000000	27.000000	14.40000*	112.000000	30.000000
	33.000000	39.000000	14.85000*	48.000000	28.000000
	43.000000	49.000000	19.35000*	19.000000	16.000000
	37.000000	27.000000	17.000000	142.000000	23.000000
	45.000000	55.000000	11.000000	34.000000	21.000000
	73.000000	62.000000	21.000000	116.000000	31.000000
	85.000000	68.000000	22.000000	90.000000	66.000000
	36.000000	91.000000	16.20000*	120.000000	20.68434*
	36.000000	91.000000	16.20000*	120.000000	20.68434*
	----		----		----		----		----
	3465.403320	3381.000000	1559.431641	5435.666504	1991.099609
	-		---		------		----		------
	37.000000	44.000000	18.48150**	67.32227**	24.23516**
	37.000000	44.000000	18.48150**	67.32227**	24.23516**
	51.000000	59.000000	20.000000	97.000000	24.000000
	56.000000	59.000000	20.000000	120.000000	6.000000
	44.000000	41.000000	11.000000	32.000000	12.000000
	34.000000	19.000000	11.000000	32.000000	16.000000
	38.000000	19.000000	18.98100**	89.000000	10.000000
	53.000000	18.000000	26.47350**	89.000000	20.000000
	68.000000	63.000000	33.96600**	123.72740**	44.000000
	68.000000	63.000000	33.96600**	123.72740**	44.000000
	49.000000	31.000000	11.000000	73.000000	20.000000
	54.000000	46.000000	11.000000	39.000000	13.000000
	23.000000	59.000000	27.000000	30.000000	29.000000
	56.000000	47.000000	16.000000	31.000000	17.000000
	13.44206**	11.000000	5.59526**	20.38175**	7.33717**
	13.44206**	11.000000	5.59526**	20.38175**	7.33717**
	27.000000	27.000000	13.48650**	208.000000	17.68511**
	27.000000	27.000000	13.48650**	208.000000	17.68511**
	61.000000	36.000000	30.46950**	32.000000	15.000000
	44.000000	26.000000	21.97800**	55.000000	15.000000
	32.000000	27.000000	11.000000	27.000000	28.000000
	26.000000	22.000000	11.000000	40.000000	28.000000
	31.000000	64.000000	15.48450**	54.000000	55.000000
	31.000000	54.000000	15.48450**	99.000000	55.000000
	21.000000	28.000000	10.48950**	31.000000	52.000000
	21.000000	27.000000	10.48950**	31.000000	52.000000
	52.000000	37.000000	25.97400**	94.61507**	34.06021**
	52.000000	37.000000	25.97400**	94.61507**	34.06021**
	16.000000	22.000000	7.99200**	83.000000	10.48007**
	16.000000	22.000000	7.99200**	83.000000	10.48007**
	21.000000	72.000000	10.48950**	54.000000	14.000000
	78.000000	160.000000	38.96100**	121.000000	14.000000
	47.000000	19.000000	23.47650**	143.000000	30.78519**
	85.000000	19.000000	42.45750**	143.000000	55.67535**
	51.000000	53.000000	25.47450**	79.000000	33.40521**
	67.000000	53.000000	33.46650**	79.000000	43.88528**
	16.000000	41.000000	9.000000	76.000000	40.000000
	24.000000	28.000000	9.000000	25.000000	40.000000
	33.000000	38.000000	36.000000	134.000000	37.000000
	48.000000	42.000000	12.000000	44.000000	21.000000
	37.000000	35.000000	18.48150**	42.000000	31.000000
	54.000000	29.000000	26.97300**	36.000000	31.000000
	47.000000	40.000000	23.47650**	33.000000	30.78519**
	64.000000	68.000000	31.96800**	101.000000	41.92027**
	41.000000	194.000000	20.47950**	45.000000	26.85517**
	25.000000	24.000000	12.48750**	45.000000	16.37510**
	11.000000	16.000000	13.000000	22.000000	8.000000
	18.000000	18.000000	13.000000	26.000000	8.000000
	48.000000	58.000000	23.97600**	82.000000	58.000000
	56.000000	58.000000	27.97200**	37.000000	23.000000
	50.000000	51.000000	43.000000	124.000000	27.000000
	65.000000	61.000000	37.000000	91.000000	33.000000
	192.000000	84.000000	120.000000	175.000000	89.000000
	91.000000	84.000000	93.000000	53.000000	53.000000
	98.000000	41.000000	43.000000	155.000000	64.19041**
	98.000000	81.000000	43.000000	43.000000	64.19041**
	58.000000	54.000000	22.000000	60.000000	24.000000
	125.000000	98.000000	28.000000	57.000000	24.000000
	128.000000	25.000000	35.000000	15.000000	6.000000
	20.000000	16.000000	7.000000	44.000000	6.000000
	17.000000	19.000000	8.49150**	189.000000	11.13507**
	53.000000	76.000000	26.47350**	81.000000	34.71522**
	32.000000	27.000000	15.98400**	70.000000	30.000000
	32.000000	27.000000	15.98400**	112.000000	30.000000
	33.000000	39.000000	16.48350**	48.000000	28.000000
	43.000000	49.000000	21.47850**	19.000000	16.000000
	37.000000	27.000000	17.000000	142.000000	23.000000
	45.000000	55.000000	11.000000	34.000000	21.000000
	73.000000	62.000000	21.000000	116.000000	31.000000
	85.000000	68.000000	22.000000	90.000000	66.000000
	36.000000	91.000000	17.98200**	120.000000	23.58015**
	36.000000	91.000000	17.98200**	120.000000	23.58015**
	----		----		----		----		----
	3469.884277	3381.000000	1644.839111	5520.092773	2075.673584
---------------------------------------------------------------------------
	20		9		2		20		0	
	26		9		20		0		0	
	0		20		0		0		0	
	2		0		0		0		17	
	50		50		19		41		19	
	30		50		19		41		19	
	33		0		13		31		0	
	0		33		5		0		0	
	0		2		8		0		3	
	11		27		0		11		38	
	23		22		0		0		0	
	5		7		0		0		0	

	----		----		----		----		----
	200		229		86		144		96	
	----		----		----		----		----
	1.000000	1.387879	0.540881	1.000000	1.032258
	-		---		------		----		------
	C		CPP		HASKELL		JAVA		PYTHON
	-		---		------		----		------
	20.000000	9.000000	2.000000	20.000000	20.64516*
	26.000000	9.000000	20.000000	26.00000*	26.83871*
	14.41048*	20.000000	7.79435*	14.41048*	14.87533*
	2.000000	2.77576*	1.08176*	2.00000*	17.000000
	50.000000	50.000000	19.000000	41.000000	19.000000
	30.000000	50.000000	19.000000	41.000000	19.000000
	33.000000	45.80000*	13.000000	31.000000	34.06451*
	23.77729*	33.000000	5.000000	23.77729*	24.54430*
	1.44105*	2.000000	8.000000	1.44105*	3.000000
	11.000000	27.000000	5.94969*	11.000000	38.000000
	23.000000	22.000000	12.44025*	23.00000*	23.74194*
	5.000000	7.000000	2.70440*	5.00000*	5.16129*
	----		----		----		----		----
	239.628830	277.575745	115.970444	239.628830	245.871246
	-		---		------		----		------
	20.000000	9.000000	2.000000	20.000000	23.53548**
	26.000000	9.000000	20.000000	30.16000**	30.59613**
	17.29258**	20.000000	8.65173**	16.71616**	16.95788**
	2.000000	3.30315**	1.20075**	2.32000**	17.000000
	50.000000	50.000000	19.000000	41.000000	19.000000
	30.000000	50.000000	19.000000	41.000000	19.000000
	33.000000	54.50200**	13.000000	31.000000	38.83355**
	28.53275**	33.000000	5.000000	27.58166**	27.98050**
	1.72926**	2.000000	8.000000	1.67162**	3.000000
	11.000000	27.000000	6.60415**	11.000000	38.000000
	23.000000	22.000000	13.80868**	26.68000**	27.06581**
	5.000000	7.000000	3.00189**	5.80000**	5.88387**
	----		----		----		----		----
	247.554581	286.805145	119.267189	254.929459	266.853210
---------------------------------------------------------------------------
