0.05	5592 
0.00	408
0.06	5460 
0.00	336
0.05	5504 
0.00	396
0.05	5856 
0.00	404
0.06	5876 
0.00	396
0.05	5644 
0.00	636
0.06	5572 
0.00	404
0.04	5572 
0.00	416
0.05	5520 
0.00	328
0.05	5548 
0.00	396
0.05	5488 
0.00	404
0.05	5476 
0.00	404
0.05	5588 
0.00	404
0.05	5552 
0.00	404
0.05	5536 
0.00	400
0.06	5552 
0.00	404
0.04	5580 
0.00	404
0.04	5568 
0.00	384
0.04	5612 
0.00	404
0.05	5592 
0.00	400
0.06	5804 
0.00	408
0.04	5608 
0.00	448
0.05	5676 
0.00	420
0.05	5528 
0.00	364
0.05	5460 
0.00	408
0.05	5548 
0.00	452
0.05	5568 
0.00	412
0.05	5528 
0.00	416
0.05	5636 
0.00	416
0.05	5524 
0.00	412
0.05	5724 
0.00	412
0.05	5512 
0.00	404
0.05	5580 
0.00	404
0.04	5564 
0.00	400
0.05	5448 
0.00	412
0.04	5512 
0.00	404
0.05	5476 
0.00	384
0.05	5768 
0.00	352
0.04	5496 
0.00	460
0.05	5656 
0.00	412
0.05	5592 
0.00	408
0.05	5656 
0.00	404
0.04	5724 
0.00	384
0.06	5940 
0.00	376
0.05	5612 
0.00	364
0.05	5668 
0.00	368
0.08	6872 
0.00	392
0.06	5720 
0.00	416
0.06	5556 
0.00	404
0.05	5812 
0.00	404
0.05	5852 
0.00	408
0.05	5700 
0.00	372
0.22	15788 
0.00	936
0.24	15732 
0.00	880
0.23	16148 
0.00	988
0.22	15924 
0.00	932
0.25	17648 
0.00	928
0.23	15988 
0.00	928
0.24	15892 
0.00	928
0.24	15892 
0.00	924
0.23	15980 
0.00	872
0.08	6668 
0.00	728
0.32	22040 
0.00	948
0.09	6492 
0.00	800
0.08	6492 
0.00	808
0.25	16708 
0.00	956
0.25	15848 
0.00	936
0.23	15844 
0.00	936
0.09	6496 
0.00	800
0.23	16040 
0.00	992
0.30	19236 
0.00	992
0.09	6492 
0.00	804
0.24	15896 
0.03	932
0.08	6492 
0.00	816
0.23	16000 
0.00	900
0.23	15992 
0.00	904
0.07	6488 
0.00	808
0.26	18660 
0.00	792
0.09	6644 
0.00	816
0.23	15992 
0.00	952
0.08	6560 
0.00	804
0.24	15988 
0.00	936
0.24	16088 
0.00	944
0.24	16092 
0.00	948
0.09	6856 
0.00	804
0.26	16184 
0.00	944
0.26	18440 
0.00	996
0.08	6496 
0.00	804
0.08	6492 
0.00	780
0.26	18672 
0.00	752
0.22	15820 
0.00	932
0.08	6576 
0.00	796
0.10	6492 
0.00	804
0.31	18068 
0.00	992
0.34	20176 
0.00	984
0.11	6936 
0.00	780
0.10	6544 
0.00	764
0.25	16124 
0.00	988
0.09	6572 
0.00	816
0.10	6592 
0.00	824
0.08	6496 
0.00	800
0.08	6492 
0.00	800
0.09	6696 
0.00	780
0.17	10560 
0.00	796
0.63	28604 
0.11	12404
0.61	29744 
0.11	11744
0.61	28868 
0.11	11768
0.60	28644 
0.11	12852
0.65	28872 
0.16	15620
0.65	31672 
0.10	11768
0.71	34504 
0.13	23572
0.64	29780 
0.10	11760
0.64	29800 
0.11	11760
0.62	29628 
0.10	11764
0.66	28696 
0.11	11776
0.65	28624 
0.10	11784
0.64	29956 
0.11	11796
0.62	28600 
0.10	11748
0.62	28620 
0.11	11744
0.63	31644 
0.10	11812
0.63	30168 
0.15	12524
0.65	32748 
0.11	11916
0.64	29828 
0.11	11852
0 0
0 0
0.64	32784 
0.11	11952
0.62	28616 
0.11	11796
0.61	28636 
0.18	16216
0.62	28624 
0.35	17848
0 0
0 0
0.64	28908 
0.11	11788
0.63	30316 
0.15	13444
0.62	28560 
0.11	11828
0.64	29884 
0.11	11840
0 0
0 0
0.60	28620 
0.10	11740
0.61	28656 
0.12	12104
0.65	28708 
0.13	13672
0.62	29936 
0.15	14636
0.64	30080 
0.11	12680
0.65	29952 
0.14	18888
0.62	28732 
0.11	11820
0.62	30012 
0.11	11816
0.62	31520 
0.11	13696
0.68	31536 
0.11	13692
0.63	28640 
0.10	11760
0.61	28640 
0.11	11764
0.63	28636 
0.11	11768
0.60	28644 
0.11	11748
0.63	29896 
0.10	11800
0.65	29836 
0.11	11796
0.64	29820 
0.11	11832
0.62	28648 
0.11	11772
0 0
0.03	4496
0 0
0.02	4508
0 0
0.02	4500
0 0
0.02	4500
0 0
0.04	4508
0 0
0.04	4532
0 0
0.03	4524
0 0
0.03	4496
0 0
0.03	4500
0 0
0.02	4496
0 0
0.03	4488
0 0
0.02	4496
0 0
0.03	4508
0 0
0.03	4516
0 0
0.03	4504
0 0
0.03	4500
0 0
0.03	4496
0 0
0.02	4496
0 0
0.03	4552
0 0
0.03	4524
0 0
0.03	4532
0 0
0.04	4528
0 0
0.03	4504
0 0
0.02	4496
0 0
0.16	4484
0 0
0.05	4504
0 0
0 0
0 0
0.03	4508
0 0
0.03	4508
0 0
0.03	4528
0 0
0.03	4504
0 0
0.03	4492
0 0
0.03	4496
0 0
0.02	4500
0 0
0.03	4500
0 0
0.06	4500
0 0
0.06	4500
0 0
0.13	4520
0 0
0.04	4516
0 0
0.03	4492
0 0
0.03	4496
0 0
0.03	4524
0 0
0.03	4516
0 0
0 0
0 0
0.03	4512
0 0
0.03	4576
0 0
0.03	4496
0 0
0.02	4492
0 0
0.04	4496
0 0
0.02	4496
