0.05	5588 
444
0.05	5624 
372
0.02	3628 
368
0.06	5504 
424
0.05	5800 
528
0.01	3572 
524
0.01	3572 
528
0.06	5876 
480
0.05	5644 
744
0.01	3584 
744
0.01	3604 
732
0.05	5572 
440
0.06	5572 
440
0.01	3572 
440
0.01	3572 
436
0.06	5520 
364
0.06	5600 
436
0.01	3572 
436
0.01	3592 
424
0.05	5488 
436
0.04	5476 
436
0.01	3568 
436
0.01	3568 
436
0.06	5588 
436
0.05	5552 
444
0.01	3584 
440
0.01	3632 
448
0.06	5536 
436
0.04	5612 
436
0.01	3580 
436
0.02	3576 
432
0.05	5572 
432
0.06	5568 
412
0.01	3560 
416
0.01	3560 
412
0.06	5612 
436
0.06	5588 
440
0.01	3608 
432
0.01	3580 
432
0.07	5804 
440
0.06	5604 
480
0.05	5668 
448
0.04	5528 
408
0.01	3572 
396
0.01	3572 
396
0.06	5452 
436
0.04	5544 
484
0.01	3612 
480
0.02	3612 
480
0.06	5560 
448
0.06	5528 
448
0.06	5628 
440
0.06	5520 
432
0.01	3576 
436
0.01	3576 
432
0.06	5720 
444
0.06	5508 
436
0.01	3588 
440
0.01	3580 
436
0.07	5580 
440
0.06	5564 
436
0.01	3628 
436
0.01	3580 
432
0.05	5448 
436
0.05	5460 
436
0.01	3572 
432
0.06	5476 
412
0.05	5712 
380
0.01	3572 
384
0.01	3568 
380
0.05	5496 
500
0.05	5648 
444
0.01	3596 
448
0.01	3584 
448
0.05	5588 
436
0.07	5656 
440
0.01	3568 
440
0.01	3564 
436
0.06	5716 
416
0.07	5996 
408
0.02	3584 
408
0.01	3588 
404
0.05	5604 
396
0.05	5604 
400
0.09	6868 
428
0.06	5660 
456
0.01	3588 
456
0.01	3576 
456
0.06	5556 
436
0.05	5816 
436
0.01	3564 
444
0.01	3560 
436
0.06	5852 
440
0.05	5752 
404
0.01	3576 
400
0.01	3576 
400
