0 0.361
0 0.005
0 0.371
0 0.006
0 0.001
0 0.001
0 0.000
0 0.002
0 0.000
0 0.001
0 0.000
0 0.002
0 0.001
0 0.002
0 0.000
0 0.002
0 0.000
0 0.003
0 0.001
0 0.000
0 0.000
0 0.001
0 0.000
0 0.000
0 1.117
0 0.003
0 0.018
0 0.003
0 0.000
0 0.002
0 0.001
0 0.001
0 0.001
0 0.001
0 0.000
0 0.002
0 0.001
0 0.000
0 0.000
0 0.001
0 0.000
0 0.001
0 0.000
0 0.001
0 0.001
0 0.000
0 0.000
0 0.001
0 0.000
0 0.001
0 0.000
0 0.001
0 0.001
0 0.003
0 0.001
0 0.002
0 0.412
0 0.002
0 0.008
0 0.000
0 0.007
0 0.002
0 0.011
0 0.000
0 0.022
0 0.000
0 0.022
0 0.002
0 0.021
0 0.000
0 0.018
0 0.001
0 0.308
0 0.000
0 0.001
0 0.001
0 0.031
0 0.002
0 0.028
0 0.001
0 4.115
0 0.004
0 1.275
0 0.004
0 0.000
0 0.003
0 0.000
0 0.000
0 0.324
0 0.015
0 1.013
0 2.533
0 0.007
0 0.001
0 0.006
0 0.003
0 0.200
0 0.004
0 0.034
0 0.004
0 0.000
0 0.002
0 0.000
0 0.000
0 0.055
0 0.002
0 0.025
0 0.000
0 0.012
0 0.005
0 0.023
0 0.001
0 0.000
0 0.000
0 0.001
0 0.000
0 0.000
0 0.002
0 0.000
0 0.000
0 0.001
0 0.002
0 0.001
0 0.000
0 0.003
0 0.001
0 0.001
0 0.000
0 0.007
0 0.002
0 0.000
0 0.002
0 0.051
0 0.002
0 0.026
0 0.000
0 0.013
0 0.008
0 0.013
0 0.004
