0.366000
0.377000
0.002000
0.002000
0.001000
0.002000
0.003000
0.002000
0.003000
0.001000
0.001000
0.000000
1.120000
0.021000
0.002000
0.002000
0.002000
0.002000
0.001000
0.001000
0.001000
0.001000
0.001000
0.001000
0.001000
0.001000
0.004000
0.003000
0.414000
0.008000
0.009000
0.011000
0.022000
0.024000
0.021000
0.019000
0.308000
0.002000
0.033000
0.029000
4.119000
1.279000
0.003000
0.000000
0.339000
3.546000
0.008000
0.009000
0.204000
0.038000
0.002000
0.000000
0.057000
0.025000
0.017000
0.024000
0.000000
0.001000
0.002000
0.000000
0.003000
0.001000
0.004000
0.001000
0.009000
0.002000
0.053000
0.026000
0.021000
0.017000
