0.000100 432.000000
0.001000 436.000000
0.000100 432.000000
0.001000 444.000000
0.001000 436.000000
0.001000 440.000000
0.000100 436.000000
0.000100 440.000000
0.000100 436.000000
0.001000 436.000000
0.001000 432.000000
0.000100 436.000000
0.000100 436.000000
0.001000 432.000000
0.013000 412.000000
0.006000 380.000000
0.007000 384.000000
0.010000 380.000000
0.008000 500.000000
0.000100 444.000000
0.001000 448.000000
0.001000 448.000000
0.000100 436.000000
0.001000 440.000000
0.001000 440.000000
0.001000 436.000000
0.000100 416.000000
0.001000 408.000000
0.000100 408.000000
0.000100 404.000000
0.000100 396.000000
0.000100 400.000000
0.000100 428.000000
0.000100 456.000000
0.001000 456.000000
0.002000 456.000000
0.001000 436.000000
0.001000 436.000000
0.000100 444.000000
0.000100 436.000000
0.001000 440.000000
0.000100 404.000000
0.001000 400.000000
0.001000 400.000000
