0.44	7668 
46.24	66204
0.08	7456 
0.01	768
0.01	3624 
0.01	760
0.00	3628 
0.01	760
0 0
0 0
0 0
0 0
0.15	9088 
0.53	724
0.15	9084 
0.45	720
0.01	3680 
0.48	720
0.00	3628 
0.63	724
0.09	8548 
0.00	468
0.20	10848 
0.00	464
0.01	3812 
0.00	468
0.01	3692 
0.00	468
0.10	7684 
0.00	572
0.08	7908 
0.00	572
0.08	8080 
0.00	560
0.08	7732 
0.00	552
0.16	8912 
0.07	20624
0.16	8908 
0.04	20604
0.01	3628 
0.04	20616
0.01	3628 
0.04	20608
0.22	9312 
0.11	1120
0.21	9364 
0.12	1112
0.00	3628 
0.12	1108
0.01	3704 
0.12	1116
0.08	8096 
0.00	656
0.08	7832 
15.52	660
0.01	3628 
15.49	656
0.01	3632 
15.49	656
0.38	8016 
5.05	1080
0.07	8020 
5.04	1076
0.01	3760 
0.00	232
0.01	3764 
0.00	232
0.07	7248 
0.01	588
0.09	8132 
0.00	608
0.01	3756 
0.00	612
0.01	3756 
0.00	616
0.08	7836 
2.55	652
0.12	9232 
0.40	708
0.01	3804 
0.40	712
0.00	3628 
0.40	712
0.11	7688 
718.20	2652
0.07	7688 
714.81	2652
0.02	3768 
769.55	2648
0.02	3768 
732.46	2648
