0.060000 5640.000000
0.014000 440.000000
0.050000 5624.000000
0.010000 372.000000
0.060000 5552.000000
0.000100 424.000000
0.050000 5796.000000
0.001000 524.000000
0.060000 5936.000000
0.014000 488.000000
0.060000 5640.000000
0.004000 732.000000
0.050000 5572.000000
0.000100 436.000000
0.050000 5572.000000
0.000100 440.000000
0.050000 5520.000000
0.001000 364.000000
0.050000 5544.000000
0.000100 424.000000
0.050000 5484.000000
0.001000 436.000000
0.050000 5476.000000
0.001000 432.000000
0.050000 5588.000000
0.012000 436.000000
0.040000 5552.000000
0.007000 436.000000
0.060000 5532.000000
0.006000 432.000000
0.060000 5552.000000
0.003000 436.000000
0.050000 5576.000000
0.002000 444.000000
0.050000 5572.000000
0.001000 416.000000
0.050000 5612.000000
0.000100 436.000000
0.050000 5588.000000
0.001000 432.000000
0.050000 5800.000000
0.000100 440.000000
0.050000 5604.000000
0.001000 480.000000
0.050000 5724.000000
0.000100 452.000000
0.060000 5524.000000
0.001000 400.000000
0.040000 5508.000000
0.008000 448.000000
0.050000 5548.000000
0.001000 480.000000
0.050000 5560.000000
0.002000 456.000000
0.050000 5528.000000
0.002000 444.000000
0.060000 5632.000000
0.001000 440.000000
0.050000 5524.000000
0.000100 432.000000
0.060000 5724.000000
0.001000 444.000000
0.050000 5512.000000
0.000100 436.000000
0.050000 5580.000000
0.000100 436.000000
0.050000 5616.000000
0.000100 436.000000
0.050000 5444.000000
0.001000 436.000000
0.060000 5456.000000
0.000100 432.000000
0.050000 5524.000000
0.016000 420.000000
0.050000 5708.000000
0.006000 384.000000
0.050000 5496.000000
0.010000 492.000000
0.060000 5700.000000
0.002000 444.000000
0.050000 5588.000000
0.000100 436.000000
0.050000 5660.000000
0.001000 440.000000
0.050000 5720.000000
0.001000 412.000000
0.080000 5940.000000
0.000100 404.000000
0.050000 5608.000000
0.001000 396.000000
0.050000 5608.000000
0.000100 408.000000
0.080000 6868.000000
0.000100 424.000000
0.070000 5720.000000
0.000100 456.000000
0.060000 5556.000000
0.000100 436.000000
0.050000 5816.000000
0.000100 436.000000
0.060000 5852.000000
0.000100 436.000000
0.050000 5700.000000
0.000100 404.000000
