0.24	15784 
1244
0.23	15848 
876
0.27	16180 
988
0.24	15864 
940
0.26	17700 
968
0.25	15988 
992
0.24	15944 
928
0.23	15892 
924
0.24	15980 
872
0.08	6552 
728
0.35	22032 
948
0.08	6496 
804
0.08	6496 
804
0.25	16760 
952
0.23	15848 
940
0.22	15896 
940
0.08	6492 
800
0.23	16032 
988
0.29	19292 
992
0.09	6492 
800
0.23	15888 
932
0.08	6492 
808
0.23	15992 
904
0.23	15996 
900
0.10	6492 
808
0.28	18656 
792
0.11	6644 
812
0.24	15992 
956
0.08	6608 
800
0.24	15984 
940
0.23	16088 
948
0.24	16088 
948
0.09	6856 
804
0.25	16180 
948
0.28	18380 
992
0.09	6492 
804
0.08	6496 
772
0.28	18672 
752
0.23	15872 
940
0.08	6516 
792
0.10	6564 
804
0.29	18064 
988
0.34	20216 
892
0.10	6928 
776
0.09	6540 
776
0.24	16180 
984
0.08	6576 
824
0.08	6588 
820
0.08	6492 
800
0.08	6492 
804
0.09	6696 
776
0.16	10560 
792
