0 0.039
0 0.099
0 0.000
0 0.005
0 0.004
0 0.001
0 0.004
0 0.001
0 0.010
0 0.001
0 0.003
0 0.002
0 0.000
0 0.002
0 0.001
0 0.001
0 0.001
0 0.000
0 0.000
0 0.001
0 0.001
0 0.000
0 0.001
0 0.001
0 0.006
0 0.002
0 0.043
0 0.026
0 0.010
0 0.006
0 0.004
0 0.003
0 0.000
0 0.001
0 0.006
0 0.005
0 0.002
0 0.003
0 0.000
0 0.001
0 0.054
0 0.002
0 0.001
0 0.000
0 0.000
0 0.002
0 0.000
0 0.003
0 0.005
0 0.002
0 0.001
0 0.001
0 0.002
0 0.000
0 0.002
0 0.001
0 0.000
0 0.001
0 0.001
0 0.002
0 0.000
0 0.001
0 0.000
0 0.001
0 0.000
0 0.001
0 0.000
0 0.002
0 0.001
0 0.000
0 0.001
0 0.000
0 0.014
0 0.002
0 0.002
0 0.001
0 0.010
0 0.001
0 0.001
0 0.000
0 0.000
0 0.000
0 0.001
0 0.002
0 0.008
0 0.001
0 0.003
0 0.001
0 0.001
0 0.000
0 0.002
0 0.001
0 0.001
0 0.000
0 0.001
0 0.000
0 0.002
0 0.000
0 0.002
0 0.001
0 0.002
0 0.000
0 0.003
0 0.001
