0.240000 15784.000000
0.138000 1244.000000
0.230000 15848.000000
0.007000 876.000000
0.270000 16180.000000
0.005000 988.000000
0.240000 15864.000000
0.003000 940.000000
0.260000 17700.000000
0.016000 968.000000
0.250000 15988.000000
0.004000 992.000000
0.240000 15944.000000
0.000100 928.000000
0.230000 15892.000000
0.000100 924.000000
0.240000 15980.000000
0.002000 872.000000
0.080000 6552.000000
0.001000 728.000000
0.350000 22032.000000
0.000100 948.000000
0.080000 6496.000000
0.001000 804.000000
0.080000 6496.000000
0.012000 804.000000
0.250000 16760.000000
0.067000 952.000000
0.230000 15848.000000
0.008000 940.000000
0.220000 15896.000000
0.009000 940.000000
0.080000 6492.000000
0.000100 800.000000
0.230000 16032.000000
0.005000 988.000000
0.290000 19292.000000
0.001000 992.000000
0.090000 6492.000000
0.001000 800.000000
0.230000 15888.000000
0.043000 932.000000
0.080000 6492.000000
0.002000 808.000000
0.230000 15992.000000
0.003000 904.000000
0.230000 15996.000000
0.002000 900.000000
0.100000 6492.000000
0.005000 808.000000
0.280000 18656.000000
0.006000 792.000000
0.110000 6644.000000
0.004000 812.000000
0.240000 15992.000000
0.003000 956.000000
0.080000 6608.000000
0.002000 800.000000
0.240000 15984.000000
0.001000 940.000000
0.230000 16088.000000
0.003000 948.000000
0.240000 16088.000000
0.002000 948.000000
0.090000 6856.000000
0.000100 804.000000
0.250000 16180.000000
0.003000 948.000000
0.280000 18380.000000
0.002000 992.000000
0.090000 6492.000000
0.001000 804.000000
0.080000 6496.000000
0.011000 772.000000
0.280000 18672.000000
0.002000 752.000000
0.230000 15872.000000
0.005000 940.000000
0.080000 6516.000000
0.002000 792.000000
0.100000 6564.000000
0.001000 804.000000
0.290000 18064.000000
0.001000 988.000000
0.340000 20216.000000
0.011000 892.000000
0.100000 6928.000000
0.003000 776.000000
0.090000 6540.000000
0.002000 776.000000
0.240000 16180.000000
0.003000 984.000000
0.080000 6576.000000
0.002000 824.000000
0.080000 6588.000000
0.004000 820.000000
0.080000 6492.000000
0.001000 800.000000
0.080000 6492.000000
0.002000 804.000000
0.090000 6696.000000
0.002000 776.000000
0.160000 10560.000000
0.003000 792.000000
