0.198000
0.196000
0.001000
0.003000
0.001000
0.002000
0.007000
0.006000
0.007000
0.003000
0.001000
0.002000
0.006000
0.010000
0.003000
0.005000
0.002000
0.001000
0.003000
0.014000
0.002000
0.002000
0.001000
0.003000
0.015000
0.021000
0.001000
0.002000
0.003000
0.003000
0.012000
0.016000
0.008000
0.010000
0.005000
0.002000
0.029000
0.029000
0.352000
0.005000
0.036000
0.033000
9.888000
8.645000
0.000000
0.001000
6.264000
6.422000
0.002000
0.004000
0.195000
0.060000
0.000000
0.000000
0.065000
0.011000
0.053000
0.032000
0.003000
0.002000
0.001000
0.003000
0.001000
0.001000
0.004000
0.005000
0.011000
0.006000
0.069000
0.075000
0.024000
0.025000
