0 0
0.0632441043854
4536
0 0
0 0
0 0
0.0022029876709
4536
0 0
0.00227904319763
4536
0 0
0.405761957169
4820
0 0
0.201689958572
4984
0 0
0.000921964645386
4532
0 0
0.00113892555237
4556
0 0
0.000223875045776
4536
0 0
0.000433921813965
4528
0 0
0.000221967697144
4536
0 0
0.000204086303711
4536
0 0
0.390470027924
4664
0 0
0.142382860184
4536
0 0
0.167896032333
4576
0 0
0.179580926895
4572
0 0
0.00239205360413
4532
0 0
0.00209903717041
4528
0 0
0.0115559101105
4544
0 0
0.00168991088867
4544
0 0
0 0
0 0
0 0
0 0
0.000686883926392
4532
0 0
0.000633001327515
4540
0 0
0.131373882294
4532
0 0
0.014594078064
4544
0 0
0 0
0 0
0 0
0 0
0.00310802459717
4540
0 0
0.003084897995
4536
0 0
0.000159978866577
4556
0 0
0.0015549659729
4536
0 0
0.00135898590088
4536
0 0
0.000164031982422
4532
0 0
0.000621795654297
4536
0 0
0 0
0 0
0.0803651809692
4560
0 0
0.0779638290405
4560
0 0
0.0814859867096
4560
0 0
0.00999212265015
4540
0 0
0.00195813179016
4532
0 0
0.00203013420105
4536
0 0
0.000733137130737
4544
0 0
0.000737905502319
4548
0 0
0 0
0 0
0 0
0 0
0.00102090835571
4608
0 0
0.00141596794128
4592
0 0
0.0012800693512
4532
0 0
0.00112009048462
4548
0 0
0.00164794921875
4536
0 0
0.00160694122314
4532
