0 0
68373.0
4536
0 0
0 0
0 0
2230.0
4540
0 0
2363.0
4536
0 0
399088.0
4824
0 0
198789.0
4988
0 0
917.0
4544
0 0
1206.0
4540
0 0
206.0
4536
0 0
658.0
4536
0 0
206.0
4540
0 0
205.0
4540
0 0
390718.0
4668
0 0
152711.0
4540
0 0
168408.0
4580
0 0
414572.0
4572
0 0
5331.0
4532
0 0
5245.0
4556
0 0
28230.0
4544
0 0
5595.0
4544
0 0
0 0
0 0
0 0
0 0
1200.0
4544
0 0
678.0
4540
0 0
126087.0
4536
0 0
19844.0
4548
0 0
0 0
0 0
0 0
0 0
3070.0
4540
0 0
3159.0
4548
0 0
338.0
4532
0 0
3660.0
4544
0 0
3105.0
4540
0 0
162.0
4532
0 0
634.0
4536
0 0
0 0
0 0
78914.0
4560
0 0
77793.0
4568
0 0
89874.0
4556
0 0
9902.0
4548
0 0
4753.0
4540
0 0
4812.0
4536
0 0
1788.0
4572
0 0
753.0
4552
0 0
0 0
0 0
0 0
0 0
1111.0
4608
0 0
1410.0
4600
0 0
959.0
4540
0 0
934.0
4536
0 0
1629.0
4540
0 0
5387.0
4540
