
	1735.000000
	1740.000000
	870.588318
	2900.568848
	829.261108
	------------
	2804.148926
	3077.371582
	1777.132690
	5913.246094
	2293.910156
	------------
	684.000000
	541.000000
	242.594177
	646.195679
	211.896667
	------------
	3469.884277
	3381.000000
	1644.839111
	5520.092773
	2075.673584
	------------
	247.554581
	286.805145
	119.267189
	254.929459
	266.853210
	------------
	2.749999
	10.449997
	39.970089
	293436.000000
	653672.000000
	1561432.000000
	0.140400
	0.463000
	10.546188
	4.484452
	22976.000000
	45932.000000
	776929.750000
	242561.703125
	5.090940
	11.923087
	35.171913
	535715.875000
	806313.687500
	1611778.750000
	12.334313
	24.534626
	67.726601
	84.937080
	69611.406250
	100419.375000
	1298704.000000
	383640.218750
	0.830000
	2.320000
	9.444600
	83980.000000
	171540.000000
	437864.968750
	0.749200
	0.922000
	40.546837
	3.607112
	6996.000000
	11348.000000
	1676928.750000
	69956.031250
	7.144359
	14.400001
	55.310463
	616860.125000
	1003656.000000
	2134221.750000
	12.635884
	32.908298
	56.675137
	345.146790
	54687.398438
	80924.000000
	1296927.375000
	414604.968750
	3.279998
	10.750000
	26.132273
	38.704891
	293292.000000
	653428.000000
	2225763.500000
	1569598.250000
	0.142000
	0.421100
	762.647339
	8.210369
	4.899380
	22904.000000
	45808.000000
	261134.765625
	782951.125000
	241922.703125
	6.089891
	13.835288
	38.895618
	36.780727
	535872.687500
	806230.687500
	3661357.250000
	1622222.125000
	12.506904
	24.951124
	0.282761
	68.492035
	62.804253
	69546.062500
	100240.101562
	578306.812500
	1179943.500000
	379374.312500
	6.916388
	15.509998
	47.250935
	46.782982
	616651.875000
	1003792.000000
	4214517.000000
	2142867.250000
	10.088846
	23.501701
	1.023864
	36.858788
	220.451508
	54536.320312
	80784.000000
	612811.375000
	1342322.750000
	410854.593750
	1.020000
	2.470000
	7.084857
	10.003019
	84176.000000
	171688.000000
	576492.625000
	443505.125000
	0.759300
	0.934000
	0.016735
	35.820908
	3.612738
	6948.000000
	11328.000000
	37821.507812
	1690319.000000
	69389.703125
	2.729999
	9.369999
	28.540529
	33.389656
	293020.000000
	653772.000000
	2226516.500000
	1569519.750000
	0.126200
	0.444200
	0.011620
	7.464441
	4.504124
	22892.000000
	45796.000000
	261298.343750
	797139.375000
	241853.859375
	5.188562
	11.873231
	40.092560
	44.312710
	535674.500000
	806699.187500
	3665841.500000
	1623159.250000
	12.599560
	24.785398
	0.281929
	100.488937
	83.870178
	69566.781250
	100268.429688
	578992.812500
	1315184.125000
	379283.093750
	0.850000
	2.490000
	6.879683
	10.714312
	83992.000000
	171680.000000
	578892.187500
	443632.812500
	0.723500
	0.922000
	0.017649
	39.351254
	5.003512
	6940.000000
	11320.000000
	37635.019531
	1688928.000000
	69191.148438
	5.872509
	14.859998
	51.264271
	46.459675
	616783.000000
	1003484.000000
	4217138.000000
	2143695.500000
	10.059352
	25.359303
	1.082709
	40.041630
	255.813141
	54536.531250
	80760.000000
	612813.437500
	1238151.625000
	410978.875000
	2.679999
	9.479999
	28.362816
	33.859295
	293136.000000
	653748.000000
	2226292.000000
	1569763.250000
	0.127800
	0.426300
	0.008325
	7.313932
	4.570817
	22884.000000
	45824.000000
	261662.437500
	782000.187500
	241780.437500
	5.308624
	12.150689
	39.206802
	35.395340
	535954.375000
	806519.937500
	3656935.500000
	1621822.750000
	12.558915
	25.011353
	0.284256
	68.418030
	61.049000
	69545.781250
	100277.312500
	579994.375000
	1179760.875000
	379288.937500
	0.870000
	2.390000
	7.258652
	9.830224
	84052.000000
	171676.000000
	577459.000000
	443106.625000
	0.730400
	0.949000
	0.014630
	35.861816
	2.845302
	6972.000000
	11320.000000
	37770.460938
	1689919.750000
	69289.148438
	6.729966
	14.689996
	34.597649
	50.857803
	616859.250000
	1003840.000000
	4221439.000000
	2143715.000000
	10.049101
	26.791399
	0.919852
	44.317879
	304.879059
	54584.285156
	80764.000000
	613010.375000
	1343305.500000
	410887.937500
	2.799999
	9.440001
	28.926729
	33.684246
	293192.000000
	653888.000000
	2226113.000000
	1569935.250000
	0.116200
	0.442300
	0.011418
	7.542903
	4.502637
	22876.000000
	45792.000000
	261874.343750
	783154.875000
	241788.046875
	2.809999
	9.460000
	26.393122
	33.396473
	293032.000000
	653868.000000
	2049337.875000
	1569685.125000
	0.118400
	0.435200
	0.828438
	7.208959
	4.411657
	22884.000000
	45828.000000
	86706.054688
	785385.937500
	241936.500000
	5.252511
	12.135566
	41.196774
	36.733524
	535685.750000
	806141.562500
	3648794.000000
	1622516.125000
	12.856382
	26.121418
	1164.264038
	72.380867
	80.264870
	69582.625000
	100217.812500
	581299.375000
	1315016.375000
	379083.687500
	0.840000
	2.270000
	9.176001
	9.398880
	84104.000000
	171508.000000
	635608.187500
	443740.750000
	0.728400
	0.942100
	0.324784
	37.270496
	2.696853
	6952.000000
	11316.000000
	30117.736328
	1744025.750000
	69349.710938
	5.725448
	14.709998
	30.167019
	44.496136
	616971.000000
	1003692.000000
	2276315.250000
	2142714.000000
	10.021048
	24.971699
	42.960598
	36.439243
	283.134247
	54544.320312
	80796.000000
	366933.812500
	1343940.250000
	411063.906250
	2.649999
	9.009998
	24.986403
	32.640068
	293080.000000
	653704.000000
	2020735.250000
	1569711.000000
	0.127000
	0.447100
	0.757155
	7.266323
	4.342980
	22880.000000
	45836.000000
	88812.554688
	783756.562500
	241800.281250
	247.554581
	286.805145
	119.267189
	254.929459
	266.853210
	------------
	1735.000000
	1740.000000
	868.988037
	2900.568848
	829.261108
	------------
	4202.169434
	3530.234375
	3681.353027
	2771.540771
	2915.187500
	------------