
	1735.000000
	1740.000000
	868.988037
	2900.568848
	829.261108

	2804.148926
	3077.371582
	1755.912964
	5913.246094
	2293.910156

	3448.000000
	4664.262695
	2682.361084
	3944.000000
	2087.907227

	684.000000
	541.000000
	242.594177
	646.195679
	211.896667

	3469.884277
	3381.000000
	1608.470215
	5520.092773
	2075.673584



	2.689999
	9.959998
	31.133154
	35.265488
	293212.000000
	653804.000000
	2034047.750000
	1569574.875000
	0.144700
	0.442000
	0.898039
	7.886896
	4.149128
	23044.000000
	45900.000000
	89021.156250
	781760.562500
	242130.843750


	5.050717
	11.860747
	42.752266
	33.222408
	535780.875000
	806342.937500
	3746549.000000
	1621850.375000
	12.270114
	24.292023
	842.726807
	67.779297
	58.311398
	69642.875000
	100358.054688
	578071.375000
	1316861.000000
	379687.437500


	3.299998
	20.889179
	57.857182
	65.551483
	354976.000000
	1854807.500000
	5993124.500000
	4418002.500000
	0.249100
	407215.968750
	1089996.000000
	953190.625000
	7.069802
	3272376.500000
	23648.027344
	950467.875000
	2827639.250000
	2719906.750000
	256994.984375
	5294454210560.000000


	5.520000
	17.688599
	40.520039
	56.344322
	355104.000000
	1852890.750000
	5958673.000000
	4413747.000000
	0.264200
	404871.656250
	1144755.625000
	924810.187500
	8.283346
	3199147.000000
	23616.033203
	947916.937500
	2816920.000000
	2725641.500000
	257401.375000
	3538321145856.000000


	6.557170
	32.004482
	74.825294
	77.079933
	577743.187500
	2553683.000000
	7381086.500000
	4923207.500000
	17.343699
	323822.625000
	2279441.750000
	572715.500000
	50.133492
	33340326.000000
	47360.113281
	841022.625000
	8072457.500000
	3750847.250000
	310465.062500
	74990488.000000


	1.140000
	3.568628
	13.211403
	12.196610
	112424.000000
	269284.187500
	974092.250000
	633267.250000
	0.775000
	1.089828
	1.566665
	45.473824
	4.573312
	1432504.625000
	11016.000000
	19038.986328
	50931.429688
	3316346.500000
	111176.429688
	137178.609375


	7.857717
	36.304630
	95.585129
	109.404259
	568691.125000
	4519471.500000
	30419076.000000
	8481329.000000
	15.112305
	1019477.312500
	18967846.000000
	2486574.250000
	232.164291
	100984152.000000
	16650.298828
	1398576.500000
	42015008.000000
	4042789.750000
	147788.890625
	53802592.000000


	3.759998
	21.706717
	70.388153
	73.296021
	457988.000000
	1342787.250000
	4177189.500000
	3176001.000000
	0.242700
	0.611556
	1.088780
	13.679112
	7.527794
	3.730210
	43632.000000
	91728.578125
	157447.921875
	1513873.125000
	465846.687500
	461348.281250