0.96	36696 
1584
0.57	36692 
1584
0 0
0
0 0
0
0 0
0
0 0
0
0.08	17804 
804
0.05	17756 
808
0.09	19776 
956
0.07	19764 
952
0.02	17832 
944
0.03	17832 
944
0.06	19752 
988
0.05	19752 
992
0.97	51680 
232
0.58	51680 
232
0 0
0
0.60	53056 
1836
0.62	53644 
1828
0.48	38872 
320
0.49	39652 
232
0 0
0
0.04	17960 
944
0.06	17968 
944
0.05	17904 
952
0.06	17968 
948
0.90	35388 
316
0.45	40048 
228
0.34	37468 
1556
0.32	37468 
1556
0 0
0
0 0
0
0.07	19956 
984
0.06	19964 
992
0.07	18632 
776
0.07	18740 
784
0 0
0
0.68	53332 
2632
0.55	51524 
228
0.10	19996 
808
0.09	20004 
804
0 0
0
