0 0.050
0 0.012
0 0.052
0 0.011
0 0.001
0 0.002
0 0.000
0 0.002
0 0.131
0 0.003
0 0.137
0 0.003
0 0.016
0 0.000
0 0.024
0 0.004
0 0.002
0 0.001
0 0.002
0 0.002
0 0.002
0 0.004
0 0.002
0 0.003
0 0.001
0 0.001
0 0.002
0 0.000
0 0.010
0 0.003
0 0.014
0 0.004
0 0.000
0 0.001
0 0.001
0 0.002
0 0.009
0 0.002
0 0.004
0 0.002
0 0.000
0 0.002
0 0.000
0 0.002
0 0.001
0 0.002
0 0.000
0 0.001
0 0.003
0 0.001
0 0.000
0 0.005
0 0.003
0 0.001
0 0.001
0 0.004
0 0.009
0 0.003
0 0.003
0 0.000
0 0.005
0 0.000
0 0.005
0 0.002
