3.420000 35520.000000
0.051000 1552.000000
0.580000 35520.000000
0.051000 1552.000000
0.000000 0.000000
0.000000 0.000000
0.000000 0.000000
0.000000 0.000000
0.000000 0.000000
0.000000 0.000000
0.000000 0.000000
0.000000 0.000000
0.830000 35840.000000
0.003000 1176.000000
0.260000 28608.000000
0.002000 1172.000000
0.850000 48392.000000
0.130000 1808.000000
0.580000 48396.000000
0.131000 1800.000000
0.610000 48256.000000
0.016000 1796.000000
0.260000 25744.000000
0.017000 1792.000000
0.660000 48568.000000
0.008000 1804.000000
0.280000 22760.000000
0.009000 1796.000000
0.880000 50840.000000
0.004000 1552.000000
0.240000 24516.000000
0.006000 1548.000000
0.000000 0.000000
0.000000 0.000000
0.650000 48936.000000
0.006000 1816.000000
0.230000 26268.000000
0.005000 1800.000000
0.570000 35468.000000
0.017000 1524.000000
0.340000 28736.000000
0.014000 1532.000000
0.000000 0.000000
0.000000 0.000000
0.730000 48432.000000
0.004000 1552.000000
0.260000 25600.000000
0.005000 1548.000000
0.720000 49424.000000
0.008000 1804.000000
0.690000 49424.000000
0.008000 1816.000000
0.640000 37036.000000
0.002000 1284.000000
0.270000 28096.000000
0.001000 1284.000000
0.410000 34824.000000
0.002000 1260.000000
0.410000 34824.000000
0.003000 1260.000000
0.000000 0.000000
0.000000 0.000000
0.000000 0.000000
0.000000 0.000000
0.610000 48468.000000
0.006000 1532.000000
0.590000 48472.000000
0.002000 1528.000000
0.940000 41088.000000
0.005000 1544.000000
0.870000 41092.000000
0.004000 1552.000000
0.000000 0.000000
0.000000 0.000000
0.600000 49180.000000
0.013000 2572.000000
0.660000 51048.000000
0.002000 1372.000000
0.550000 48964.000000
0.002000 1272.000000
0.170000 22064.000000
0.003000 1284.000000
0.000000 0.000000
0.000000 0.000000
