0.61	28600 
0.17	26252
0.60	28616 
0.17	26248
0.62	29704 
0.10	11772
0.62	28872 
0.10	11796
0.62	28620 
0.16	16376
0.63	28880 
0.28	29808
0.63	31672 
0.10	11768
0.70	34504 
0.11	23564
0.61	29772 
0.11	11772
0.61	29788 
0.11	11764
0.61	29592 
0.10	11760
0.62	28688 
0.09	11788
0.61	28640 
0.53	22172
0.64	29944 
0.54	28588
0.61	28612 
0.16	13428
0.61	28636 
0.16	13776
0.63	31616 
0.13	11996
0.58	30136 
0.19	15436
0.63	32748 
0.11	11920
0.62	29816 
0.12	11876
0 0
0 0
0 0
0 0
0.65	32800 
0.12	11960
0.60	28620 
0.10	11780
0.62	28612 
0.19	16328
0.61	28616 
0.37	18036
0 0
0 0
0 0
0 0
0.63	28912 
0.10	11784
0.60	30312 
0.15	13440
0.60	28624 
0.11	11816
0.64	29904 
0.11	11848
0 0
0 0
0 0
0 0
0.58	28628 
0.10	11772
0.59	28652 
0.25	18884
0.62	28700 
0.13	13760
0.63	29896 
0.14	14412
0.61	30056 
0.12	12760
0.65	29936 
0.14	18848
0.62	28696 
0.11	11812
0.64	29904 
0.10	11812
0.62	31544 
0.11	13696
0.62	31536 
0.10	13672
0.60	28636 
0.11	11776
0.62	28648 
0.11	11772
0.61	28624 
0.12	12848
0.60	28652 
0.10	12800
0.61	29888 
0.10	11800
0.63	29880 
0.10	11804
0.61	29788 
0.10	11860
0.61	28648 
0.10	11824
