37
37
44
44
0
0
0
0
0
0
51
56
59
59
20
20
97
120
24
6
44
34
41
19
11
11
32
32
12
16
38
53
19
18
0
0
89
89
10
20
68
68
63
63
0
0
0
0
44
44
49
54
31
46
11
11
73
39
20
13
23
56
59
47
27
16
30
31
29
17
0
0
11
11
0
0
0
0
0
0
27
27
27
27
0
0
208
208
0
0
61
44
36
26
0
0
32
55
15
15
32
26
27
22
11
11
27
40
28
28
31
31
64
54
0
0
54
99
55
55
21
21
28
27
0
0
31
31
52
52
52
52
37
37
0
0
0
0
0
0
16
16
22
22
0
0
83
83
0
0
21
78
72
160
0
0
54
121
14
14
47
85
19
19
0
0
143
143
0
0
51
67
53
53
0
0
79
79
0
0
16
24
41
28
9
9
76
25
40
40
33
48
38
42
36
12
134
44
37
21
37
54
35
29
0
0
42
36
31
31
47
64
40
68
0
0
33
101
0
0
41
25
194
24
0
0
45
45
0
0
11
18
16
18
13
13
22
26
8
8
48
56
58
58
18
13
82
37
58
23
50
65
51
61
43
37
124
91
27
33
192
91
84
84
120
93
175
53
89
53
98
98
41
81
43
43
155
43
0
0
58
125
54
98
22
28
60
57
24
24
128
20
25
16
35
7
15
44
6
6
17
53
19
76
0
0
189
81
0
0
32
32
27
27
0
0
70
112
30
30
33
43
39
49
0
0
48
19
28
16
37
45
27
55
17
11
142
34
23
21
73
85
62
68
21
22
116
90
31
66
36
36
91
91
0
0
120
120
0
0
