	37		44		0		0		0	
	37		44		0		0		0	
	51		2012		59		20		97	
	56		1512		59		20		120	
	24		9		44		1298		41	
	6		10		34		1522		19	
	11		32		12		9		38	
	11		32		16		10		53	
	1340		19		0		89		10	
	1542		18		0		89		20	
	9		68		1947		63		0	
	10		68		1947		63		0	
	0		44		9		49		1557	
	0		44		10		54		1644	
	31		11		73		20		9	
	46		11		39		13		10	
	23		2314		59		27		30	
	56		1386		47		16		31	
	29		9		0		11		0	
	17		10		0		11		0	
	0		0		27		27		0	
	0		0		27		27		0	
	208		0		61		1779		36	
	208		0		44		1779		26	
	0		32		15		9		32	
	0		55		15		10		26	
	1731		27		11		27		28	
	1731		22		11		40		28	
	9		31		2178		64		0	
	10		31		2178		54		0	
	54		55		9		21		2054	
	99		55		10		21		2054	
	28		0		31		52		9	
	27		0		31		52		10	
	52		37		0		0		0	
	52		37		0		0		0	
	16		22		0		83		0	
	16		22		0		83		0	
	21		1454		72		0		54	
	78		1454		160		0		121	
	14		9		47		19		0	
	14		10		85		19		0	
	143		0		51		53		0	
	143		0		67		53		0	
	79		0		16		1770		41	
	79		0		24		1770		28	
	9		76		40		9		33	
	9		25		40		10		48	
	1878		38		36		134		37	
	1		42		12		44		21	
	9		37		2050		35		0	
	10		54		2050		29		0	
	42		31		9		47		40	
	36		31		10		64		68	
	0		33		0		41		194	
	0		101		0		25		24	
	0		45		0		11		1269	
	0		45		0		18		1269	
	16		13		22		8		9	
	18		13		26		8		10	
	48		1644		58		18		82	
	56		1467		58		13		37	
	58		9		50		1953		51	
	23		10		65		2161		61	
	43		124		27		9		192	
	37		91		33		10		91	
	2592		84		120		175		89	
	2177		84		93		53		53	
	9		98		41		43		155	
	10		98		81		43		43	
	0		58		1		54		22	
	0		125		1		98		28	
	60		24		9		128		1811	
	57		24		10		20		1811	
	25		35		15		6		9	
	16		7		44		6		10	
	17		19		0		189		0	
	53		76		0		81		0	
	32		1594		27		0		70	
	32		1594		27		0		112	
	30		9		33		1510		39	
	30		10		43		1441		49	
	0		48		28		9		37	
	0		19		16		10		45	
	1371		27		17		142		23	
	1611		55		11		34		21	
	9		73		1762		62		21	
	10		85		2178		68		22	
	116		31		9		36		91	
	90		66		10		36		91	

	----		----		----		----		----
	18788		19322		18687		20087		16414	
	----		----		----		----		----
	1.000000	1.081072	1.199422	1.088903	0.907302
	-		---		------		----		------
	C		CPP		HASKELL		JAVA		PYTHON
	-		---		------		----		------
	37.000000	44.000000	44.378628	40.289421	33.570171
	37.000000	44.000000	44.378628	40.289421	33.570171
	51.000000	2012.000000	59.000000	20.000000	97.000000
	56.000000	1512.000000	59.000000	20.000000	120.000000
	24.000000	9.000000	44.000000	1298.000000	41.000000
	6.000000	10.000000	34.000000	1522.000000	19.000000
	11.000000	32.000000	12.000000	9.000000	38.000000
	11.000000	32.000000	16.000000	10.000000	53.000000
	1340.000000	19.000000	1607.225952	89.000000	10.000000
	1542.000000	18.000000	1849.509277	89.000000	20.000000
	9.000000	68.000000	1947.000000	63.000000	8.165718
	10.000000	68.000000	1947.000000	63.000000	9.073020
	40.700344	44.000000	9.000000	49.000000	1557.000000
	40.700344	44.000000	10.000000	54.000000	1644.000000
	31.000000	11.000000	73.000000	20.000000	9.000000
	46.000000	11.000000	39.000000	13.000000	10.000000
	23.000000	2314.000000	59.000000	27.000000	30.000000
	56.000000	1386.000000	47.000000	16.000000	31.000000
	29.000000	9.000000	34.78325*	11.000000	26.31176*
	17.000000	10.000000	20.39018*	11.000000	15.42413*
	0.00000*	0.00000*	27.000000	27.000000	0.00000*
	0.00000*	0.00000*	27.000000	27.000000	0.00000*
	208.000000	224.86298*	61.000000	1779.000000	36.000000
	208.000000	224.86298*	44.000000	1779.000000	26.000000
	29.60025*	32.000000	15.000000	9.000000	32.000000
	50.87543*	55.000000	15.000000	10.000000	26.000000
	1731.000000	27.000000	11.000000	27.000000	28.000000
	1731.000000	22.000000	11.000000	40.000000	28.000000
	9.000000	31.000000	2178.000000	64.000000	8.16572*
	10.000000	31.000000	2178.000000	54.000000	9.07302*
	54.000000	55.000000	9.000000	21.000000	2054.000000
	99.000000	55.000000	10.000000	21.000000	2054.000000
	28.000000	30.27002*	31.000000	52.000000	9.000000
	27.000000	29.18894*	31.000000	52.000000	10.000000
	52.000000	37.000000	62.36996*	56.62297*	47.17970*
	52.000000	37.000000	62.36996*	56.62297*	47.17970*
	16.000000	22.000000	19.19076*	83.000000	14.51683*
	16.000000	22.000000	19.19076*	83.000000	14.51683*
	21.000000	1454.000000	72.000000	22.86697*	54.000000
	78.000000	1454.000000	160.000000	84.93446*	121.000000
	14.000000	9.000000	47.000000	19.000000	12.70223*
	14.000000	10.000000	85.000000	19.000000	12.70223*
	143.000000	154.59329*	51.000000	53.000000	129.74419*
	143.000000	154.59329*	67.000000	53.000000	129.74419*
	79.000000	85.40469*	16.000000	1770.000000	41.000000
	79.000000	85.40469*	24.000000	1770.000000	28.000000
	9.000000	76.000000	40.000000	9.000000	33.000000
	9.000000	25.000000	40.000000	10.000000	48.000000
	1878.000000	38.000000	36.000000	134.000000	37.000000
	1.000000	42.000000	12.000000	44.000000	21.000000
	9.000000	37.000000	2050.000000	35.000000	8.16572*
	10.000000	54.000000	2050.000000	29.000000	9.07302*
	42.000000	31.000000	9.000000	47.000000	40.000000
	36.000000	31.000000	10.000000	64.000000	68.000000
	30.52526*	33.000000	36.61267*	41.000000	194.000000
	93.42579*	101.000000	112.05698*	25.000000	24.000000
	41.62535*	45.000000	49.92638*	11.000000	1269.000000
	41.62535*	45.000000	49.92638*	18.000000	1269.000000
	16.000000	13.000000	22.000000	8.000000	9.000000
	18.000000	13.000000	26.000000	8.000000	10.000000
	48.000000	1644.000000	58.000000	18.000000	82.000000
	56.000000	1467.000000	58.000000	13.000000	37.000000
	58.000000	9.000000	50.000000	1953.000000	51.000000
	23.000000	10.000000	65.000000	2161.000000	61.000000
	43.000000	124.000000	27.000000	9.000000	192.000000
	37.000000	91.000000	33.000000	10.000000	91.000000
	2592.000000	84.000000	120.000000	175.000000	89.000000
	2177.000000	84.000000	93.000000	53.000000	53.000000
	9.000000	98.000000	41.000000	43.000000	155.000000
	10.000000	98.000000	81.000000	43.000000	43.000000
	53.65045*	58.000000	1.000000	54.000000	22.000000
	115.62598*	125.000000	1.000000	98.000000	28.000000
	60.000000	24.000000	9.000000	128.000000	1811.000000
	57.000000	24.000000	10.000000	20.000000	1811.000000
	25.000000	35.000000	15.000000	6.000000	9.000000
	16.000000	7.000000	44.000000	6.000000	10.000000
	17.000000	19.000000	20.39018*	189.000000	15.42413*
	53.000000	76.000000	63.56939*	81.000000	48.08701*
	32.000000	1594.000000	27.000000	34.84491*	70.000000
	32.000000	1594.000000	27.000000	34.84491*	112.000000
	30.000000	9.000000	33.000000	1510.000000	39.000000
	30.000000	10.000000	43.000000	1441.000000	49.000000
	44.40038*	48.000000	28.000000	9.000000	37.000000
	17.57515*	19.000000	16.000000	10.000000	45.000000
	1371.000000	27.000000	17.000000	142.000000	23.000000
	1611.000000	55.000000	11.000000	34.000000	21.000000
	9.000000	73.000000	1762.000000	62.000000	21.000000
	10.000000	85.000000	2178.000000	68.000000	22.000000
	116.000000	31.000000	9.000000	36.000000	91.000000
	90.000000	66.000000	10.000000	36.000000	91.000000
	----		----		----		----		----
	19388.330078	20311.179688	22783.269531	20458.318359	17046.388672
	-		---		------		----		------
	7.000000	44.000000	6.000000	10.000000	17.000000
	19.000000	20.390181	189.000000	15.424133	53.000000
	76.000000	63.569386	81.000000	48.087006	32.000000
	1594.000000	27.000000	34.844906	70.000000	32.000000
	1594.000000	27.000000	34.844906	112.000000	30.000000
	9.000000	33.000000	1510.000000	39.000000	30.000000
	10.000000	43.000000	1441.000000	49.000000	44.400375
	48.000000	28.000000	9.000000	37.000000	17.575148
	19.000000	16.000000	10.000000	45.000000	1371.000000
	27.000000	17.000000	142.000000	23.000000	1611.000000
	55.000000	11.000000	34.000000	21.000000	9.000000
	73.000000	1762.000000	62.000000	21.000000	10.000000
	85.000000	2178.000000	68.000000	22.000000	116.000000
	31.000000	9.000000	36.000000	91.000000	90.000000
	66.000000	10.000000	36.000000	91.000000	9.000000
	46.000000	11.000000	39.000000	13.000000	10.000000
	23.000000	2314.000000	59.000000	27.000000	30.000000
	56.000000	1386.000000	47.000000	16.000000	31.000000
	29.000000	9.000000	38.60941**	11.000000	29.99540**
	17.000000	10.000000	22.63310**	11.000000	17.58351**
	0.00000**	0.00000**	27.000000	27.000000	0.00000**
	0.00000**	0.00000**	27.000000	27.000000	0.00000**
	208.000000	267.58694**	61.000000	1779.000000	36.000000
	208.000000	267.58694**	44.000000	1779.000000	26.000000
	35.52030**	32.000000	15.000000	9.000000	32.000000
	61.05051**	55.000000	15.000000	10.000000	26.000000
	1731.000000	27.000000	11.000000	27.000000	28.000000
	1731.000000	22.000000	11.000000	40.000000	28.000000
	9.000000	31.000000	2178.000000	64.000000	9.30892**
	10.000000	31.000000	2178.000000	54.000000	10.34324**
	54.000000	55.000000	9.000000	21.000000	2054.000000
	99.000000	55.000000	10.000000	21.000000	2054.000000
	28.000000	36.02132**	31.000000	52.000000	9.000000
	27.000000	34.73484**	31.000000	52.000000	10.000000
	52.000000	37.000000	69.23066**	65.68265**	53.78486**
	52.000000	37.000000	69.23066**	65.68265**	53.78486**
	16.000000	22.000000	21.30174**	83.000000	16.54919**
	16.000000	22.000000	21.30174**	83.000000	16.54919**
	21.000000	1454.000000	72.000000	26.52568**	54.000000
	78.000000	1454.000000	160.000000	98.52397**	121.000000
	14.000000	9.000000	47.000000	19.000000	14.48054**
	14.000000	10.000000	85.000000	19.000000	14.48054**
	143.000000	183.96602**	51.000000	53.000000	147.90837**
	143.000000	183.96602**	67.000000	53.000000	147.90837**
	79.000000	101.63158**	16.000000	1770.000000	41.000000
	79.000000	101.63158**	24.000000	1770.000000	28.000000
	9.000000	76.000000	40.000000	9.000000	33.000000
	9.000000	25.000000	40.000000	10.000000	48.000000
	1878.000000	38.000000	36.000000	134.000000	37.000000
	1.000000	42.000000	12.000000	44.000000	21.000000
	9.000000	37.000000	2050.000000	35.000000	9.30892**
	10.000000	54.000000	2050.000000	29.000000	10.34324**
	42.000000	31.000000	9.000000	47.000000	40.000000
	36.000000	31.000000	10.000000	64.000000	68.000000
	36.63031**	33.000000	40.64007**	41.000000	194.000000
	112.11095**	101.000000	124.38325**	25.000000	24.000000
	49.95042**	45.000000	55.41828**	11.000000	1269.000000
	49.95042**	45.000000	55.41828**	18.000000	1269.000000
	16.000000	13.000000	22.000000	8.000000	9.000000
	18.000000	13.000000	26.000000	8.000000	10.000000
	48.000000	1644.000000	58.000000	18.000000	82.000000
	56.000000	1467.000000	58.000000	13.000000	37.000000
	58.000000	9.000000	50.000000	1953.000000	51.000000
	23.000000	10.000000	65.000000	2161.000000	61.000000
	43.000000	124.000000	27.000000	9.000000	192.000000
	37.000000	91.000000	33.000000	10.000000	91.000000
	2592.000000	84.000000	120.000000	175.000000	89.000000
	2177.000000	84.000000	93.000000	53.000000	53.000000
	9.000000	98.000000	41.000000	43.000000	155.000000
	10.000000	98.000000	81.000000	43.000000	43.000000
	64.38054**	58.000000	1.000000	54.000000	22.000000
	138.75117**	125.000000	1.000000	98.000000	28.000000
	60.000000	24.000000	9.000000	128.000000	1811.000000
	57.000000	24.000000	10.000000	20.000000	1811.000000
	25.000000	35.000000	15.000000	6.000000	9.000000
	16.000000	7.000000	44.000000	6.000000	10.000000
	17.000000	19.000000	22.63310**	189.000000	17.58351**
	53.000000	76.000000	70.56202**	81.000000	54.81919**
	32.000000	1594.000000	27.000000	40.42009**	70.000000
	32.000000	1594.000000	27.000000	40.42009**	112.000000
	30.000000	9.000000	33.000000	1510.000000	39.000000
	30.000000	10.000000	43.000000	1441.000000	49.000000
	53.28045**	48.000000	28.000000	9.000000	37.000000
	21.09018**	19.000000	16.000000	10.000000	45.000000
	1371.000000	27.000000	17.000000	142.000000	23.000000
	1611.000000	55.000000	11.000000	34.000000	21.000000
	9.000000	73.000000	1762.000000	62.000000	21.000000
	10.000000	85.000000	2178.000000	68.000000	22.000000
	116.000000	31.000000	9.000000	36.000000	91.000000
	90.000000	66.000000	10.000000	36.000000	91.000000
	----		----		----		----		----
	19958.714844	20821.085938	18782.050781	17812.765625	16902.707031
---------------------------------------------------------------------------
