	37		1451		29		0		65	
	30		1493		41		0		65	
	18		9		44		71		0	
	19		10		44		85		0	
	0		0		29		1744		34	
	0		0		33		1744		34	
	24		34		16		9		31	
	19		66		16		10		145	
	1444		32		0		21		12	
	1451		32		0		21		18	
	9		0		11		0		0	
	10		0		11		0		0	
	0		27		27		0		208	
	0		27		27		0		208	
	0		20		1369		20		20	
	0		13		6086		55		20	
	34		9		9		32		1731	
	37		170		10		26		1731	
	27		11		27		28		9	
	22		11		40		28		10	
	31		2178		64		0		54	
	31		2178		54		0		99	
	55		9		45		1684		47	
	55		10		39		1480		47	
	0		85		14		9		15	
	0		100		22		10		32	
	1705		25		0		31		15	
	1705		25		0		49		15	
	9		47		19		0		143	
	10		85		19		0		143	
	0		32		1880		30		15	
	0		28		1603		102		23	
	47		30		9		35		1524	
	128		10		10		34		1686	
	33		0		93		25		9	
	95		0		82		27		10	
	137		105		0		0		0	
	446		105		0		0		0	
	47		40		0		33		0	
	64		68		0		101		0	
	41		194		0		45		0	
	25		24		0		45		0	
	11		1269		16		13		22	
	18		1269		18		13		26	
	8		9		51		1448		0	
	8		10		62		1706		0	
	22		59		30		9		48	
	29		87		21		10		56	
	1644		58		18		82		58	
	1467		58		13		37		23	
	9		50		1953		51		43	
	10		65		2161		61		37	
	124		27		9		32		1594	
	91		33		10		32		1594	
	27		0		70		30		9	
	27		0		112		30		10	
	90		145		0		0		0	
	90		111		0		0		0	
	35		2337		0		0		163	
	36		2337		0		0		41	
	43		9		69		103		0	
	43		10		69		103		0	
	0		0		21		69		0	
	0		0		21		69		0	
	75		0		64		1495		47	
	83		0		36		1495		39	
	0		45		22		9		36	
	0		115		22		10		36	

	----		----		----		----		----
	11835		16896		16690		14541		12100	
	----		----		----		----		----
	1.000000	1.472290	3.693295	1.342164	1.126944
	-		---		------		----		------
	C		CPP		HASKELL		JAVA		PYTHON
	-		---		------		----		------
	37.000000	1451.000000	29.000000	49.66005*	65.000000
	30.000000	1493.000000	41.000000	40.26491*	65.000000
	18.000000	9.000000	44.000000	71.000000	20.28500*
	19.000000	10.000000	44.000000	85.000000	21.41194*
	0.00000*	0.00000*	29.000000	1744.000000	34.000000
	0.00000*	0.00000*	33.000000	1744.000000	34.000000
	24.000000	34.000000	16.000000	9.000000	31.000000
	19.000000	66.000000	16.000000	10.000000	145.000000
	1444.000000	32.000000	5333.11816*	21.000000	12.000000
	1451.000000	32.000000	5358.97119*	21.000000	18.000000
	9.000000	13.25061*	11.000000	12.07947*	10.14250*
	10.000000	14.72290*	11.000000	13.42164*	11.26944*
	18.33878*	27.000000	27.000000	24.61364*	208.000000
	18.33878*	27.000000	27.000000	24.61364*	208.000000
	13.58428*	20.000000	1369.000000	20.000000	20.000000
	8.82978*	13.000000	6086.000000	55.000000	20.000000
	34.000000	9.000000	9.000000	32.000000	1731.000000
	37.000000	170.000000	10.000000	26.000000	1731.000000
	27.000000	11.000000	27.000000	28.000000	9.000000
	22.000000	11.000000	40.000000	28.000000	10.000000
	31.000000	2178.000000	64.000000	41.60707*	54.000000
	31.000000	2178.000000	54.000000	41.60707*	99.000000
	55.000000	9.000000	45.000000	1684.000000	47.000000
	55.000000	10.000000	39.000000	1480.000000	47.000000
	57.73319*	85.000000	14.000000	9.000000	15.000000
	67.92140*	100.000000	22.000000	10.000000	32.000000
	1705.000000	25.000000	6297.06787*	31.000000	15.000000
	1705.000000	25.000000	6297.06787*	49.000000	15.000000
	9.000000	47.000000	19.000000	12.07947*	143.000000
	10.000000	85.000000	19.000000	13.42164*	143.000000
	21.73485*	32.000000	1880.000000	30.000000	15.000000
	19.01799*	28.000000	1603.000000	102.000000	23.000000
	47.000000	30.000000	9.000000	35.000000	1524.000000
	128.000000	10.000000	10.000000	34.000000	1686.000000
	33.000000	48.58557*	93.000000	25.000000	9.000000
	95.000000	139.86755*	82.000000	27.000000	10.000000
	137.000000	105.000000	505.98141*	183.87640*	154.39136*
	446.000000	105.000000	1647.20959*	598.60492*	502.61710*
	47.000000	40.000000	173.58487*	33.000000	52.96638*
	64.000000	68.000000	236.37088*	101.000000	72.12443*
	41.000000	194.000000	151.42509*	45.000000	46.20471*
	25.000000	24.000000	92.33237*	45.000000	28.17360*
	11.000000	1269.000000	16.000000	13.000000	22.000000
	18.000000	1269.000000	18.000000	13.000000	26.000000
	8.000000	9.000000	51.000000	1448.000000	9.01555*
	8.000000	10.000000	62.000000	1706.000000	9.01555*
	22.000000	59.000000	30.000000	9.000000	48.000000
	29.000000	87.000000	21.000000	10.000000	56.000000
	1644.000000	58.000000	18.000000	82.000000	58.000000
	1467.000000	58.000000	13.000000	37.000000	23.000000
	9.000000	50.000000	1953.000000	51.000000	43.000000
	10.000000	65.000000	2161.000000	61.000000	37.000000
	124.000000	27.000000	9.000000	32.000000	1594.000000
	91.000000	33.000000	10.000000	32.000000	1594.000000
	27.000000	39.75183*	70.000000	30.000000	9.000000
	27.000000	39.75183*	112.000000	30.000000	10.000000
	90.000000	145.000000	332.39655*	120.79472*	101.42498*
	90.000000	111.000000	332.39655*	120.79472*	101.42498*
	35.000000	2337.000000	129.26532*	46.97572*	163.000000
	36.000000	2337.000000	132.95862*	48.31789*	41.000000
	43.000000	9.000000	69.000000	103.000000	48.45860*
	43.000000	10.000000	69.000000	103.000000	48.45860*
	0.00000*	0.00000*	21.000000	69.000000	0.00000*
	0.00000*	0.00000*	21.000000	69.000000	0.00000*
	75.000000	110.42175*	64.000000	1495.000000	47.000000
	83.000000	122.20007*	36.000000	1495.000000	39.000000
	30.56463*	45.000000	22.000000	9.000000	36.000000
	78.10961*	115.000000	22.000000	10.000000	36.000000
	----		----		----		----		----
	12169.172852	17424.550781	43710.152344	15933.733398	13337.386719
	-		---		------		----		------
	37.000000	1451.000000	29.000000	57.60566**	65.000000
	30.000000	1493.000000	41.000000	46.70729**	65.000000
	18.000000	9.000000	44.000000	71.000000	23.12490**
	19.000000	10.000000	44.000000	85.000000	24.40961**
	0.00000**	0.00000**	29.000000	1744.000000	34.000000
	0.00000**	0.00000**	33.000000	1744.000000	34.000000
	24.000000	34.000000	16.000000	9.000000	31.000000
	19.000000	66.000000	16.000000	10.000000	145.000000
	1444.000000	32.000000	5919.76123**	21.000000	12.000000
	1451.000000	32.000000	5948.45801**	21.000000	18.000000
	9.000000	15.76823**	11.000000	14.01219**	11.56245**
	10.000000	17.52025**	11.000000	15.56910**	12.84716**
	22.00653**	27.000000	27.000000	28.55182**	208.000000
	22.00653**	27.000000	27.000000	28.55182**	208.000000
	16.30114**	20.000000	1369.000000	20.000000	20.000000
	10.59574**	13.000000	6086.000000	55.000000	20.000000
	34.000000	9.000000	9.000000	32.000000	1731.000000
	37.000000	170.000000	10.000000	26.000000	1731.000000
	27.000000	11.000000	27.000000	28.000000	9.000000
	22.000000	11.000000	40.000000	28.000000	10.000000
	31.000000	2178.000000	64.000000	48.26420**	54.000000
	31.000000	2178.000000	54.000000	48.26420**	99.000000
	55.000000	9.000000	45.000000	1684.000000	47.000000
	55.000000	10.000000	39.000000	1480.000000	47.000000
	69.27982**	85.000000	14.000000	9.000000	15.000000
	81.50568**	100.000000	22.000000	10.000000	32.000000
	1705.000000	25.000000	6989.74512**	31.000000	15.000000
	1705.000000	25.000000	6989.74512**	49.000000	15.000000
	9.000000	47.000000	19.000000	14.01219**	143.000000
	10.000000	85.000000	19.000000	15.56910**	143.000000
	26.08182**	32.000000	1880.000000	30.000000	15.000000
	22.82159**	28.000000	1603.000000	102.000000	23.000000
	47.000000	30.000000	9.000000	35.000000	1524.000000
	128.000000	10.000000	10.000000	34.000000	1686.000000
	33.000000	57.81683**	93.000000	25.000000	9.000000
	95.000000	166.44238**	82.000000	27.000000	10.000000
	137.000000	105.000000	561.63934**	213.29663**	176.00615**
	446.000000	105.000000	1828.40271**	694.38171**	572.98346**
	47.000000	40.000000	192.67920**	33.000000	60.38167**
	64.000000	68.000000	262.37167**	101.000000	82.22185**
	41.000000	194.000000	168.08185**	45.000000	52.67337**
	25.000000	24.000000	102.48894**	45.000000	32.11791**
	11.000000	1269.000000	16.000000	13.000000	22.000000
	18.000000	1269.000000	18.000000	13.000000	26.000000
	8.000000	9.000000	51.000000	1448.000000	10.27773**
	8.000000	10.000000	62.000000	1706.000000	10.27773**
	22.000000	59.000000	30.000000	9.000000	48.000000
	29.000000	87.000000	21.000000	10.000000	56.000000
	1644.000000	58.000000	18.000000	82.000000	58.000000
	1467.000000	58.000000	13.000000	37.000000	23.000000
	9.000000	50.000000	1953.000000	51.000000	43.000000
	10.000000	65.000000	2161.000000	61.000000	37.000000
	124.000000	27.000000	9.000000	32.000000	1594.000000
	91.000000	33.000000	10.000000	32.000000	1594.000000
	27.000000	47.30468**	70.000000	30.000000	9.000000
	27.000000	47.30468**	112.000000	30.000000	10.000000
	90.000000	145.000000	368.96017**	140.12187**	115.62447**
	90.000000	111.000000	368.96017**	140.12187**	115.62447**
	35.000000	2337.000000	143.48451**	54.49184**	163.000000
	36.000000	2337.000000	147.58406**	56.04875**	41.000000
	43.000000	9.000000	69.000000	103.000000	55.24280**
	43.000000	10.000000	69.000000	103.000000	55.24280**
	0.00000**	0.00000**	21.000000	69.000000	0.00000**
	0.00000**	0.00000**	21.000000	69.000000	0.00000**
	75.000000	131.40189**	64.000000	1495.000000	47.000000
	83.000000	145.41809**	36.000000	1495.000000	39.000000
	36.67756**	45.000000	22.000000	9.000000	36.000000
	93.73154**	115.000000	22.000000	10.000000	36.000000
	----		----		----		----		----
	12236.008789	17524.976562	46682.367188	16156.571289	13510.618164
---------------------------------------------------------------------------
