	37		44		0		0		0	
	37		44		0		0		0	
	44		41		0		32		12	
	34		19		0		32		16	
	27		27		0		0		0	
	27		27		0		0		0	
	33		38		36		134		37	
	48		42		12		44		21	
	58		54		22		60		24	
	125		98		28		57		24	
	128		25		35		15		6	
	20		16		7		44		6	
	33		33		0		46		0	
	33		33		0		46		0	

	----		----		----		----		----
	684		541		140		510		146	
	----		----		----		----		----
	1.000000	0.790936	0.339806	0.917266	0.297959
	-		---		------		----		------
	C		CPP		HASKELL		JAVA		PYTHON
	-		---		------		----		------
	37.000000	44.000000	12.57281*	33.93885*	11.02449*
	37.000000	44.000000	12.57281*	33.93885*	11.02449*
	44.000000	41.000000	14.95146*	32.000000	12.000000
	34.000000	19.000000	11.55340*	32.000000	16.000000
	27.000000	27.000000	9.17476*	24.76619*	8.04490*
	27.000000	27.000000	9.17476*	24.76619*	8.04490*
	33.000000	38.000000	36.000000	134.000000	37.000000
	48.000000	42.000000	12.000000	44.000000	21.000000
	58.000000	54.000000	22.000000	60.000000	24.000000
	125.000000	98.000000	28.000000	57.000000	24.000000
	128.000000	25.000000	35.000000	15.000000	6.000000
	20.000000	16.000000	7.000000	44.000000	6.000000
	33.000000	33.000000	11.21359*	46.000000	9.83265*
	33.000000	33.000000	11.21359*	46.000000	9.83265*
	----		----		----		----		----
	684.000000	541.000000	232.427185	627.410095	203.804092
	-		---		------		----		------
	37.000000	44.000000	13.95582**	39.36907**	12.56792**
	37.000000	44.000000	13.95582**	39.36907**	12.56792**
	44.000000	41.000000	16.59612**	32.000000	12.000000
	34.000000	19.000000	12.82427**	32.000000	16.000000
	27.000000	27.000000	10.18398**	28.72878**	9.17118**
	27.000000	27.000000	10.18398**	28.72878**	9.17118**
	33.000000	38.000000	36.000000	134.000000	37.000000
	48.000000	42.000000	12.000000	44.000000	21.000000
	58.000000	54.000000	22.000000	60.000000	24.000000
	125.000000	98.000000	28.000000	57.000000	24.000000
	128.000000	25.000000	35.000000	15.000000	6.000000
	20.000000	16.000000	7.000000	44.000000	6.000000
	33.000000	33.000000	12.44709**	46.000000	11.20922**
	33.000000	33.000000	12.44709**	46.000000	11.20922**
	----		----		----		----		----
	684.000000	541.000000	242.594177	646.195679	211.896667
---------------------------------------------------------------------------
