	15		19		15		14		8	
	22		22		15		14		3	
	21		18		0		22		10	
	23		25		0		21		10	
	44		40		0		48		20	
	30		45		0		83		27	
	24		38		0		115		10	
	24		38		0		196		10	
	20		16		0		23		17	
	29		19		0		23		22	
	13		29		9		22		8	
	13		16		9		41		4	
	33		23		7		44		22	
	25		30		7		32		21	
	28		30		14		25		17	
	36		30		14		38		17	
	45		12		13		109		9	
	35		18		13		29		9	
	42		31		12		113		26	
	51		63		12		34		17	
	36		28		0		0		0	
	44		35		0		0		0	
	17		68		8		105		13	
	16		68		4		30		14	
	14		13		33		21		8	
	24		61		35		27		4	
	32		43		0		0		0	
	31		39		0		0		0	
	38		26		21		45		24	
	26		37		21		43		24	
	41		22		15		38		22	
	35		22		14		41		5	
	33		45		9		0		13	
	41		42		15		0		12	
	21		19		10		31		12	
	21		38		10		24		28	
	22		18		0		92		14	
	22		70		0		87		14	
	28		39		0		56		25	
	60		50		0		95		24	
	27		27		8		71		10	
	56		21		8		43		10	
	56		64		77		132		38	
	47		47		77		132		38	
	19		19		0		27		0	
	21		26		0		26		0	
	150		32		14		40		22	
	32		31		9		45		22	
	20		28		8		48		11	
	53		28		8		48		9	
	45		49		0		33		14	
	34		23		0		62		14	

	----		----		----		----		----
	1735		1740		544		2488		731	
	----		----		----		----		----
	1.000000	1.002882	0.483126	1.638999	0.471005
	-		---		------		----		------
	C		CPP		HASKELL		JAVA		PYTHON
	-		---		------		----		------
	15.000000	19.000000	15.000000	14.000000	8.000000
	22.000000	22.000000	15.000000	14.000000	3.000000
	21.000000	18.000000	10.14565*	22.000000	10.000000
	23.000000	25.000000	11.11190*	21.000000	10.000000
	44.000000	40.000000	21.25755*	48.000000	20.000000
	30.000000	45.000000	14.49378*	83.000000	27.000000
	24.000000	38.000000	11.59503*	115.000000	10.000000
	24.000000	38.000000	11.59503*	196.000000	10.000000
	20.000000	16.000000	9.66252*	23.000000	17.000000
	29.000000	19.000000	14.01066*	23.000000	22.000000
	13.000000	29.000000	9.000000	22.000000	8.000000
	13.000000	16.000000	9.000000	41.000000	4.000000
	33.000000	23.000000	7.000000	44.000000	22.000000
	25.000000	30.000000	7.000000	32.000000	21.000000
	28.000000	30.000000	14.000000	25.000000	17.000000
	36.000000	30.000000	14.000000	38.000000	17.000000
	45.000000	12.000000	13.000000	109.000000	9.000000
	35.000000	18.000000	13.000000	29.000000	9.000000
	42.000000	31.000000	12.000000	113.000000	26.000000
	51.000000	63.000000	12.000000	34.000000	17.000000
	36.000000	28.000000	17.39254*	59.00395*	16.95618*
	44.000000	35.000000	21.25755*	72.11594*	20.72423*
	17.000000	68.000000	8.000000	105.000000	13.000000
	16.000000	68.000000	4.000000	30.000000	14.000000
	14.000000	13.000000	33.000000	21.000000	8.000000
	24.000000	61.000000	35.000000	27.000000	4.000000
	32.000000	43.000000	15.46004*	52.44796*	15.07216*
	31.000000	39.000000	14.97691*	50.80896*	14.60116*
	38.000000	26.000000	21.000000	45.000000	24.000000
	26.000000	37.000000	21.000000	43.000000	24.000000
	41.000000	22.000000	15.000000	38.000000	22.000000
	35.000000	22.000000	14.000000	41.000000	5.000000
	33.000000	45.000000	9.000000	54.08696*	13.000000
	41.000000	42.000000	15.000000	67.19894*	12.000000
	21.000000	19.000000	10.000000	31.000000	12.000000
	21.000000	38.000000	10.000000	24.000000	28.000000
	22.000000	18.000000	10.62877*	92.000000	14.000000
	22.000000	70.000000	10.62877*	87.000000	14.000000
	28.000000	39.000000	13.52753*	56.000000	25.000000
	60.000000	50.000000	28.98757*	95.000000	24.000000
	27.000000	27.000000	8.000000	71.000000	10.000000
	56.000000	21.000000	8.000000	43.000000	10.000000
	56.000000	64.000000	77.000000	132.000000	38.000000
	47.000000	47.000000	77.000000	132.000000	38.000000
	19.000000	19.000000	9.17940*	27.000000	8.94910*
	21.000000	26.000000	10.14565*	26.000000	9.89111*
	150.000000	32.000000	14.000000	40.000000	22.000000
	32.000000	31.000000	9.000000	45.000000	22.000000
	20.000000	28.000000	8.000000	48.000000	11.000000
	53.000000	28.000000	8.000000	48.000000	9.000000
	45.000000	49.000000	21.74067*	33.000000	14.000000
	34.000000	23.000000	16.42629*	62.000000	14.000000
	----		----		----		----		----
	1735.000000	1740.000000	838.223694	2843.662598	817.193970
	-		---		------		----		------
	15.000000	19.000000	15.000000	14.000000	8.000000
	22.000000	22.000000	15.000000	14.000000	3.000000
	21.000000	18.000000	11.26167**	22.000000	10.000000
	23.000000	25.000000	12.33421**	21.000000	10.000000
	44.000000	40.000000	23.59588**	48.000000	20.000000
	30.000000	45.000000	16.08810**	83.000000	27.000000
	24.000000	38.000000	12.87048**	115.000000	10.000000
	24.000000	38.000000	12.87048**	196.000000	10.000000
	20.000000	16.000000	10.72540**	23.000000	17.000000
	29.000000	19.000000	15.55183**	23.000000	22.000000
	13.000000	29.000000	9.000000	22.000000	8.000000
	13.000000	16.000000	9.000000	41.000000	4.000000
	33.000000	23.000000	7.000000	44.000000	22.000000
	25.000000	30.000000	7.000000	32.000000	21.000000
	28.000000	30.000000	14.000000	25.000000	17.000000
	36.000000	30.000000	14.000000	38.000000	17.000000
	45.000000	12.000000	13.000000	109.000000	9.000000
	35.000000	18.000000	13.000000	29.000000	9.000000
	42.000000	31.000000	12.000000	113.000000	26.000000
	51.000000	63.000000	12.000000	34.000000	17.000000
	36.000000	28.000000	19.30572**	68.44459**	19.33005**
	44.000000	35.000000	23.59588**	83.65449**	23.62562**
	17.000000	68.000000	8.000000	105.000000	13.000000
	16.000000	68.000000	4.000000	30.000000	14.000000
	14.000000	13.000000	33.000000	21.000000	8.000000
	24.000000	61.000000	35.000000	27.000000	4.000000
	32.000000	43.000000	17.16064**	60.83963**	17.18227**
	31.000000	39.000000	16.62437**	58.93839**	16.64532**
	38.000000	26.000000	21.000000	45.000000	24.000000
	26.000000	37.000000	21.000000	43.000000	24.000000
	41.000000	22.000000	15.000000	38.000000	22.000000
	35.000000	22.000000	14.000000	41.000000	5.000000
	33.000000	45.000000	9.000000	62.74087**	13.000000
	41.000000	42.000000	15.000000	77.95078**	12.000000
	21.000000	19.000000	10.000000	31.000000	12.000000
	21.000000	38.000000	10.000000	24.000000	28.000000
	22.000000	18.000000	11.79794**	92.000000	14.000000
	22.000000	70.000000	11.79794**	87.000000	14.000000
	28.000000	39.000000	15.01556**	56.000000	25.000000
	60.000000	50.000000	32.17620**	95.000000	24.000000
	27.000000	27.000000	8.000000	71.000000	10.000000
	56.000000	21.000000	8.000000	43.000000	10.000000
	56.000000	64.000000	77.000000	132.000000	38.000000
	47.000000	47.000000	77.000000	132.000000	38.000000
	19.000000	19.000000	10.18913**	27.000000	10.20197**
	21.000000	26.000000	11.26167**	26.000000	11.27586**
	150.000000	32.000000	14.000000	40.000000	22.000000
	32.000000	31.000000	9.000000	45.000000	22.000000
	20.000000	28.000000	8.000000	48.000000	11.000000
	53.000000	28.000000	8.000000	48.000000	9.000000
	45.000000	49.000000	24.13215**	33.000000	14.000000
	34.000000	23.000000	18.23318**	62.000000	14.000000
	----		----		----		----		----
	1735.000000	1740.000000	870.588318	2900.568848	829.261108
---------------------------------------------------------------------------
