	96		46		33		111		56	
	118		46		41		51		56	
	0		0		33		51		0	
	0		0		33		51		0	
	399		0		77		209		98	
	399		0		77		162		98	
	62		102		34		150		51	
	150		102		88		51		73	
	108		133		84		165		69	
	111		133		84		125		66	
	121		149		0		130		0	
	129		149		0		130		0	
	298		328		274		582		55	
	298		328		274		121		42	
	55		417		410		216		335	
	417		488		48		642		115	
	151		124		170		133		139	
	133		133		133		139		97	
	97		46		0		15		99	
	46		0		15		99		0	
	0		0		0		0		127	
	0		0		0		82		36	
	44		72		222		70		57	
	57		105		59		195		21	
	21		156		98		74		47	
	40		189		21		117		57	
	48		50		55		23		57	
	50		70		23		50		35	

	----		----		----		----		----
	3448		3366		2386		3944		1886	
	----		----		----		----		----
	1.000000	1.292627	0.769429	1.143852	0.598350
	-		---		------		----		------
	C		CPP		HASKELL		JAVA		PYTHON
	-		---		------		----		------
	96.000000	46.000000	33.000000	111.000000	56.000000
	118.000000	46.000000	41.000000	51.000000	56.000000
	0.00000*	0.00000*	33.000000	51.000000	0.00000*
	0.00000*	0.00000*	33.000000	51.000000	0.00000*
	399.000000	515.75806*	77.000000	209.000000	98.000000
	399.000000	515.75806*	77.000000	162.000000	98.000000
	62.000000	102.000000	34.000000	150.000000	51.000000
	150.000000	102.000000	88.000000	51.000000	73.000000
	108.000000	133.000000	84.000000	165.000000	69.000000
	111.000000	133.000000	84.000000	125.000000	66.000000
	121.000000	149.000000	93.10094*	130.000000	72.40038*
	129.000000	149.000000	99.25637*	130.000000	77.18718*
	298.000000	328.000000	274.000000	582.000000	55.000000
	298.000000	328.000000	274.000000	121.000000	42.000000
	55.000000	417.000000	410.000000	216.000000	335.000000
	417.000000	488.000000	48.000000	642.000000	115.000000
	151.000000	124.000000	170.000000	133.000000	139.000000
	133.000000	133.000000	133.000000	139.000000	97.000000
	97.000000	46.000000	74.63464*	15.000000	99.000000
	46.000000	59.46083*	15.000000	99.000000	27.52411*
	0.00000*	0.00000*	0.00000*	0.00000*	127.000000
	0.00000*	0.00000*	0.00000*	82.000000	36.000000
	44.000000	72.000000	222.000000	70.000000	57.000000
	57.000000	105.000000	59.000000	195.000000	21.000000
	21.000000	156.000000	98.000000	74.000000	47.000000
	40.000000	189.000000	21.000000	117.000000	57.000000
	48.000000	50.000000	55.000000	23.000000	57.000000
	50.000000	70.000000	23.000000	50.000000	35.000000
	----		----		----		----		----
	3448.000000	4456.977051	2652.991943	3944.000000	2063.111816
	-		---		------		----		------
	96.000000	46.000000	33.000000	111.000000	56.000000
	118.000000	46.000000	41.000000	51.000000	56.000000
	0.00000**	0.00000**	33.000000	51.000000	0.00000**
	0.00000**	0.00000**	33.000000	51.000000	0.00000**
	399.000000	613.75208**	77.000000	209.000000	98.000000
	399.000000	613.75208**	77.000000	162.000000	98.000000
	62.000000	102.000000	34.000000	150.000000	51.000000
	150.000000	102.000000	88.000000	51.000000	73.000000
	108.000000	133.000000	84.000000	165.000000	69.000000
	111.000000	133.000000	84.000000	125.000000	66.000000
	121.000000	149.000000	103.34204**	130.000000	82.53643**
	129.000000	149.000000	110.17457**	130.000000	87.99339**
	298.000000	328.000000	274.000000	582.000000	55.000000
	298.000000	328.000000	274.000000	121.000000	42.000000
	55.000000	417.000000	410.000000	216.000000	335.000000
	417.000000	488.000000	48.000000	642.000000	115.000000
	151.000000	124.000000	170.000000	133.000000	139.000000
	133.000000	133.000000	133.000000	139.000000	97.000000
	97.000000	46.000000	82.84444**	15.000000	99.000000
	46.000000	70.75838**	15.000000	99.000000	31.37749**
	0.00000**	0.00000**	0.00000**	0.00000**	127.000000
	0.00000**	0.00000**	0.00000**	82.000000	36.000000
	44.000000	72.000000	222.000000	70.000000	57.000000
	57.000000	105.000000	59.000000	195.000000	21.000000
	21.000000	156.000000	98.000000	74.000000	47.000000
	40.000000	189.000000	21.000000	117.000000	57.000000
	48.000000	50.000000	55.000000	23.000000	57.000000
	50.000000	70.000000	23.000000	50.000000	35.000000
	----		----		----		----		----
	3448.000000	4664.262695	2682.361084	3944.000000	2087.907227
---------------------------------------------------------------------------
