0 0.012
0 0.005
0 0.005
0 0.005
0 0.000
0 0.001
0 0.000
0 0.000
0 0.009
0 0.000
0 0.003
0 0.002
0 0.000
0 0.000
0 0.001
0 0.000
0 0.000
0 0.001
0 0.000
0 0.000
0 0.000
0 0.000
0 0.000
0 0.001
0 0.007
0 0.002
0 0.010
0 0.001
0 0.002
0 0.001
0 0.003
0 0.000
0 0.000
0 0.002
0 0.000
0 0.001
0 0.000
0 0.001
0 0.001
0 0.001
0 0.000
0 0.000
0 0.000
0 0.001
0 0.001
0 0.000
0 0.000
0 0.000
0 0.006
0 0.001
0 0.000
0 0.002
0 0.000
0 0.001
0 0.001
0 0.001
0 0.000
0 0.000
0 0.000
0 0.000
0 0.000
0 0.000
0 0.000
0 0.001
0 0.000
0 0.000
0 0.000
0 0.000
0 0.000
0 0.000
0 0.000
0 0.000
0 0.016
0 0.001
0 0.002
0 0.002
0 0.005
0 0.001
0 0.000
0 0.001
0 0.000
0 0.000
0 0.000
0 0.000
0 0.000
0 0.000
0 0.000
0 0.001
0 0.000
0 0.000
0 0.000
0 0.000
0 0.000
0 0.000
0 0.000
0 0.000
0 0.001
0 0.000
0 0.000
0 0.000
0 0.001
0 0.000
0 0.000
0 0.001
