0 0
0 0
0 0
0 0
0 0
1.11	4560
0 0
0.07	4520
0 0
0.06	4496
0 0
0.06	4492
0 0
0.09	4492
0 0
0.07	4504
0 0
0.09	4600
0 0
0.09	4596
0 0
0.06	4516
0 0
0.06	4508
0 0
0.09	4780
0 0
0.03	4628
0 0
0 0
0 0
0 0
0 0
0 0
0 0
0 0
0 0
0.04	4512
0 0
0.03	4516
0 0
0.03	4536
0 0
0.03	4532
0 0
0.14	8764
0 0
0.14	8768
0 0
59.64	4540
0 0
59.69	4540
0 0
0 0
0 0
0 0
0 0
0 0
0 0
0 0
0 0
0.16	4980
0 0
0.11	4988
0 0
0 0
0 0
0 0
0 0
0 0
0 0
0 0
0 0
41.89	4628
0 0
43.42	4624
0 0
0.44	4524
0 0
0.24	4736
0 0
5.04	4664
0 0
5.27	4692
0 0
0 0
0 0
0 0
0 0
0 0
0 0
0 0
0 0
4.14	4508
0 0
4.24	4508
0 0
0.26	4552
0 0
0.03	4548
0 0
17.48	8480
0 0
6.74	6608
0 0
0.05	4572
0 0
0.04	4604
0 0
0 0
0 0
0 0
0 0
0.60	6360
0 0
0.60	6360
0 0
0.04	4536
0 0
0.04	4564
0 0
0 0
0 0
0 0
0 0
0.06	4548
0 0
0.07	4544
0 0
0.06	4520
0 0
0.06	4512
0 0
0.12	4508
0 0
0.07	4548
0 0
1.65	11436
0 0
0.99	12020
0 0
0 0
0 0
0 0
