

	C		CPP		HASKELL		JAVA		PYTHON
	-		---		-------		----		------
	0.060000	0.220000	0.000000	0.640000	0.000000	15638.000000
	0.040000	0.080000	0.000000	0.630000	0.000000	24138.000000
	0.030000	0.380000	0.680000	0.000000	0.000000	183524.000000
	0.010000	0.410000	0.230000	0.000000	0.000000	8884.000000
	0.120000	0.110000	0.000000	0.640000	0.000000	15259.000000
	0.110000	0.100000	0.000000	0.640000	0.000000	5236.000000
	0.080000	0.170000	0.000000	0.650000	0.000000	4532.000000
	0.070000	0.160000	0.510000	0.600000	0.000000	0.000000
	0.020000	0.230000	0.250000	0.000000	0.000000	0.000000
	0.020000	0.220000	0.550000	0.000000	0.000000	4572.000000
	0.080000	0.100000	0.550000	0.770000	0.000000	4548.000000
	0.070000	0.090000	0.000000	0.710000	0.000000	4544.000000
	0.020000	0.090000	0.000000	0.650000	0.000000	4548.000000
	0.020000	0.250000	0.000000	0.610000	0.000000	0.000000
	0.000000	0.100000	0.000000	0.630000	0.000000	0.000000
	0.080000	0.220000	0.600000	0.670000	0.000000	0.000000
	0.070000	0.170000	0.220000	0.610000	0.000000	0.000000
	0.070000	0.330000	0.000000	0.620000	0.000000	4544.000000
	0.050000	0.090000	0.000000	0.620000	0.000000	4584.000000
	0.030000	0.080000	0.000000	0.610000	0.000000	4572.000000
	0.040000	0.060000	0.000000	0.630000	0.000000	4572.000000
	0.070000	0.040000	0.540000	0.650000	0.000000	8680.000000
	0.060000	0.100000	0.560000	0.700000	0.000000	8684.000000
	0.020000	0.080000	0.570000	0.670000	0.000000	4540.000000
	0.010000	0.240000	0.590000	0.630000	0.000000	4548.000000
	0.100000	0.870000	0.600000	0.670000	0.000000	4560.000000
	0.100000	0.300000	0.240000	0.640000	0.000000	4560.000000
	0.030000	0.560000	0.780000	0.610000	0.000000	0.000000
	0.010000	0.150000	0.650000	0.000000	0.000000	0.000000
	0.070000	0.150000	0.000000	0.000000	0.000000	5252.000000
	0.060000	0.170000	0.000000	0.650000	0.000000	4540.000000
	0.020000	0.220000	0.000000	0.630000	0.000000	4536.000000
	0.020000	0.300000	0.000000	0.630000	0.000000	4536.000000
	0.070000	0.080000	0.000000	0.640000	0.000000	0.000000
	0.060000	0.240000	0.000000	0.580000	0.000000	0.000000
	0.020000	0.240000	0.000000	0.640000	0.000000	0.000000
	0.020000	0.000000	0.000000	0.630000	0.000000	0.000000
	0.090000	0.350000	0.000000	0.630000	0.000000	0.000000
	0.040000	0.220000	0.000000	0.630000	0.000000	0.000000
	0.080000	0.090000	0.000000	0.620000	0.000000	4524.000000
	0.050000	0.330000	0.000000	0.630000	0.000000	4528.000000
	0.030000	0.160000	0.000000	0.640000	0.000000	4560.000000
	0.020000	0.160000	0.000000	0.610000	0.000000	4548.000000
	0.090000	0.500000	0.000000	0.620000	0.000000	4548.000000
	0.050000	0.560000	0.000000	0.000000	0.000000	4592.000000
	0.010000	0.000000	0.000000	0.000000	0.000000	8420.000000
	0.020000	0.370000	0.000000	0.670000	0.000000	6632.000000
	0.090000	0.350000	0.000000	0.640000	0.000000	4540.000000
	0.070000	0.220000	0.000000	0.000000	0.000000	4540.000000
	0.070000	0.250000	0.000000	0.000000	0.000000	0.000000
	0.050000	0.090000	0.000000	0.620000	0.000000	0.000000
	0.070000	0.300000	0.000000	0.660000	0.000000	4560.000000
	0.060000	0.440000	0.000000	0.610000	0.000000	4540.000000
	0.070000	0.400000	0.000000	0.660000	0.000000	0.000000
	0.190000	0.000000	0.000000	0.670000	0.000000	0.000000
	0.110000	0.000000	0.000000	0.670000	0.000000	0.000000
	0.070000	0.000000	0.000000	0.000000	0.000000	0.000000
	0.060000	0.000000	0.000000	0.000000	0.000000	4560.000000
	0.060000	0.000000	0.000000	0.000000	0.000000	4540.000000
	0.020000	0.000000	0.000000	0.000000	0.000000	0.000000
	0.030000	0.000000	0.000000	0.000000	0.000000	0.000000
	0.070000	0.000000	0.000000	0.000000	0.000000	0.000000
	0.060000	0.000000	0.000000	0.000000	0.000000	0.000000
	0.010000	0.000000	0.000000	0.000000	0.000000	0.000000
	0.020000	0.000000	0.000000	0.000000	0.000000	0.000000
	0.070000	0.000000	0.000000	0.000000	0.000000	0.000000
	1.740000	0.000000	0.000000	0.000000	0.000000	0.000000
	0.020000	0.000000	0.000000	0.000000	0.000000	0.000000
	0.010000	0.000000	0.000000	0.000000	0.000000	0.000000
	0.060000	0.000000	0.000000	0.000000	0.000000	0.000000
	0.050000	0.000000	0.000000	0.000000	0.000000	0.000000
	0.020000	0.000000	0.000000	0.000000	0.000000	0.000000
	0.020000	0.000000	0.000000	0.000000	0.000000	0.000000
	0.140000	0.000000	0.000000	0.000000	0.000000	0.000000
	0.110000	0.000000	0.000000	0.000000	0.000000	0.000000
	0.070000	0.000000	0.000000	0.000000	0.000000	0.000000
	0.060000	0.000000	0.000000	0.000000	0.000000	0.000000
	0.040000	0.000000	0.000000	0.000000	0.000000	0.000000
	0.010000	0.000000	0.000000	0.000000	0.000000	0.000000
	0.060000	0.000000	0.000000	0.000000	0.000000	0.000000
	0.090000	0.000000	0.000000	0.000000	0.000000	0.000000
	0.070000	0.000000	0.000000	0.000000	0.000000	0.000000
	0.070000	0.000000	0.000000	0.000000	0.000000	0.000000
	0.090000	0.000000	0.000000	0.000000	0.000000	0.000000
	0.050000	0.000000	0.000000	0.000000	0.000000	0.000000
	0.030000	0.000000	0.000000	0.000000	0.000000	0.000000
	0.030000	0.000000	0.000000	0.000000	0.000000	0.000000
	0.060000	0.000000	0.000000	0.000000	0.000000	0.000000
	0.070000	0.000000	0.000000	0.000000	0.000000	0.000000
	----		----		----		----
	6.530000	12.189999	8.120000	29.479996	0.000000	417763.000000
	----		----		----		----
	1.000000	4.416666	10.410286	10.798538
	-		---		------		------
	C		CPP		HASKELL		JAVA		PYTHON
	-		---		-------		----		------
	0.060000	0.220000	0.62462*	0.640000
	0.040000	0.080000	0.41641*	0.630000
	0.030000	0.380000	0.680000	0.32396*
	0.010000	0.410000	0.230000	0.10799*
	0.120000	0.110000	1.24923*	0.640000
	0.110000	0.100000	1.14513*	0.640000
	0.080000	0.170000	0.83282*	0.650000
	0.070000	0.160000	0.510000	0.600000
	0.020000	0.230000	0.250000	0.21597*
	0.020000	0.220000	0.550000	0.21597*
	0.080000	0.100000	0.550000	0.770000
	0.070000	0.090000	0.72872*	0.710000
	0.020000	0.090000	0.20821*	0.650000
	0.020000	0.250000	0.20821*	0.610000
	0.02264*	0.100000	0.23570*	0.630000
	0.080000	0.220000	0.600000	0.670000
	0.070000	0.170000	0.220000	0.610000
	0.070000	0.330000	0.72872*	0.620000
	0.050000	0.090000	0.52051*	0.620000
	0.030000	0.080000	0.31231*	0.610000
	0.040000	0.060000	0.41641*	0.630000
	0.070000	0.040000	0.540000	0.650000
	0.060000	0.100000	0.560000	0.700000
	0.020000	0.080000	0.570000	0.670000
	0.010000	0.240000	0.590000	0.630000
	0.100000	0.870000	0.600000	0.670000
	0.100000	0.300000	0.240000	0.640000
	0.030000	0.560000	0.780000	0.610000
	0.010000	0.150000	0.650000	0.10799*
	0.070000	0.150000	0.72872*	0.75590*
	0.060000	0.170000	0.62462*	0.650000
	0.020000	0.220000	0.20821*	0.630000
	0.020000	0.300000	0.20821*	0.630000
	0.070000	0.080000	0.72872*	0.640000
	0.060000	0.240000	0.62462*	0.580000
	0.020000	0.240000	0.20821*	0.640000
	0.020000	0.08833*	0.20821*	0.630000
	0.090000	0.350000	0.93693*	0.630000
	0.040000	0.220000	0.41641*	0.630000
	0.080000	0.090000	0.83282*	0.620000
	0.050000	0.330000	0.52051*	0.630000
	0.030000	0.160000	0.31231*	0.640000
	0.020000	0.160000	0.20821*	0.610000
	0.090000	0.500000	0.93693*	0.620000
	0.050000	0.560000	0.52051*	0.53993*
	0.010000	0.04417*	0.10410*	0.10799*
	0.020000	0.370000	0.20821*	0.670000
	0.090000	0.350000	0.93693*	0.640000
	0.070000	0.220000	0.72872*	0.75590*
	0.070000	0.250000	0.72872*	0.75590*
	0.050000	0.090000	0.52051*	0.620000
	0.070000	0.300000	0.72872*	0.660000
	0.060000	0.440000	0.62462*	0.610000
	0.070000	0.400000	0.72872*	0.660000
	0.190000	0.83917*	1.97795*	0.670000
	0.110000	0.48583*	1.14513*	0.670000
	0.070000	0.30917*	0.72872*	0.75590*
	0.060000	0.26500*	0.62462*	0.64791*
	0.060000	0.26500*	0.62462*	0.64791*
	0.020000	0.08833*	0.20821*	0.21597*
	0.030000	0.13250*	0.31231*	0.32396*
	0.070000	0.30917*	0.72872*	0.75590*
	0.060000	0.26500*	0.62462*	0.64791*
	0.010000	0.04417*	0.10410*	0.10799*
	0.020000	0.08833*	0.20821*	0.21597*
	0.070000	0.30917*	0.72872*	0.75590*
	1.740000	7.68500*	18.11390*	18.78946*
	0.020000	0.08833*	0.20821*	0.21597*
	0.010000	0.04417*	0.10410*	0.10799*
	0.060000	0.26500*	0.62462*	0.64791*
	0.050000	0.22083*	0.52051*	0.53993*
	0.020000	0.08833*	0.20821*	0.21597*
	0.020000	0.08833*	0.20821*	0.21597*
	0.140000	0.61833*	1.45744*	1.51180*
	0.110000	0.48583*	1.14513*	1.18784*
	0.070000	0.30917*	0.72872*	0.75590*
	0.060000	0.26500*	0.62462*	0.64791*
	0.040000	0.17667*	0.41641*	0.43194*
	0.010000	0.04417*	0.10410*	0.10799*
	0.060000	0.26500*	0.62462*	0.64791*
	0.090000	0.39750*	0.93693*	0.97187*
	0.070000	0.30917*	0.72872*	0.75590*
	0.070000	0.30917*	0.72872*	0.75590*
	0.090000	0.39750*	0.93693*	0.97187*
	0.050000	0.22083*	0.52051*	0.53993*
	0.030000	0.13250*	0.31231*	0.32396*
	0.030000	0.13250*	0.31231*	0.32396*
	0.060000	0.26500*	0.62462*	0.64791*
	0.070000	0.30917*	0.72872*	0.75590*
	----		----		----		----
	6.552642	28.840822	68.214874	70.514427
	-		---		-------		----		------
	0.060000	0.220000	0.69333**	0.640000
	0.040000	0.080000	0.46222**	0.630000
	0.030000	0.380000	0.680000	0.37579**
	0.010000	0.410000	0.230000	0.12526**
	0.120000	0.110000	1.38665**	0.640000
	0.110000	0.100000	1.27110**	0.640000
	0.080000	0.170000	0.92443**	0.650000
	0.070000	0.160000	0.510000	0.600000
	0.020000	0.230000	0.250000	0.25053**
	0.020000	0.220000	0.550000	0.25053**
	0.080000	0.100000	0.550000	0.770000
	0.070000	0.090000	0.80888**	0.710000
	0.020000	0.090000	0.23111**	0.650000
	0.020000	0.250000	0.23111**	0.610000
	0.02717**	0.100000	0.26163**	0.630000
	0.080000	0.220000	0.600000	0.670000
	0.070000	0.170000	0.220000	0.610000
	0.070000	0.330000	0.80888**	0.620000
	0.050000	0.090000	0.57777**	0.620000
	0.030000	0.080000	0.34666**	0.610000
	0.040000	0.060000	0.46222**	0.630000
	0.070000	0.040000	0.540000	0.650000
	0.060000	0.100000	0.560000	0.700000
	0.020000	0.080000	0.570000	0.670000
	0.010000	0.240000	0.590000	0.630000
	0.100000	0.870000	0.600000	0.670000
	0.100000	0.300000	0.240000	0.640000
	0.030000	0.560000	0.780000	0.610000
	0.010000	0.150000	0.650000	0.12526**
	0.070000	0.150000	0.80888**	0.87684**
	0.060000	0.170000	0.69333**	0.650000
	0.020000	0.220000	0.23111**	0.630000
	0.020000	0.300000	0.23111**	0.630000
	0.070000	0.080000	0.80888**	0.640000
	0.060000	0.240000	0.69333**	0.580000
	0.020000	0.240000	0.23111**	0.640000
	0.020000	0.10512**	0.23111**	0.630000
	0.090000	0.350000	1.03999**	0.630000
	0.040000	0.220000	0.46222**	0.630000
	0.080000	0.090000	0.92443**	0.620000
	0.050000	0.330000	0.57777**	0.630000
	0.030000	0.160000	0.34666**	0.640000
	0.020000	0.160000	0.23111**	0.610000
	0.090000	0.500000	1.03999**	0.620000
	0.050000	0.560000	0.57777**	0.62632**
	0.010000	0.05256**	0.11555**	0.12526**
	0.020000	0.370000	0.23111**	0.670000
	0.090000	0.350000	1.03999**	0.640000
	0.070000	0.220000	0.80888**	0.87684**
	0.070000	0.250000	0.80888**	0.87684**
	0.050000	0.090000	0.57777**	0.620000
	0.070000	0.300000	0.80888**	0.660000
	0.060000	0.440000	0.69333**	0.610000
	0.070000	0.400000	0.80888**	0.660000
	0.190000	0.99861**	2.19553**	0.670000
	0.110000	0.57814**	1.27110**	0.670000
	0.070000	0.36791**	0.80888**	0.87684**
	0.060000	0.31535**	0.69333**	0.75158**
	0.060000	0.31535**	0.69333**	0.75158**
	0.020000	0.10512**	0.23111**	0.25053**
	0.030000	0.15767**	0.34666**	0.37579**
	0.070000	0.36791**	0.80888**	0.87684**
	0.060000	0.31535**	0.69333**	0.75158**
	0.010000	0.05256**	0.11555**	0.12526**
	0.020000	0.10512**	0.23111**	0.25053**
	0.070000	0.36791**	0.80888**	0.87684**
	1.740000	9.14515**	20.10643**	21.79577**
	0.020000	0.10512**	0.23111**	0.25053**
	0.010000	0.05256**	0.11555**	0.12526**
	0.060000	0.31535**	0.69333**	0.75158**
	0.050000	0.26279**	0.57777**	0.62632**
	0.020000	0.10512**	0.23111**	0.25053**
	0.020000	0.10512**	0.23111**	0.25053**
	0.140000	0.73582**	1.61776**	1.75368**
	0.110000	0.57814**	1.27110**	1.37789**
	0.070000	0.36791**	0.80888**	0.87684**
	0.060000	0.31535**	0.69333**	0.75158**
	0.040000	0.21023**	0.46222**	0.50105**
	0.010000	0.05256**	0.11555**	0.12526**
	0.060000	0.31535**	0.69333**	0.75158**
	0.090000	0.47302**	1.03999**	1.12737**
	0.070000	0.36791**	0.80888**	0.87684**
	0.070000	0.36791**	0.80888**	0.87684**
	0.090000	0.47302**	1.03999**	1.12737**
	0.050000	0.26279**	0.57777**	0.62632**
	0.030000	0.15767**	0.34666**	0.37579**
	0.030000	0.15767**	0.34666**	0.37579**
	0.060000	0.31535**	0.69333**	0.75158**
	0.070000	0.36791**	0.80888**	0.87684**
	----		----		----		----
	6.557170	32.004482	74.825294	77.079933


	C		CPP		HASKELL		JAVA		PYTHON
	-		---		-------		----		------

	0.000100	15864.000000	0.000000	28656.000000	0.100000	5933.000000
	0.002000	6492.000000	0.000000	28656.000000	0.100000	86011.000000
	0.001000	23500.000000	49740.000000	0.000000	0.030000	11775.000000
	1.875000	23632.000000	24016.000000	0.000000	0.080000	3015219.000000
	1.860000	7028.000000	0.000000	29892.000000	0.000000	0.000000
	0.460000	7028.000000	0.000000	30052.000000	0.000000	0.000000
	0.456000	14452.000000	0.000000	29784.000000	0.000000	0.000000
	0.002000	14452.000000	38308.000000	29772.000000	0.000000	0.000000
	0.001000	15872.000000	24808.000000	0.000000	0.050000	0.000000
	0.001000	15872.000000	49040.000000	0.000000	0.030000	0.000000
	0.001000	7432.000000	49036.000000	34820.000000	0.050000	0.000000
	0.018000	7488.000000	0.000000	34828.000000	0.070000	0.000000
	0.018000	6496.000000	0.000000	28688.000000	0.000000	0.000000
	3576.000000	16976.000000	0.000000	28672.000000	0.000000	0.000000
	0.000000	7040.000000	0.000000	29812.000000	0.000000	0.000000
	6556.000000	15844.000000	48936.000000	29832.000000	0.000000	0.000000
	6552.000000	15012.000000	25872.000000	31620.000000	0.000000	0.000000
	5724.000000	18404.000000	0.000000	31584.000000	0.000000	0.000000
	5604.000000	6496.000000	0.000000	28660.000000	0.000000	0.000000
	3576.000000	6492.000000	0.000000	32540.000000	0.000000	0.000000
	3608.000000	7276.000000	0.000000	29912.000000	0.000000	0.000000
	5516.000000	7280.000000	35840.000000	30172.000000	0.000000	0.000000
	5448.000000	6496.000000	35844.000000	33468.000000	0.000000	0.000000
	3596.000000	6492.000000	35932.000000	33456.000000	0.000000	0.000000
	3648.000000	16084.000000	48320.000000	28640.000000	0.000000	0.000000
	8240.000000	34712.000000	37188.000000	32800.000000	0.000000	0.000000
	7280.000000	20072.000000	24500.000000	28664.000000	0.000000	0.000000
	3632.000000	34688.000000	51728.000000	28664.000000	0.000000	0.000000
	3632.000000	10448.000000	49812.000000	0.000000	0.000000	0.000000
	5584.000000	10440.000000	0.000000	0.000000	0.000000	0.000000
	6012.000000	10540.000000	0.000000	29800.000000	0.000000	0.000000
	3632.000000	17276.000000	0.000000	32872.000000	0.000000	0.000000
	3584.000000	21976.000000	0.000000	29920.000000	0.000000	0.000000
	6144.000000	6720.000000	0.000000	29916.000000	0.000000	0.000000
	6208.000000	15776.000000	0.000000	28612.000000	0.000000	0.000000
	3652.000000	14436.000000	0.000000	30048.000000	0.000000	0.000000
	3596.000000	0.000000	0.000000	28664.000000	0.000000	0.000000
	5508.000000	15952.000000	0.000000	29956.000000	0.000000	0.000000
	5936.000000	15952.000000	0.000000	31492.000000	0.000000	0.000000
	6164.000000	7052.000000	0.000000	28664.000000	0.000000	0.000000
	5544.000000	17680.000000	0.000000	32996.000000	0.000000	0.000000
	3668.000000	14484.000000	0.000000	30024.000000	0.000000	0.000000
	3644.000000	14492.000000	0.000000	28736.000000	0.000000	0.000000
	5404.000000	23244.000000	0.000000	28720.000000	0.000000	0.000000
	5492.000000	25484.000000	0.000000	0.000000	0.000000	0.000000
	3580.000000	0.000000	0.000000	0.000000	0.000000	0.000000
	3592.000000	24592.000000	0.000000	33472.000000	0.000000	0.000000
	6096.000000	24588.000000	0.000000	30464.000000	0.000000	0.000000
	6168.000000	12168.000000	0.000000	0.000000	0.000000	0.000000
	5600.000000	12172.000000	0.000000	0.000000	0.000000	0.000000
	5692.000000	6552.000000	0.000000	31776.000000	0.000000	0.000000
	5708.000000	20756.000000	0.000000	33172.000000	0.000000	0.000000
	5784.000000	23436.000000	0.000000	29704.000000	0.000000	0.000000
	5432.000000	23388.000000	0.000000	30120.000000	0.000000	0.000000
	5460.000000	0.000000	0.000000	32780.000000	0.000000	0.000000
	3624.000000	0.000000	0.000000	32788.000000	0.000000	0.000000
	3564.000000	0.000000	0.000000	0.000000	0.000000	0.000000
	5528.000000	0.000000	0.000000	0.000000	0.000000	0.000000
	5788.000000	0.000000	0.000000	0.000000	0.000000	0.000000
	3580.000000	0.000000	0.000000	0.000000	0.000000	0.000000
	3588.000000	0.000000	0.000000	0.000000	0.000000	0.000000
	5604.000000	0.000000	0.000000	0.000000	0.000000	0.000000
	5548.000000	0.000000	0.000000	0.000000	0.000000	0.000000
	3596.000000	0.000000	0.000000	0.000000	0.000000	0.000000
	3580.000000	0.000000	0.000000	0.000000	0.000000	0.000000
	6324.000000	0.000000	0.000000	0.000000	0.000000	0.000000
	198632.000000	0.000000	0.000000	0.000000	0.000000	0.000000
	3608.000000	0.000000	0.000000	0.000000	0.000000	0.000000
	3620.000000	0.000000	0.000000	0.000000	0.000000	0.000000
	5584.000000	0.000000	0.000000	0.000000	0.000000	0.000000
	5588.000000	0.000000	0.000000	0.000000	0.000000	0.000000
	3644.000000	0.000000	0.000000	0.000000	0.000000	0.000000
	3584.000000	0.000000	0.000000	0.000000	0.000000	0.000000
	9172.000000	0.000000	0.000000	0.000000	0.000000	0.000000
	9244.000000	0.000000	0.000000	0.000000	0.000000	0.000000
	5552.000000	0.000000	0.000000	0.000000	0.000000	0.000000
	5896.000000	0.000000	0.000000	0.000000	0.000000	0.000000
	3628.000000	0.000000	0.000000	0.000000	0.000000	0.000000
	3628.000000	0.000000	0.000000	0.000000	0.000000	0.000000
	5808.000000	0.000000	0.000000	0.000000	0.000000	0.000000
	5808.000000	0.000000	0.000000	0.000000	0.000000	0.000000
	5932.000000	0.000000	0.000000	0.000000	0.000000	0.000000
	5928.000000	0.000000	0.000000	0.000000	0.000000	0.000000
	6468.000000	0.000000	0.000000	0.000000	0.000000	0.000000
	5532.000000	0.000000	0.000000	0.000000	0.000000	0.000000
	3580.000000	0.000000	0.000000	0.000000	0.000000	0.000000
	3576.000000	0.000000	0.000000	0.000000	0.000000	0.000000
	6092.000000	0.000000	0.000000	0.000000	0.000000	0.000000
	6096.000000	0.000000	0.000000	0.000000	0.000000	0.000000
	-		---		-------		----		------
	575600.687500	774576.000000	628920.000000	1408340.000000	0.510000	3118938.000000
	----		----		----		----
	1.000000	3.943053	11.624722	7.710897
	-		---		-------		----		------
	C		CPP		HASKELL		JAVA		PYTHON
	-		---		-------		----		------
	0.000100	15864.000000	0.00116*	28656.000000
	0.002000	6492.000000	0.02325*	28656.000000
	0.001000	23500.000000	49740.000000	0.00771*
	1.875000	23632.000000	24016.000000	14.45793*
	1.860000	7028.000000	21.62198*	29892.000000
	0.460000	7028.000000	5.34737*	30052.000000
	0.456000	14452.000000	5.30087*	29784.000000
	0.002000	14452.000000	38308.000000	29772.000000
	0.001000	15872.000000	24808.000000	0.00771*
	0.001000	15872.000000	49040.000000	0.00771*
	0.001000	7432.000000	49036.000000	34820.000000
	0.018000	7488.000000	0.20924*	34828.000000
	0.018000	6496.000000	0.20924*	28688.000000
	3576.000000	16976.000000	41570.00781*	28672.000000
	1785.41870*	7040.000000	20754.99609*	29812.000000
	6556.000000	15844.000000	48936.000000	29832.000000
	6552.000000	15012.000000	25872.000000	31620.000000
	5724.000000	18404.000000	66539.91406*	31584.000000
	5604.000000	6496.000000	65144.94531*	28660.000000
	3576.000000	6492.000000	41570.00781*	32540.000000
	3608.000000	7276.000000	41942.00000*	29912.000000
	5516.000000	7280.000000	35840.000000	30172.000000
	5448.000000	6496.000000	35844.000000	33468.000000
	3596.000000	6492.000000	35932.000000	33456.000000
	3648.000000	16084.000000	48320.000000	28640.000000
	8240.000000	34712.000000	37188.000000	32800.000000
	7280.000000	20072.000000	24500.000000	28664.000000
	3632.000000	34688.000000	51728.000000	28664.000000
	3632.000000	10448.000000	49812.000000	28005.98047*
	5584.000000	10440.000000	64912.44922*	43057.65234*
	6012.000000	10540.000000	69887.82812*	29800.000000
	3632.000000	17276.000000	42220.99219*	32872.000000
	3584.000000	21976.000000	41663.00391*	29920.000000
	6144.000000	6720.000000	71422.29688*	29916.000000
	6208.000000	15776.000000	72166.27344*	28612.000000
	3652.000000	14436.000000	42453.48828*	30048.000000
	3596.000000	14179.21777*	41802.50391*	28664.000000
	5508.000000	15952.000000	64028.97266*	29956.000000
	5936.000000	15952.000000	69004.35156*	31492.000000
	6164.000000	7052.000000	71654.78906*	28664.000000
	5544.000000	17680.000000	64447.46094*	32996.000000
	3668.000000	14484.000000	42639.48047*	30024.000000
	3644.000000	14492.000000	42360.48828*	28736.000000
	5404.000000	23244.000000	62820.00000*	28720.000000
	5492.000000	25484.000000	63842.97656*	42348.25000*
	3580.000000	14116.12891*	41616.50781*	27605.01367*
	3592.000000	24592.000000	41756.00391*	33472.000000
	6096.000000	24588.000000	70864.30469*	30464.000000
	6168.000000	12168.000000	71701.28906*	47560.81641*
	5600.000000	12172.000000	65098.44531*	43181.02734*
	5692.000000	6552.000000	66167.92188*	31776.000000
	5708.000000	20756.000000	66353.91406*	33172.000000
	5784.000000	23436.000000	67237.39844*	29704.000000
	5432.000000	23388.000000	63145.49219*	30120.000000
	5460.000000	21529.06836*	63470.98438*	32780.000000
	3624.000000	14289.62305*	42127.99609*	32788.000000
	3564.000000	14053.04004*	41430.51172*	27481.63867*
	5528.000000	21797.19531*	64261.46484*	42625.83984*
	5788.000000	22822.38867*	67283.89062*	44630.67578*
	3580.000000	14116.12891*	41616.50781*	27605.01367*
	3588.000000	14147.67285*	41709.50391*	27666.69922*
	5604.000000	22096.86719*	65144.94531*	43211.87109*
	5548.000000	21876.05664*	64493.96094*	42780.05859*
	3596.000000	14179.21777*	41802.50391*	27728.38672*
	3580.000000	14116.12891*	41616.50781*	27605.01367*
	6324.000000	24935.86523*	73514.74219*	48763.71484*
	198632.000000	783216.43750*	2309042.00000*	1531631.00000*
	3608.000000	14226.53418*	41942.00000*	27820.91797*
	3620.000000	14273.85059*	42081.49609*	27913.44922*
	5584.000000	22018.00586*	64912.44922*	43057.65234*
	5588.000000	22033.77930*	64958.94922*	43088.49609*
	3644.000000	14368.48438*	42360.48828*	28098.50977*
	3584.000000	14131.90137*	41663.00391*	27635.85547*
	9172.000000	36165.67969*	106621.95312*	70724.35156*
	9244.000000	36449.57812*	107458.93750*	71279.53906*
	5552.000000	21891.82812*	64540.46094*	42810.90234*
	5896.000000	23248.23828*	68539.36719*	45463.45312*
	3628.000000	14305.39551*	42174.49219*	27975.13672*
	3628.000000	14305.39551*	42174.49219*	27975.13672*
	5808.000000	22901.25000*	67516.39062*	44784.89062*
	5808.000000	22901.25000*	67516.39062*	44784.89062*
	5932.000000	23390.18945*	68957.85156*	45741.04297*
	5928.000000	23374.41602*	68911.35156*	45710.19922*
	6468.000000	25503.66602*	75188.70312*	49874.08594*
	5532.000000	21812.96875*	64307.96484*	42656.68359*
	3580.000000	14116.12891*	41616.50781*	27605.01367*
	3576.000000	14100.35645*	41570.00781*	27574.16992*
	6092.000000	24021.07812*	70817.81250*	46974.78906*
	6096.000000	24036.84961*	70864.30469*	47005.62891*
	----		----		----		----
	577386.125000	2269623.750000	6711955.500000	4438398.000000
	-		---		-------		----		------
	0.000100	15864.000000	0.00129**	28656.000000
	0.002000	6492.000000	0.02581**	28656.000000
	0.001000	23500.000000	49740.000000	0.00894**
	1.875000	23632.000000	24016.000000	16.77120**
	1.860000	7028.000000	24.00040**	29892.000000
	0.460000	7028.000000	5.93558**	30052.000000
	0.456000	14452.000000	5.88397**	29784.000000
	0.002000	14452.000000	38308.000000	29772.000000
	0.001000	15872.000000	24808.000000	0.00894**
	0.001000	15872.000000	49040.000000	0.00894**
	0.001000	7432.000000	49036.000000	34820.000000
	0.018000	7488.000000	0.23226**	34828.000000
	0.018000	6496.000000	0.23226**	28688.000000
	3576.000000	16976.000000	46142.70703**	28672.000000
	2142.50244**	7040.000000	23038.04492**	29812.000000
	6556.000000	15844.000000	48936.000000	29832.000000
	6552.000000	15012.000000	25872.000000	31620.000000
	5724.000000	18404.000000	73859.30469**	31584.000000
	5604.000000	6496.000000	72310.89062**	28660.000000
	3576.000000	6492.000000	46142.70703**	32540.000000
	3608.000000	7276.000000	46555.62109**	29912.000000
	5516.000000	7280.000000	35840.000000	30172.000000
	5448.000000	6496.000000	35844.000000	33468.000000
	3596.000000	6492.000000	35932.000000	33456.000000
	3648.000000	16084.000000	48320.000000	28640.000000
	8240.000000	34712.000000	37188.000000	32800.000000
	7280.000000	20072.000000	24500.000000	28664.000000
	3632.000000	34688.000000	51728.000000	28664.000000
	3632.000000	10448.000000	49812.000000	32486.93750**
	5584.000000	10440.000000	72052.82031**	49946.87500**
	6012.000000	10540.000000	77575.49219**	29800.000000
	3632.000000	17276.000000	46865.30078**	32872.000000
	3584.000000	21976.000000	46245.93359**	29920.000000
	6144.000000	6720.000000	79278.75000**	29916.000000
	6208.000000	15776.000000	80104.56250**	28612.000000
	3652.000000	14436.000000	47123.37109**	30048.000000
	3596.000000	16873.26953**	46400.78125**	28664.000000
	5508.000000	15952.000000	71072.15625**	29956.000000
	5936.000000	15952.000000	76594.82812**	31492.000000
	6164.000000	7052.000000	79536.81250**	28664.000000
	5544.000000	17680.000000	71536.67969**	32996.000000
	3668.000000	14484.000000	47329.82422**	30024.000000
	3644.000000	14492.000000	47020.14062**	28736.000000
	5404.000000	23244.000000	69730.20312**	28720.000000
	5492.000000	25484.000000	70865.70312**	49123.96875**
	3580.000000	16798.19336**	46194.32422**	32021.81641**
	3592.000000	24592.000000	46349.16406**	33472.000000
	6096.000000	24588.000000	78659.37500**	30464.000000
	6168.000000	12168.000000	79588.42969**	55170.54688**
	5600.000000	12172.000000	72259.27344**	50089.99219**
	5692.000000	6552.000000	73446.39062**	31776.000000
	5708.000000	20756.000000	73652.84375**	33172.000000
	5784.000000	23436.000000	74633.51562**	29704.000000
	5432.000000	23388.000000	70091.50000**	30120.000000
	5460.000000	25619.59180**	70452.78906**	32780.000000
	3624.000000	17004.65234**	46762.07422**	32788.000000
	3564.000000	16723.11719**	45987.86719**	31878.70117**
	5528.000000	25938.66211**	71330.22656**	49445.97266**
	5788.000000	27158.64258**	74685.11719**	51771.58203**
	3580.000000	16798.19336**	46194.32422**	32021.81641**
	3588.000000	16835.73047**	46297.55078**	32093.37109**
	5604.000000	26295.27148**	72310.89062**	50125.76953**
	5548.000000	26032.50781**	71588.29688**	49624.86719**
	3596.000000	16873.26953**	46400.78125**	32164.92773**
	3580.000000	16798.19336**	46194.32422**	32021.81641**
	6324.000000	29673.67969**	81601.36719**	56565.91016**
	198632.000000	932027.56250**	2563036.50000**	1776692.00000**
	3608.000000	16929.57617**	46555.62109**	32272.26562**
	3620.000000	16985.88281**	46710.46094**	32379.60156**
	5584.000000	26201.42773**	72052.82031**	49946.87500**
	5588.000000	26220.19727**	72104.43750**	49982.65625**
	3644.000000	17098.49609**	47020.14062**	32594.27148**
	3584.000000	16816.96289**	46245.93359**	32057.59180**
	9172.000000	43037.16016**	118350.36719**	82040.25000**
	9244.000000	43374.99609**	119279.42188**	82684.26562**
	5552.000000	26051.27539**	71639.91406**	49660.64844**
	5896.000000	27665.40430**	76078.69531**	52737.60547**
	3628.000000	17023.41992**	46813.68750**	32451.15820**
	3628.000000	17023.41992**	46813.68750**	32451.15820**
	5808.000000	27252.48828**	74943.19531**	51950.47266**
	5808.000000	27252.48828**	74943.19531**	51950.47266**
	5932.000000	27834.32617**	76543.21875**	53059.60938**
	5928.000000	27815.55469**	76491.60156**	53023.83203**
	6468.000000	30349.36328**	83459.46094**	57853.94141**
	5532.000000	25957.43359**	71381.84375**	49481.75391**
	3580.000000	16798.19336**	46194.32422**	32021.81641**
	3576.000000	16779.42383**	46142.70703**	31986.03711**
	6092.000000	28585.08203**	78607.77344**	54490.75391**
	6096.000000	28603.85156**	78659.37500**	54526.53125**
	----		----		----		----
	577743.187500	2553683.000000	7381086.500000	4923207.500000


	C		CPP		JAVA		PYTHON
	-		---		----		------
	0.026000	0.097000	0.000000	0.140000	0.930000	234663.000000
	0.033000	0.038000	0.000000	0.130000	0.160000	37104.000000
	0.026000	0.138000	0.014000	0.000000	0.050000	537.000000
	0.025000	0.001000	0.012000	0.000000	0.100000	9085.000000
	0.013000	0.001000	0.000000	0.110000	0.000000	0.000000
	0.006000	0.002000	0.000000	0.110000	0.000000	0.000000
	0.001000	0.006000	0.000000	0.240000	0.050000	0.000000
	0.001000	0.007000	0.009000	0.270000	0.030000	0.000000
	0.001000	0.002000	0.008000	0.000000	0.030000	0.000000
	0.001000	0.006000	0.003000	0.000000	0.070000	0.000000
	0.018000	0.003000	0.004000	0.490000	0.270000	0.000000
	0.006000	0.001000	0.000000	0.480000	0.270000	0.000000
	0.007000	0.007000	0.000000	0.120000	0.260000	0.000000
	0.007000	0.001000	0.000000	0.120000	0.070000	0.000000
	0.000000	0.003000	0.000000	0.140000	0.000000	0.000000
	0.001000	0.001000	0.063000	0.120000	0.000000	0.000000
	0.001000	0.001000	0.055000	0.110000	0.000000	0.000000
	0.024000	0.001000	0.000000	0.110000	0.000000	0.000000
	0.000100	0.004000	0.000000	0.130000	0.070000	0.000000
	0.001000	0.008000	0.000000	0.140000	0.060000	0.000000
	0.001000	0.001000	0.000000	0.110000	0.040000	0.000000
	0.001000	0.000100	0.331000	0.110000	0.080000	0.000000
	0.001000	0.006000	0.328000	0.200000	0.050000	0.000000
	0.001000	0.005000	0.005000	0.190000	0.050000	0.000000
	0.001000	0.010000	0.003000	0.200000	0.060000	0.000000
	0.001000	0.009000	0.008000	0.200000	0.100000	0.000000
	0.000100	0.003000	0.006000	0.100000	0.160000	0.000000
	0.001000	0.000100	2.284000	0.090000	0.150000	0.000000
	0.001000	0.003000	2.432000	0.000000	0.120000	0.000000
	0.037000	0.004000	0.000000	0.000000	0.070000	0.000000
	0.007000	6.434000	0.000000	0.790000	0.080000	0.000000
	0.007000	6.432000	0.000000	2.820000	0.060000	0.000000
	0.007000	0.001000	0.000000	0.100000	0.070000	0.000000
	0.001000	0.002000	0.000000	0.100000	0.070000	0.000000
	0.001000	4.274000	0.000000	9.070000	0.040000	0.000000
	0.001000	4.346000	0.000000	10.570000	0.030000	0.000000
	0.001000	0.000000	0.000000	0.110000	0.040000	0.000000
	0.006000	0.003000	0.000000	0.110000	0.070000	0.000000
	0.009000	0.001000	0.000000	0.100000	0.000000	0.000000
	0.009000	0.188000	0.000000	0.150000	0.000000	0.000000
	0.015000	0.050000	0.000000	0.800000	0.700000	0.000000
	0.014000	0.003000	0.000000	0.830000	0.320000	0.000000
	0.011000	0.002000	0.000000	0.120000	0.230000	0.000000
	0.000100	0.031000	0.000000	0.130000	0.080000	0.000000
	0.001000	0.028000	0.000000	0.000000	0.060000	0.000000
	0.001000	0.000000	0.000000	0.000000	0.030000	0.000000
	0.001000	0.317000	0.000000	0.130000	0.040000	0.000000
	0.000100	0.315000	0.000000	0.130000	0.080000	0.000000
	0.001000	0.711000	0.000000	0.000000	0.000000	0.000000
	3.528000	0.710000	0.000000	0.000000	0.000000	0.000000
	0.733000	0.003000	0.000000	0.740000	0.000000	0.000000
	0.002000	0.003000	0.000000	0.810000	0.000000	0.000000
	0.000100	0.026000	0.000000	0.110000	0.000000	0.000000
	0.329000	0.027000	0.000000	0.140000	0.000000	0.000000
	2.436000	0.000000	0.000000	0.140000	2.280000	0.000000
	2.417000	0.000000	0.000000	0.130000	2.290000	0.000000
	2.426000	0.000000	0.000000	0.000000	0.030000	0.000000
	0.001000	0.000000	0.000000	0.000000	0.080000	0.000000
	0.000100	0.000000	0.000000	0.000000	0.060000	0.000000
	0.001000	0.000000	0.000000	0.000000	0.050000	0.000000
	0.001000	0.000000	0.000000	0.000000	0.040000	0.000000
	0.013000	0.000000	0.000000	0.000000	0.070000	0.000000
	0.007000	0.000000	0.000000	0.000000	0.170000	0.000000
	0.005000	0.000000	0.000000	0.000000	0.050000	0.000000
	0.009000	0.000000	0.000000	0.000000	0.030000	0.000000
	0.196000	0.000000	0.000000	0.000000	0.080000	0.000000
	0.044000	0.000000	0.000000	0.000000	9.010000	0.000000
	0.043000	0.000000	0.000000	0.000000	3.490000	0.000000
	0.040000	0.000000	0.000000	0.000000	3.040000	0.000000
	0.002000	0.000000	0.000000	0.000000	0.080000	0.000000
	0.002000	0.000000	0.000000	0.000000	0.040000	0.000000
	0.003000	0.000000	0.000000	0.000000	0.040000	0.000000
	0.003000	0.000000	0.000000	0.000000	0.040000	0.000000
	0.030000	0.000000	0.000000	0.000000	0.070000	0.000000
	0.030000	0.000000	0.000000	0.000000	0.000000	0.000000
	0.011000	0.000000	0.000000	0.000000	0.000000	0.000000
	0.000100	15864.000000	0.000000	28656.000000	0.100000	5933.000000
	0.002000	6492.000000	0.000000	28656.000000	0.100000	86011.000000
	0.001000	23500.000000	49740.000000	0.000000	0.030000	11775.000000
	1.875000	23632.000000	24016.000000	0.000000	0.080000	3015219.000000
	1.860000	7028.000000	0.000000	29892.000000	0.000000	0.000000
	0.460000	7028.000000	0.000000	30052.000000	0.000000	0.000000
	0.456000	14452.000000	0.000000	29784.000000	0.000000	0.000000
	0.002000	14452.000000	38308.000000	29772.000000	0.000000	0.000000
	0.001000	15872.000000	24808.000000	0.000000	0.050000	0.000000
	0.001000	15872.000000	49040.000000	0.000000	0.030000	0.000000
	0.001000	7432.000000	49036.000000	34820.000000	0.050000	0.000000
	0.018000	7488.000000	0.000000	34828.000000	0.070000	0.000000
	0.018000	6496.000000	0.000000	28688.000000	0.000000	0.000000
	----		----		----		----
	17.343699	165632.281250	234953.562500	275180.281250	26.850002	3400327.000000
	----		----		----		----
	1.000000	17214.628906	119745.757812	30655.289062	2.725723	1710330.250000
	-		---		------		------
	C		CPP		HASKELL		JAVA		PYTHON
	-		---		-------		----		------
	0.026000	0.097000	3113.38965*	0.140000	0.930000	234663.000000
	0.033000	0.038000	3951.61011*	0.130000	0.160000	37104.000000
	0.026000	0.138000	0.014000	797.03754*	0.050000	537.000000
	0.025000	0.001000	0.012000	766.38226*	0.100000	9085.000000
	0.013000	0.001000	1556.69482*	0.110000	0.03543*	22234.29297*
	0.006000	0.002000	718.47455*	0.110000	0.01635*	10261.98145*
	0.001000	0.006000	119.74577*	0.240000	0.050000	1710.33032*
	0.001000	0.007000	0.009000	0.270000	0.030000	1710.33032*
	0.001000	0.002000	0.008000	30.65529*	0.030000	1710.33032*
	0.001000	0.006000	0.003000	30.65529*	0.070000	1710.33032*
	0.018000	0.003000	0.004000	0.490000	0.270000	30785.94336*
	0.006000	0.001000	718.47455*	0.480000	0.270000	10261.98145*
	0.007000	0.007000	838.22034*	0.120000	0.260000	11972.31250*
	0.007000	0.001000	838.22034*	0.120000	0.070000	11972.31250*
	0.00000*	0.003000	0.02087*	0.140000	0.00000*	0.29806*
	0.001000	0.001000	0.063000	0.120000	0.00273*	1710.33032*
	0.001000	0.001000	0.055000	0.110000	0.00273*	1710.33032*
	0.024000	0.001000	2873.89819*	0.110000	0.06542*	41047.92578*
	0.000100	0.004000	11.97458*	0.130000	0.070000	171.03302*
	0.001000	0.008000	119.74577*	0.140000	0.060000	1710.33032*
	0.001000	0.001000	119.74577*	0.110000	0.040000	1710.33032*
	0.001000	0.000100	0.331000	0.110000	0.080000	1710.33032*
	0.001000	0.006000	0.328000	0.200000	0.050000	1710.33032*
	0.001000	0.005000	0.005000	0.190000	0.050000	1710.33032*
	0.001000	0.010000	0.003000	0.200000	0.060000	1710.33032*
	0.001000	0.009000	0.008000	0.200000	0.100000	1710.33032*
	0.000100	0.003000	0.006000	0.100000	0.160000	171.03302*
	0.001000	0.000100	2.284000	0.090000	0.150000	1710.33032*
	0.001000	0.003000	2.432000	30.65529*	0.120000	1710.33032*
	0.037000	0.004000	4430.59326*	1134.24573*	0.070000	63282.21875*
	0.007000	6.434000	838.22034*	0.790000	0.080000	11972.31250*
	0.007000	6.432000	838.22034*	2.820000	0.060000	11972.31250*
	0.007000	0.001000	838.22034*	0.100000	0.070000	11972.31250*
	0.001000	0.002000	119.74577*	0.100000	0.070000	1710.33032*
	0.001000	4.274000	119.74577*	9.070000	0.040000	1710.33032*
	0.001000	4.346000	119.74577*	10.570000	0.030000	1710.33032*
	0.001000	17.21463*	119.74577*	0.110000	0.040000	1710.33032*
	0.006000	0.003000	718.47455*	0.110000	0.070000	10261.98145*
	0.009000	0.001000	1077.71179*	0.100000	0.02453*	15392.97168*
	0.009000	0.188000	1077.71179*	0.150000	0.02453*	15392.97168*
	0.015000	0.050000	1796.18628*	0.800000	0.700000	25654.95312*
	0.014000	0.003000	1676.44067*	0.830000	0.320000	23944.62500*
	0.011000	0.002000	1317.20337*	0.120000	0.230000	18813.63281*
	0.000100	0.031000	11.97458*	0.130000	0.080000	171.03302*
	0.001000	0.028000	119.74577*	30.65529*	0.060000	1710.33032*
	0.001000	17.21463*	119.74577*	30.65529*	0.030000	1710.33032*
	0.001000	0.317000	119.74577*	0.130000	0.040000	1710.33032*
	0.000100	0.315000	11.97458*	0.130000	0.080000	171.03302*
	0.001000	0.711000	119.74577*	30.65529*	0.00273*	1710.33032*
	3.528000	0.710000	422463.06250*	108151.86719*	9.61635*	6034045.50000*
	0.733000	0.003000	87773.64062*	0.740000	1.99795*	1253672.00000*
	0.002000	0.003000	239.49153*	0.810000	0.00545*	3420.66064*
	0.000100	0.026000	11.97458*	0.110000	0.00027*	171.03302*
	0.329000	0.027000	39396.35547*	0.140000	0.89676*	562698.62500*
	2.436000	41934.83594*	291700.68750*	0.140000	2.280000	4166364.75000*
	2.417000	41607.75781*	289425.50000*	0.130000	2.290000	4133868.25000*
	2.426000	41762.69141*	290503.21875*	74369.73438*	0.030000	4149261.50000*
	0.001000	17.21463*	119.74577*	30.65529*	0.080000	1710.33032*
	0.000100	1.72146*	11.97458*	3.06553*	0.060000	171.03302*
	0.001000	17.21463*	119.74577*	30.65529*	0.050000	1710.33032*
	0.001000	17.21463*	119.74577*	30.65529*	0.040000	1710.33032*
	0.013000	223.79018*	1556.69482*	398.51877*	0.070000	22234.29297*
	0.007000	120.50240*	838.22034*	214.58704*	0.170000	11972.31250*
	0.005000	86.07314*	598.72876*	153.27644*	0.050000	8551.65137*
	0.009000	154.93166*	1077.71179*	275.89758*	0.030000	15392.97168*
	0.196000	3374.06714*	23470.16797*	6008.43652*	0.080000	335224.71875*
	0.044000	757.44366*	5268.81348*	1348.83276*	9.010000	75254.53125*
	0.043000	740.22906*	5149.06787*	1318.17749*	3.490000	73544.20312*
	0.040000	688.58514*	4789.83008*	1226.21155*	3.040000	68413.21094*
	0.002000	34.42926*	239.49153*	61.31058*	0.080000	3420.66064*
	0.002000	34.42926*	239.49153*	61.31058*	0.040000	3420.66064*
	0.003000	51.64389*	359.23727*	91.96587*	0.040000	5130.99072*
	0.003000	51.64389*	359.23727*	91.96587*	0.040000	5130.99072*
	0.030000	516.43884*	3592.37256*	919.65863*	0.070000	51309.90625*
	0.030000	516.43884*	3592.37256*	919.65863*	0.08177*	51309.90625*
	0.011000	189.36092*	1317.20337*	337.20819*	0.02998*	18813.63281*
	0.000100	15864.000000	11.97458*	28656.000000	0.100000	5933.000000
	0.002000	6492.000000	239.49153*	28656.000000	0.100000	86011.000000
	0.001000	23500.000000	49740.000000	30.65529*	0.030000	11775.000000
	1.875000	23632.000000	24016.000000	57478.66797*	0.080000	3015219.000000
	1.860000	7028.000000	222727.10938*	29892.000000	5.06984*	3181214.25000*
	0.460000	7028.000000	55083.05078*	30052.000000	1.25383*	786751.93750*
	0.456000	14452.000000	54604.06641*	29784.000000	1.24293*	779910.62500*
	0.002000	14452.000000	38308.000000	29772.000000	0.00545*	3420.66064*
	0.001000	15872.000000	24808.000000	30.65529*	0.050000	1710.33032*
	0.001000	15872.000000	49040.000000	30.65529*	0.030000	1710.33032*
	0.001000	7432.000000	49036.000000	34820.000000	0.050000	1710.33032*
	0.018000	7488.000000	2155.42358*	34828.000000	0.070000	30785.94336*
	0.018000	6496.000000	2155.42358*	28688.000000	0.04906*	30785.94336*
	----		----		----		----
	17.343699	298565.312500	2076835.500000	531676.187500	47.274120	29663474.000000
	-		---		-------		----		------
	0.026000	0.097000	3455.862549	0.140000	0.930000	234663.000000
	0.033000	0.038000	4386.287109	0.130000	0.160000	37104.000000
	0.026000	0.138000	0.014000	924.563538	0.050000	537.000000
	0.025000	0.001000	0.012000	889.003418	0.100000	9085.000000
	0.013000	0.001000	1727.931274	0.110000	0.040395	25347.093750
	0.006000	0.002000	797.506775	0.110000	0.018644	11698.659180
	0.001000	0.006000	132.917801	0.240000	0.050000	1949.776611
	0.001000	0.007000	0.009000	0.270000	0.030000	1949.776611
	0.001000	0.002000	0.008000	35.560139	0.030000	1949.776611
	0.001000	0.006000	0.003000	35.560139	0.070000	1949.776611
	0.018000	0.003000	0.004000	0.490000	0.270000	35095.976562
	0.006000	0.001000	797.506775	0.480000	0.270000	11698.659180
	0.007000	0.007000	930.424561	0.120000	0.260000	13648.436523
	0.007000	0.001000	930.42456**	0.120000	0.070000	13648.43652**
	0.00000**	0.003000	0.02316**	0.140000	0.00000**	0.33979**
	0.001000	0.001000	0.063000	0.120000	0.00311**	1949.77661**
	0.001000	0.001000	0.055000	0.110000	0.00311**	1949.776611
	0.024000	0.001000	3190.02710**	0.110000	0.07458**	46794.636719
	0.000100	0.004000	13.29178**	0.130000	0.070000	194.977646
	0.001000	0.008000	132.91780**	0.140000	0.060000	1949.776611
	0.001000	0.001000	132.91780**	0.110000	0.040000	1949.776611
	0.001000	0.000100	0.331000	0.110000	0.080000	1949.776611
	0.001000	0.006000	0.328000	0.200000	0.050000	1949.776611
	0.001000	0.005000	0.005000	0.190000	0.050000	1949.776611
	0.001000	0.010000	0.003000	0.200000	0.060000	1949.776611
	0.001000	0.009000	0.008000	0.200000	0.100000	1949.776611
	0.000100	0.003000	0.006000	0.100000	0.160000	194.97765**
	0.001000	0.000100	2.284000	0.090000	0.150000	1949.77661**
	0.001000	0.003000	2.432000	35.56014**	0.120000	1949.776611
	0.037000	0.004000	4917.95850**	1315.72510**	0.070000	72141.726562
	0.007000	6.434000	930.42456**	0.790000	0.080000	13648.436523
	0.007000	6.432000	930.42456**	2.820000	0.060000	13648.436523
	0.007000	0.001000	930.42456**	0.100000	0.070000	13648.43652**
	0.001000	0.002000	132.91780**	0.100000	0.070000	1949.77661**
	0.001000	4.274000	132.91780**	9.070000	0.040000	1949.77661**
	0.001000	4.346000	132.91780**	10.570000	0.030000	1949.77661**
	0.001000	20.48541**	132.91780**	0.110000	0.040000	1949.77661**
	0.006000	0.003000	797.50677**	0.110000	0.070000	11698.65918**
	0.009000	0.001000	1196.26013**	0.100000	0.02797**	17547.988281
	0.009000	0.188000	1196.26013**	0.150000	0.02797**	17547.988281
	0.015000	0.050000	1993.76672**	0.800000	0.700000	29246.646484
	0.014000	0.003000	1860.84912**	0.830000	0.320000	27296.873047
	0.011000	0.002000	1462.09570**	0.120000	0.230000	21447.541016
	0.000100	0.031000	13.29178**	0.130000	0.080000	194.977646
	0.001000	0.028000	132.91780**	35.56014**	0.060000	1949.776611
	0.001000	20.48541**	132.91780**	35.56014**	0.030000	1949.776611
	0.001000	0.317000	132.91780**	0.130000	0.040000	1949.776611
	0.000100	0.315000	13.29178**	0.130000	0.080000	194.977646
	0.001000	0.711000	132.91780**	35.56014**	0.00311**	1949.77661**
	3.528000	0.710000	468934.00000**	125456.16406**	10.96264**	6878812.00000**
	0.733000	0.003000	97428.74219**	0.740000	2.27767**	1429186.125000
	0.002000	0.003000	265.83560**	0.810000	0.00621**	3899.553223
	0.000100	0.026000	13.29178**	0.110000	0.00031**	194.97765**
	0.329000	0.027000	43729.95312**	0.140000	1.02231**	641476.43750**
	2.436000	49902.45312**	323787.75000**	0.140000	2.280000	4749656.00000**
	2.417000	49513.23047**	321262.31250**	0.130000	2.290000	4712610.00000**
	2.426000	49697.60156**	322458.56250**	86268.89062**	0.030000	4730158.000000
	0.001000	20.48541**	132.91780**	35.56014**	0.080000	1949.776611
	0.000100	2.04854**	13.29178**	3.55601**	0.060000	194.97765**
	0.001000	20.48541**	132.91780**	35.56014**	0.050000	1949.77661**
	0.001000	20.48541**	132.91780**	35.56014**	0.040000	1949.77661**
	0.013000	266.31030**	1727.93127**	462.28177**	0.070000	25347.09375**
	0.007000	143.39786**	930.42456**	248.92096**	0.170000	13648.43652**
	0.005000	102.42704**	664.58893**	177.80067**	0.050000	9748.88281**
	0.009000	184.36867**	1196.26013**	320.04120**	0.030000	17547.98828**
	0.196000	4015.13989**	26051.88672**	6969.78613**	0.080000	382156.18750**
	0.044000	901.35797**	5848.38281**	1564.64600**	9.010000	85790.16406**
	0.043000	880.87256**	5715.46533**	1529.08594**	3.490000	83840.39062**
	0.040000	819.41632**	5316.71143**	1422.40540**	3.040000	77991.06250**
	0.002000	40.97082**	265.83560**	71.12028**	0.080000	3899.55322**
	0.002000	40.97082**	265.83560**	71.12028**	0.040000	3899.55322**
	0.003000	61.45623**	398.75339**	106.68040**	0.040000	5849.32959**
	0.003000	61.45623**	398.75339**	106.68040**	0.040000	5849.32959**
	0.030000	614.56219**	3987.53345**	1066.80396**	0.070000	58493.29297**
	0.030000	614.56219**	3987.53345**	1066.80396**	0.09322**	58493.29297**
	0.011000	225.33949**	1462.09570**	391.16150**	0.03418**	21447.54102**
	0.000100	15864.00000**	13.29178**	28656.00000**	0.100000	5933.00000**
	0.002000	6492.00000**	265.83560**	28656.00000**	0.100000	86011.00000**
	0.001000	23500.00000**	49740.00000**	35.56014**	0.030000	11775.00000**
	1.875000	23632.00000**	24016.00000**	66675.25781**	0.080000	3015219.00000**
	1.860000	7028.00000**	247227.09375**	29892.00000**	5.77962**	3626584.25000**
	0.460000	7028.00000**	61142.18750**	30052.00000**	1.42937**	896897.18750**
	0.456000	14452.00000**	60610.51562**	29784.00000**	1.41694**	889098.12500**
	0.002000	14452.00000**	38308.00000**	29772.00000**	0.00621**	3899.55322**
	0.001000	15872.00000**	24808.00000**	35.56014**	0.050000	1949.77661**
	0.001000	15872.00000**	49040.00000**	35.56014**	0.030000	1949.77661**
	0.001000	7432.00000**	49036.00000**	34820.00000**	0.050000	1949.77661**
	0.018000	7488.00000**	2392.52026**	34828.00000**	0.070000	35095.97656**
	0.018000	6496.00000**	2392.52026**	28688.00000**	0.05593**	35095.97656**
	----		----		----		----
	17.343699	323822.625000	2279441.750000	572715.500000	50.133492	33340326.000000


	C		CPP		HASKELL		JAVA		PYTHON
	-		---		----		------
	0.000100	15864.000000	13.291779	28656.000000	0.100000	5933.000000
	0.002000	6492.000000	265.835602	28656.000000	0.100000	86011.000000
	0.001000	23500.000000	49740.000000	35.560139	0.030000	11775.000000
	1.875000	23632.000000	24016.000000	66675.257812	0.080000	3015219.000000
	1.860000	7028.000000	247227.093750	29892.000000	5.779623	3626584.250000
	0.460000	7028.000000	61142.187500	30052.000000	1.429369	896897.187500
	0.456000	14452.000000	60610.515625	29784.000000	1.416940	889098.125000
	0.002000	14452.000000	38308.000000	29772.000000	0.006215	3899.553223
	0.001000	15872.000000	24808.000000	35.560139	0.050000	1949.776611
	0.001000	15872.000000	49040.000000	35.560139	0.030000	1949.776611
	0.001000	7432.000000	49036.000000	34820.000000	0.050000	1949.776611
	0.018000	7488.000000	2392.520264	34828.000000	0.070000	35095.976562
	0.018000	6496.000000	2392.520264	28688.000000	0.055932	35095.976562
	380.000000	956.000000	0.000000	13948.000000	5168.000000	0.000000
	0.000000	840.000000	0.000000	13892.000000	0.000000	0.000000
	500.000000	928.000000	1800.000000	12056.000000	0.000000	0.000000
	500.000000	464.000000	1804.000000	11800.000000	0.000000	26045.000000
	456.000000	964.000000	0.000000	11756.000000	0.000000	298.000000
	448.000000	824.000000	0.000000	14624.000000	4508.000000	4440.000000
	444.000000	824.000000	0.000000	14276.000000	4944.000000	4690.000000
	448.000000	456.000000	0.000000	12064.000000	4584.000000	66367.000000
	436.000000	448.000000	3192.000000	12060.000000	5168.000000	64566.000000
	444.000000	816.000000	3148.000000	17244.000000	4536.000000	37936.000000
	444.000000	812.000000	1556.000000	16724.000000	4536.000000	30556.000000
	448.000000	916.000000	1492.000000	18060.000000	4572.000000	346.000000
	468.000000	924.000000	1816.000000	22028.000000	5172.000000	346.000000
	464.000000	912.000000	1816.000000	11808.000000	8760.000000	0.000000
	468.000000	872.000000	20416.000000	11792.000000	8784.000000	0.000000
	472.000000	1272.000000	20692.000000	0.000000	8684.000000	491259.000000
	460.000000	1272.000000	0.000000	0.000000	5164.000000	177379.000000
	464.000000	836.000000	0.000000	25808.000000	4504.000000	157.000000
	464.000000	840.000000	0.000000	17024.000000	4516.000000	1435.000000
	468.000000	440.000000	0.000000	11804.000000	4544.000000	0.000000
	480.000000	816.000000	0.000000	11812.000000	5168.000000	0.000000
	448.000000	928.000000	0.000000	28392.000000	4580.000000	0.000000
	444.000000	932.000000	0.000000	212348.000000	4580.000000	0.000000
	444.000000	0.000000	0.000000	12680.000000	4568.000000	0.000000
	448.000000	964.000000	0.000000	13572.000000	5188.000000	0.000000
	476.000000	964.000000	0.000000	12112.000000	0.000000	162.000000
	412.000000	928.000000	0.000000	13792.000000	0.000000	153.000000
	408.000000	5872.000000	0.000000	30200.000000	5040.000000	4412.000000
	408.000000	408.000000	0.000000	30976.000000	4516.000000	874.000000
	404.000000	412.000000	0.000000	13464.000000	4544.000000	163.000000
	404.000000	1352.000000	0.000000	12776.000000	5164.000000	5034.000000
	364.000000	2460.000000	0.000000	0.000000	4536.000000	5100073.000000
	364.000000	0.000000	0.000000	0.000000	4508.000000	2955994.000000
	368.000000	4744.000000	0.000000	15072.000000	4540.000000	4401.000000
	484.000000	4756.000000	0.000000	15348.000000	5168.000000	4096.000000
	464.000000	4756.000000	0.000000	0.000000	0.000000	0.000000
	448.000000	4752.000000	0.000000	0.000000	0.000000	0.000000
	452.000000	816.000000	0.000000	20892.000000	0.000000	195.000000
	2040.000000	952.000000	0.000000	24868.000000	0.000000	216.000000
	440.000000	8824.000000	0.000000	11924.000000	0.000000	0.000000
	412.000000	8832.000000	0.000000	14668.000000	0.000000	0.000000
	408.000000	0.000000	0.000000	21632.000000	4504.000000	0.000000
	408.000000	0.000000	0.000000	21636.000000	4504.000000	0.000000
	404.000000	0.000000	0.000000	0.000000	4528.000000	146.000000
	404.000000	0.000000	0.000000	0.000000	5168.000000	172.000000
	444.000000	0.000000	0.000000	0.000000	4528.000000	0.000000
	448.000000	0.000000	0.000000	0.000000	4512.000000	0.000000
	448.000000	0.000000	0.000000	0.000000	4560.000000	0.000000
	460.000000	0.000000	0.000000	0.000000	5164.000000	0.000000
	448.000000	0.000000	0.000000	0.000000	4552.000000	0.000000
	448.000000	0.000000	0.000000	0.000000	4552.000000	0.000000
	448.000000	0.000000	0.000000	0.000000	4596.000000	0.000000
	548.000000	0.000000	0.000000	0.000000	5172.000000	0.000000
	5352.000000	0.000000	0.000000	0.000000	8480.000000	0.000000
	5348.000000	0.000000	0.000000	0.000000	6608.000000	0.000000
	5352.000000	0.000000	0.000000	0.000000	6628.000000	0.000000
	404.000000	0.000000	0.000000	0.000000	5164.000000	0.000000
	408.000000	0.000000	0.000000	0.000000	4516.000000	0.000000
	416.000000	0.000000	0.000000	0.000000	4524.000000	0.000000
	408.000000	0.000000	0.000000	0.000000	4544.000000	0.000000
	2244.000000	0.000000	0.000000	0.000000	5164.000000	0.000000
	2244.000000	0.000000	0.000000	0.000000	0.000000	0.000000
	492.000000	0.000000	0.000000	0.000000	0.000000	0.000000
	432.000000	0.000000	0.000000	0.000000	4572.000000	0.000000
	432.000000	0.000000	0.000000	0.000000	4568.000000	0.000000
	432.000000	0.000000	0.000000	0.000000	4540.000000	0.000000
	5400.000000	0.000000	0.000000	0.000000	5192.000000	0.000000
	5396.000000	0.000000	0.000000	0.000000	0.000000	0.000000
	4460.000000	0.000000	0.000000	0.000000	0.000000	0.000000
	4456.000000	0.000000	0.000000	0.000000	0.000000	0.000000
	468.000000	0.000000	0.000000	0.000000	0.000000	0.000000
	456.000000	0.000000	0.000000	0.000000	4512.000000	0.000000
	460.000000	0.000000	0.000000	0.000000	4536.000000	0.000000
	460.000000	0.000000	0.000000	0.000000	4536.000000	0.000000
	7332.000000	0.000000	0.000000	0.000000	5168.000000	0.000000
	7336.000000	0.000000	0.000000	0.000000	0.000000	0.000000
	----		----		----		----
	84796.695312	236692.000000	666723.937500	1148862.000000	289845.187500	17593370.000000
	----		----		----		----
	1.000000	12.804755	143.421738	65.511887	5.433440	1275.557129
	-		---		------		------
	C		CPP		HASKELL		JAVA		PYTHON
	-		---		-------		----		------
	0.000100	15864.000000	13.291779	28656.000000	0.100000	5933.000000
	0.002000	6492.000000	265.835602	28656.000000	0.100000	86011.000000
	0.001000	23500.000000	49740.000000	35.560139	0.030000	11775.000000
	1.875000	23632.000000	24016.000000	66675.257812	0.080000	3015219.000000
	1.860000	7028.000000	247227.093750	29892.000000	5.779623	3626584.250000
	0.460000	7028.000000	61142.187500	30052.000000	1.429369	896897.187500
	0.456000	14452.000000	60610.515625	29784.000000	1.416940	889098.125000
	0.002000	14452.000000	38308.000000	29772.000000	0.006215	3899.553223
	0.001000	15872.000000	24808.000000	35.560139	0.050000	1949.776611
	0.001000	15872.000000	49040.000000	35.560139	0.030000	1949.776611
	0.001000	7432.000000	49036.000000	34820.000000	0.050000	1949.776611
	0.018000	7488.000000	2392.520264	34828.000000	0.070000	35095.976562
	0.018000	6496.000000	2392.520264	28688.000000	0.055932	35095.976562
	380.000000	956.000000	54500.26172*	13948.000000	5168.000000	484711.71875*
	65.60063*	840.000000	9408.55664*	13892.000000	356.43707*	83677.35156*
	500.000000	928.000000	1800.000000	12056.000000	2716.71997*	637778.56250*
	500.000000	464.000000	1804.000000	11800.000000	2716.71997*	26045.000000
	456.000000	964.000000	65400.31250*	11756.000000	2477.64844*	298.000000
	448.000000	824.000000	64252.93750*	14624.000000	4508.000000	4440.000000
	444.000000	824.000000	63679.25000*	14276.000000	4944.000000	4690.000000
	448.000000	456.000000	64252.93750*	12064.000000	4584.000000	66367.000000
	436.000000	448.000000	3192.000000	12060.000000	5168.000000	64566.000000
	444.000000	816.000000	3148.000000	17244.000000	4536.000000	37936.000000
	444.000000	812.000000	1556.000000	16724.000000	4536.000000	30556.000000
	448.000000	916.000000	1492.000000	18060.000000	4572.000000	346.000000
	468.000000	924.000000	1816.000000	22028.000000	5172.000000	346.000000
	464.000000	912.000000	1816.000000	11808.000000	8760.000000	591858.50000*
	468.000000	872.000000	20416.000000	11792.000000	8784.000000	596960.75000*
	472.000000	1272.000000	20692.000000	30921.61133*	8684.000000	491259.000000
	460.000000	1272.000000	65974.00000*	30135.46875*	5164.000000	177379.000000
	464.000000	836.000000	66547.68750*	25808.000000	4504.000000	157.000000
	464.000000	840.000000	66547.68750*	17024.000000	4516.000000	1435.000000
	468.000000	440.000000	67121.37500*	11804.000000	4544.000000	596960.75000*
	480.000000	816.000000	68842.43750*	11812.000000	5168.000000	612267.43750*
	448.000000	928.000000	64252.93750*	28392.000000	4580.000000	571449.62500*
	444.000000	932.000000	63679.25000*	212348.000000	4580.000000	566347.37500*
	444.000000	5685.31152*	63679.25000*	12680.000000	4568.000000	566347.37500*
	448.000000	964.000000	64252.93750*	13572.000000	5188.000000	571449.62500*
	476.000000	964.000000	68268.75000*	12112.000000	2586.31738*	162.000000
	412.000000	928.000000	59089.75781*	13792.000000	2238.57715*	153.000000
	408.000000	5872.000000	58516.07031*	30200.000000	5040.000000	4412.000000
	408.000000	408.000000	58516.07031*	30976.000000	4516.000000	874.000000
	404.000000	412.000000	57942.38281*	13464.000000	4544.000000	163.000000
	404.000000	1352.000000	57942.38281*	12776.000000	5164.000000	5034.000000
	364.000000	2460.000000	52205.51172*	23846.32617*	4536.000000	5100073.000000
	364.000000	4660.93066*	52205.51172*	23846.32617*	4508.000000	2955994.000000
	368.000000	4744.000000	52779.19922*	15072.000000	4540.000000	4401.000000
	484.000000	4756.000000	69416.11719*	15348.000000	5168.000000	4096.000000
	464.000000	4756.000000	66547.68750*	30397.51562*	2521.11597*	591858.50000*
	448.000000	4752.000000	64252.93750*	29349.32422*	2434.18091*	571449.62500*
	452.000000	816.000000	64826.62500*	20892.000000	2455.91479*	195.000000
	2040.000000	952.000000	292580.34375*	24868.000000	11084.21680*	216.000000
	440.000000	8824.000000	63105.56641*	11924.000000	2390.71338*	561245.12500*
	412.000000	8832.000000	59089.75781*	14668.000000	2238.57715*	525529.56250*
	408.000000	5224.34033*	58516.07031*	21632.000000	4504.000000	520427.31250*
	408.000000	5224.34033*	58516.07031*	21636.000000	4504.000000	520427.31250*
	404.000000	5173.12109*	57942.38281*	26466.80273*	4528.000000	146.000000
	404.000000	5173.12109*	57942.38281*	26466.80273*	5168.000000	172.000000
	444.000000	5685.31152*	63679.25000*	29087.27734*	4528.000000	566347.37500*
	448.000000	5736.53027*	64252.93750*	29349.32422*	4512.000000	571449.62500*
	448.000000	5736.53027*	64252.93750*	29349.32422*	4560.000000	571449.62500*
	460.000000	5890.18750*	65974.00000*	30135.46875*	5164.000000	586756.25000*
	448.000000	5736.53027*	64252.93750*	29349.32422*	4552.000000	571449.62500*
	448.000000	5736.53027*	64252.93750*	29349.32422*	4552.000000	571449.62500*
	448.000000	5736.53027*	64252.93750*	29349.32422*	4596.000000	571449.62500*
	548.000000	7017.00586*	78595.10938*	35900.51562*	5172.000000	699005.31250*
	5352.000000	68531.04688*	767593.12500*	350619.62500*	8480.000000	6826782.00000*
	5348.000000	68479.82812*	767019.43750*	350357.56250*	6608.000000	6821679.50000*
	5352.000000	68531.04688*	767593.12500*	350619.62500*	6628.000000	6826782.00000*
	404.000000	5173.12109*	57942.38281*	26466.80273*	5164.000000	515325.09375*
	408.000000	5224.34033*	58516.07031*	26728.84961*	4516.000000	520427.31250*
	416.000000	5326.77832*	59663.44141*	27252.94531*	4524.000000	530631.75000*
	408.000000	5224.34033*	58516.07031*	26728.84961*	4544.000000	520427.31250*
	2244.000000	28733.87109*	321838.37500*	147008.67188*	5164.000000	2862350.25000*
	2244.000000	28733.87109*	321838.37500*	147008.67188*	12192.63867*	2862350.25000*
	492.000000	6299.93945*	70563.49219*	32231.84766*	2673.25244*	627574.12500*
	0.000100	15864.000000	13.291779	28656.000000	0.100000	5933.000000
	0.002000	6492.000000	265.835602	28656.000000	0.100000	86011.000000
	0.001000	23500.000000	49740.000000	35.560139	0.030000	11775.000000
	1.875000	23632.000000	24016.000000	66675.257812	0.080000	3015219.000000
	1.860000	7028.000000	247227.093750	29892.000000	5.779623	3626584.250000
	0.460000	7028.000000	61142.187500	30052.000000	1.429369	896897.187500
	0.456000	14452.000000	60610.515625	29784.000000	1.416940	889098.125000
	0.002000	14452.000000	38308.000000	29772.000000	0.006215	3899.553223
	0.001000	15872.000000	24808.000000	35.560139	0.050000	1949.776611
	0.001000	15872.000000	49040.000000	35.560139	0.030000	1949.776611
	0.001000	7432.000000	49036.000000	34820.000000	0.050000	1949.776611
	0.018000	7488.000000	2392.520264	34828.000000	0.070000	35095.976562
	0.018000	6496.000000	2392.520264	28688.000000	0.055932	35095.976562
	----		----		----		----
	47346.996094	770974.437500	7398907.000000	3439115.250000	303313.468750	68999280.000000
	-		---		-------		----		------
	0.000100	15864.000000	13.291779	28656.000000	0.100000	5933.000000
	0.002000	6492.000000	265.835602	28656.000000	0.100000	86011.000000
	0.001000	23500.000000	49740.000000	35.560139	0.030000	11775.000000
	1.875000	23632.000000	24016.000000	66675.257812	0.080000	3015219.000000
	1.860000	7028.000000	247227.093750	29892.000000	5.779623	3626584.250000
	0.460000	7028.000000	61142.187500	30052.000000	1.429369	896897.187500
	0.456000	14452.000000	60610.515625	29784.000000	1.416940	889098.125000
	0.002000	14452.000000	38308.000000	29772.000000	0.006215	3899.553223
	0.001000	15872.000000	24808.000000	35.560139	0.050000	1949.776611
	0.001000	15872.000000	49040.000000	35.560139	0.030000	1949.776611
	0.001000	7432.000000	49036.000000	34820.000000	0.050000	1949.776611
	0.018000	7488.000000	2392.520264	34828.000000	0.070000	35095.976562
	0.018000	6496.000000	2392.520264	28688.000000	0.055932	35095.976562
	380.000000	956.000000	60495.28906**	13948.000000	5168.000000	552571.37500**
	78.72076**	840.000000	10443.49805**	13892.000000	406.33826**	95392.17969**
	500.000000	928.000000	1800.000000	12056.000000	3097.06079**	727067.56250**
	500.000000	464.000000	1804.000000	11800.000000	3097.06079**	26045.000000
	456.000000	964.000000	72594.34375**	11756.000000	2824.51929**	298.000000
	448.000000	824.000000	71320.75781**	14624.000000	4508.000000	4440.000000
	444.000000	824.000000	70683.96875**	14276.000000	4944.000000	4690.000000
	448.000000	456.000000	71320.75781**	12064.000000	4584.000000	66367.000000
	436.000000	448.000000	3192.000000	12060.000000	5168.000000	64566.000000
	444.000000	816.000000	3148.000000	17244.000000	4536.000000	37936.000000
	444.000000	812.000000	1556.000000	16724.000000	4536.000000	30556.000000
	448.000000	916.000000	1492.000000	18060.000000	4572.000000	346.000000
	468.000000	924.000000	1816.000000	22028.000000	5172.000000	346.000000
	464.000000	912.000000	1816.000000	11808.000000	8760.000000	674718.68750**
	468.000000	872.000000	20416.000000	11792.000000	8784.000000	680535.25000**
	472.000000	1272.000000	20692.000000	35869.07031**	8684.000000	491259.000000
	460.000000	1272.000000	73231.14062**	34957.14453**	5164.000000	177379.000000
	464.000000	836.000000	73867.92969**	25808.000000	4504.000000	157.000000
	464.000000	840.000000	73867.92969**	17024.000000	4516.000000	1435.000000
	468.000000	440.000000	74504.72656**	11804.000000	4544.000000	680535.25000**
	480.000000	816.000000	76415.10938**	11812.000000	5168.000000	697984.87500**
	448.000000	928.000000	71320.75781**	28392.000000	4580.000000	651452.56250**
	444.000000	932.000000	70683.96875**	212348.000000	4580.000000	645636.00000**
	444.000000	6765.52051**	70683.96875**	12680.000000	4568.000000	645636.00000**
	448.000000	964.000000	71320.75781**	13572.000000	5188.000000	651452.56250**
	476.000000	964.000000	75778.31250**	12112.000000	2948.40186**	162.000000
	412.000000	928.000000	65589.63281**	13792.000000	2551.97803**	153.000000
	408.000000	5872.000000	64952.83984**	30200.000000	5040.000000	4412.000000
	408.000000	408.000000	64952.83984**	30976.000000	4516.000000	874.000000
	404.000000	412.000000	64316.04688**	13464.000000	4544.000000	163.000000
	404.000000	1352.000000	64316.04688**	12776.000000	5164.000000	5034.000000
	364.000000	2460.000000	57948.11719**	27661.73828**	4536.000000	5100073.000000
	364.000000	5546.50732**	57948.11719**	27661.73828**	4508.000000	2955994.000000
	368.000000	4744.000000	58584.91016**	15072.000000	4540.000000	4401.000000
	484.000000	4756.000000	77051.89062**	15348.000000	5168.000000	4096.000000
	464.000000	4756.000000	73867.92969**	35261.11719**	2874.07227**	674718.68750**
	448.000000	4752.000000	71320.75781**	34045.21484**	2774.96631**	651452.56250**
	452.000000	816.000000	71957.55469**	20892.000000	2799.74292**	195.000000
	2040.000000	952.000000	324764.18750**	24868.000000	12636.00684**	216.000000
	440.000000	8824.000000	70047.17969**	11924.000000	2725.41333**	639819.43750**
	412.000000	8832.000000	65589.63281**	14668.000000	2551.97803**	599103.68750**
	408.000000	6216.96484**	64952.83984**	21632.000000	4504.000000	593287.12500**
	408.000000	6216.96484**	64952.83984**	21636.000000	4504.000000	593287.12500**
	404.000000	6156.01416**	64316.04688**	30701.49023**	4528.000000	146.000000
	404.000000	6156.01416**	64316.04688**	30701.49023**	5168.000000	172.000000
	444.000000	6765.52051**	70683.96875**	33741.24219**	4528.000000	645636.00000**
	448.000000	6826.47119**	71320.75781**	34045.21484**	4512.000000	651452.56250**
	448.000000	6826.47119**	71320.75781**	34045.21484**	4560.000000	651452.56250**
	460.000000	7009.32324**	73231.14062**	34957.14453**	5164.000000	668902.12500**
	448.000000	6826.47119**	71320.75781**	34045.21484**	4552.000000	651452.56250**
	448.000000	6826.47119**	71320.75781**	34045.21484**	4552.000000	651452.56250**
	448.000000	6826.47119**	71320.75781**	34045.21484**	4596.000000	651452.56250**
	548.000000	8350.23730**	87240.57031**	41644.59766**	5172.000000	796866.06250**
	5352.000000	81551.94531**	852028.37500**	406718.75000**	8480.000000	7782531.50000**
	5348.000000	81490.99219**	851391.56250**	406414.78125**	6608.000000	7776714.50000**
	5352.000000	81551.94531**	852028.37500**	406718.75000**	6628.000000	7782531.50000**
	404.000000	6156.01416**	64316.04688**	30701.49023**	5164.000000	587470.62500**
	408.000000	6216.96484**	64952.83984**	31005.46484**	4516.000000	593287.12500**
	416.000000	6338.86621**	66226.42188**	31613.41602**	4524.000000	604920.18750**
	408.000000	6216.96484**	64952.83984**	31005.46484**	4544.000000	593287.12500**
	2244.000000	34193.30469**	357240.59375**	170530.06250**	5164.000000	3263079.25000**
	2244.000000	34193.30469**	357240.59375**	170530.06250**	13899.60840**	3263079.25000**
	492.000000	7496.92773**	78325.47656**	37388.94141**	3047.50781**	715434.50000**
	0.000100	15864.000000	13.291779	28656.000000	0.100000	5933.000000
	0.002000	6492.000000	265.835602	28656.000000	0.100000	86011.000000
	0.001000	23500.000000	49740.000000	35.560139	0.030000	11775.000000
	1.875000	23632.000000	24016.000000	66675.257812	0.080000	3015219.000000
	1.860000	7028.000000	247227.093750	29892.000000	5.779623	3626584.250000
	0.460000	7028.000000	61142.187500	30052.000000	1.429369	896897.187500
	0.456000	14452.000000	60610.515625	29784.000000	1.416940	889098.125000
	0.002000	14452.000000	38308.000000	29772.000000	0.006215	3899.553223
	0.001000	15872.000000	24808.000000	35.560139	0.050000	1949.776611
	0.001000	15872.000000	49040.000000	35.560139	0.030000	1949.776611
	0.001000	7432.000000	49036.000000	34820.000000	0.050000	1949.776611
	0.018000	7488.000000	2392.520264	34828.000000	0.070000	35095.976562
	0.018000	6496.000000	2392.520264	28688.000000	0.055932	35095.976562
	----		----		----		----
	47360.113281	841022.625000	8072457.500000	3750847.250000	310465.062500	74990488.000000

