

	C		CPP		HASKELL		JAVA		PYTHON
	-		---		-------		----		------
	0.210000	0.760000	1.000000	0.900000	0.000000
	0.110000	0.370000	1.020000	0.640000	0.000000
	0.000000	0.000000	0.930000	0.600000	0.000000
	0.000000	0.000000	0.660000	0.600000	0.000000
	0.210000	0.000000	1.370000	0.720000	0.000000
	0.170000	0.000000	0.880000	0.680000	0.000000
	0.180000	0.280000	1.120000	0.670000	0.000000
	0.240000	0.210000	1.950000	0.600000	0.000000
	0.120000	0.360000	0.990000	0.660000	0.000000
	0.100000	0.250000	0.890000	0.620000	0.000000
	0.110000	0.170000	0.000000	0.630000	0.000000
	0.080000	0.180000	0.000000	0.630000	0.000000
	0.180000	4.220000	1.680000	1.380000	0.000000
	0.180000	3.870000	1.440000	0.690000	0.000000
	0.230000	1.230000	1.030000	0.730000	0.000000
	0.230000	0.280000	1.940000	0.760000	0.000000
	0.090000	0.130000	0.970000	0.630000	0.000000
	0.110000	0.270000	1.200000	0.640000	0.000000
	0.140000	0.000000	0.650000	0.660000	0.000000
	0.100000	0.000000	0.640000	0.660000	0.000000
	0.000000	0.000000	0.000000	0.720000	0.000000
	0.000000	0.000000	0.000000	0.700000	0.000000
	0.090000	0.200000	0.740000	0.680000	0.000000
	0.090000	0.410000	0.710000	0.620000	0.000000
	0.090000	0.070000	0.960000	0.700000	0.000000
	0.170000	0.100000	0.790000	0.640000	0.000000
	0.120000	0.190000	0.660000	0.660000	0.000000
	0.100000	0.310000	0.840000	0.660000	0.000000
	----		----		----		----
	3.450000	13.860000	25.059998	19.480001	0.000000
	----		----		----		----
	1.000000	4.897527	7.687117	5.646378
	-		---		------		------
	C		CPP		HASKELL		JAVA		PYTHON
	-		---		-------		----		------
	0.210000	0.760000	1.000000	0.900000
	0.110000	0.370000	1.020000	0.640000
	0.00000*	0.00000*	0.930000	0.600000
	0.00000*	0.00000*	0.660000	0.600000
	0.210000	1.02848*	1.370000	0.720000
	0.170000	0.83258*	0.880000	0.680000
	0.180000	0.280000	1.120000	0.670000
	0.240000	0.210000	1.950000	0.600000
	0.120000	0.360000	0.990000	0.660000
	0.100000	0.250000	0.890000	0.620000
	0.110000	0.170000	0.84558*	0.630000
	0.080000	0.180000	0.61497*	0.630000
	0.180000	4.220000	1.680000	1.380000
	0.180000	3.870000	1.440000	0.690000
	0.230000	1.230000	1.030000	0.730000
	0.230000	0.280000	1.940000	0.760000
	0.090000	0.130000	0.970000	0.630000
	0.110000	0.270000	1.200000	0.640000
	0.140000	0.68565*	0.650000	0.660000
	0.100000	0.48975*	0.640000	0.660000
	0.00000*	0.00000*	0.00000*	0.720000
	0.00000*	0.00000*	0.00000*	0.700000
	0.090000	0.200000	0.740000	0.680000
	0.090000	0.410000	0.710000	0.620000
	0.090000	0.070000	0.960000	0.700000
	0.170000	0.100000	0.790000	0.640000
	0.120000	0.190000	0.660000	0.660000
	0.100000	0.310000	0.840000	0.660000
	----		----		----		----
	3.450000	16.896467	26.520552	19.480001
	-		---		-------		----		------
	0.210000	0.760000	1.000000	0.900000
	0.110000	0.370000	1.020000	0.640000
	0.00000**	0.00000**	0.930000	0.600000
	0.00000**	0.00000**	0.660000	0.600000
	0.210000	1.22389**	1.370000	0.720000
	0.170000	0.99077**	0.880000	0.680000
	0.180000	0.280000	1.120000	0.670000
	0.240000	0.210000	1.950000	0.600000
	0.120000	0.360000	0.990000	0.660000
	0.100000	0.250000	0.890000	0.620000
	0.110000	0.170000	0.93860**	0.630000
	0.080000	0.180000	0.68262**	0.630000
	0.180000	4.220000	1.680000	1.380000
	0.180000	3.870000	1.440000	0.690000
	0.230000	1.230000	1.030000	0.730000
	0.230000	0.280000	1.940000	0.760000
	0.090000	0.130000	0.970000	0.630000
	0.110000	0.270000	1.200000	0.640000
	0.140000	0.81593**	0.650000	0.660000
	0.100000	0.58281**	0.640000	0.660000
	0.00000**	0.00000**	0.00000**	0.720000
	0.00000**	0.00000**	0.00000**	0.700000
	0.090000	0.200000	0.740000	0.680000
	0.090000	0.410000	0.710000	0.620000
	0.090000	0.070000	0.960000	0.700000
	0.170000	0.100000	0.790000	0.640000
	0.120000	0.190000	0.660000	0.660000
	0.100000	0.310000	0.840000	0.660000
	----		----		----		----
	3.450000	17.473398	26.681213	19.480001


	C		CPP		HASKELL		JAVA		PYTHON
	-		---		-------		----		------

	7664.000000	22636.000000	60152.000000	31992.000000	0.000000
	7460.000000	22692.000000	60188.000000	28820.000000	0.000000
	0.000000	0.000000	60152.000000	28828.000000	0.000000
	0.000000	0.000000	60148.000000	28936.000000	0.000000
	9056.000000	0.000000	53408.000000	34376.000000	0.000000
	9032.000000	0.000000	53404.000000	34248.000000	0.000000
	8548.000000	16288.000000	49532.000000	34068.000000	0.000000
	10848.000000	16340.000000	49840.000000	28616.000000	0.000000
	7732.000000	21180.000000	57192.000000	31752.000000	0.000000
	7856.000000	21188.000000	57192.000000	31700.000000	0.000000
	8076.000000	14880.000000	0.000000	31596.000000	0.000000
	7732.000000	14812.000000	0.000000	31608.000000	0.000000
	8908.000000	97912.000000	51636.000000	35276.000000	0.000000
	8908.000000	101092.000000	51632.000000	34272.000000	0.000000
	9308.000000	39468.000000	51104.000000	34988.000000	0.000000
	9308.000000	11856.000000	51816.000000	35344.000000	0.000000
	8096.000000	9960.000000	60136.000000	33248.000000	0.000000
	7832.000000	19096.000000	60140.000000	33252.000000	0.000000
	8020.000000	0.000000	49344.000000	31456.000000	0.000000
	8012.000000	0.000000	49344.000000	31464.000000	0.000000
	0.000000	0.000000	0.000000	33516.000000	0.000000
	0.000000	0.000000	0.000000	34192.000000	0.000000
	7248.000000	18820.000000	36516.000000	34288.000000	0.000000
	8124.000000	25032.000000	34524.000000	28492.000000	0.000000
	7780.000000	9108.000000	58440.000000	34104.000000	0.000000
	9232.000000	11232.000000	60288.000000	28908.000000	0.000000
	7688.000000	17932.000000	49476.000000	31400.000000	0.000000
	7684.000000	8744.000000	49476.000000	29888.000000	0.000000
	-		---		-------		----		------
	200152.000000	520268.000000	1275080.000000	900628.000000	0.000000
	----		----		----		----
	1.000000	3.133541	6.916851	4.499720
	-		---		-------		----		------
	C		CPP		HASKELL		JAVA		PYTHON
	-		---		-------		----		------
	7664.000000	22636.000000	60152.000000	31992.000000
	7460.000000	22692.000000	60188.000000	28820.000000
	0.00000*	0.00000*	60152.000000	28828.000000
	0.00000*	0.00000*	60148.000000	28936.000000
	9056.000000	28377.34375*	53408.000000	34376.000000
	9032.000000	28302.13867*	53404.000000	34248.000000
	8548.000000	16288.000000	49532.000000	34068.000000
	10848.000000	16340.000000	49840.000000	28616.000000
	7732.000000	21180.000000	57192.000000	31752.000000
	7856.000000	21188.000000	57192.000000	31700.000000
	8076.000000	14880.000000	55860.48828*	31596.000000
	7732.000000	14812.000000	53481.09375*	31608.000000
	8908.000000	97912.000000	51636.000000	35276.000000
	8908.000000	101092.000000	51632.000000	34272.000000
	9308.000000	39468.000000	51104.000000	34988.000000
	9308.000000	11856.000000	51816.000000	35344.000000
	8096.000000	9960.000000	60136.000000	33248.000000
	7832.000000	19096.000000	60140.000000	33252.000000
	8020.000000	25130.99609*	49344.000000	31456.000000
	8012.000000	25105.92773*	49344.000000	31464.000000
	0.00000*	0.00000*	0.00000*	33516.000000
	0.00000*	0.00000*	0.00000*	34192.000000
	7248.000000	18820.000000	36516.000000	34288.000000
	8124.000000	25032.000000	34524.000000	28492.000000
	7780.000000	9108.000000	58440.000000	34104.000000
	9232.000000	11232.000000	60288.000000	28908.000000
	7688.000000	17932.000000	49476.000000	31400.000000
	7684.000000	8744.000000	49476.000000	29888.000000
	----		----		----		----
	200152.000000	627184.437500	1384421.625000	900628.000000
	-		---		-------		----		------
	7664.000000	22636.000000	60152.000000	31992.000000
	7460.000000	22692.000000	60188.000000	28820.000000
	0.00000**	0.00000**	60152.000000	28828.000000
	0.00000**	0.00000**	60148.000000	28936.000000
	9056.000000	33769.03906**	53408.000000	34376.000000
	9032.000000	33679.54688**	53404.000000	34248.000000
	8548.000000	16288.000000	49532.000000	34068.000000
	10848.000000	16340.000000	49840.000000	28616.000000
	7732.000000	21180.000000	57192.000000	31752.000000
	7856.000000	21188.000000	57192.000000	31700.000000
	8076.000000	14880.000000	62005.14062**	31596.000000
	7732.000000	14812.000000	59364.01562**	31608.000000
	8908.000000	97912.000000	51636.000000	35276.000000
	8908.000000	101092.000000	51632.000000	34272.000000
	9308.000000	39468.000000	51104.000000	34988.000000
	9308.000000	11856.000000	51816.000000	35344.000000
	8096.000000	9960.000000	60136.000000	33248.000000
	7832.000000	19096.000000	60140.000000	33252.000000
	8020.000000	29905.88477**	49344.000000	31456.000000
	8012.000000	29876.05469**	49344.000000	31464.000000
	0.00000**	0.00000**	0.00000**	33516.000000
	0.00000**	0.00000**	0.00000**	34192.000000
	7248.000000	18820.000000	36516.000000	34288.000000
	8124.000000	25032.000000	34524.000000	28492.000000
	7780.000000	9108.000000	58440.000000	34104.000000
	9232.000000	11232.000000	60288.000000	28908.000000
	7688.000000	17932.000000	49476.000000	31400.000000
	7684.000000	8744.000000	49476.000000	29888.000000
	----		----		----		----
	200152.000000	647498.562500	1396449.125000	900628.000000


	C		CPP		JAVA		PYTHON
	-		---		----		------
	46.720001	41.740002	58.570000	8.770000	405.410004
	0.010000	41.770000	167.520004	11.110000	505.500000
	0.000000	0.000000	124.110001	11.190000	0.000000
	0.000000	0.000000	124.500000	11.060000	0.000000
	0.440000	0.000000	11.840000	8.830000	508.399994
	0.440000	0.000000	10.770000	3.230000	508.170013
	0.000000	41.400002	1141.500000	28.020000	5422.080078
	0.000000	41.529999	157.860001	106.949997	0.110000
	0.000000	0.020000	7.110000	0.100000	413.970001
	0.000000	0.000000	7.440000	10.090000	447.519989
	0.000000	0.020000	0.000000	4.100000	0.000000
	0.000000	0.000000	0.000000	3.040000	0.000000
	0.060000	0.040000	0.230000	0.320000	0.560000
	0.040000	0.050000	0.110000	0.340000	0.970000
	0.110000	0.120000	6.870000	0.330000	0.560000
	0.110000	0.040000	1.450000	0.940000	18.360001
	0.010000	13.020000	59.970001	17.770000	16.940001
	15.490000	12.180000	65.790001	16.690001	2369.379883
	5.040000	0.000000	6.060000	43.369999	2352.760010
	5.040000	0.000000	15.200000	43.380001	0.000000
	0.000000	0.000000	0.000000	0.300000	0.000000
	0.000000	0.000000	0.000000	0.270000	0.140000
	0.010000	0.000000	0.000000	0.170000	0.140000
	0.000000	0.000000	0.000000	0.220000	0.030000
	2.550000	5.080000	44.419998	6.330000	0.050000
	0.400000	2.970000	11.170000	12.280000	2530.270020
	705.989990	616.400024	15.310000	1063.540039	1382.369995
	711.419983	733.119995	20.180000	1.470000	1111.619995
	----		----		----		----
	1493.880005	1549.500000	2057.979980	1414.209961	17995.306641
	----		----		----		----
	1.000000	1.044905	1.377617	0.946669	12.086797
	-		---		------		------
	C		CPP		HASKELL		JAVA		PYTHON
	-		---		-------		----		------
	46.720001	41.740002	58.570000	8.770000	405.410004
	0.010000	41.770000	167.520004	11.110000	505.500000
	0.00000*	0.00000*	124.110001	11.190000	0.00000*
	0.00000*	0.00000*	124.500000	11.060000	0.00000*
	0.440000	0.45976*	11.840000	8.830000	508.399994
	0.440000	0.45976*	10.770000	3.230000	508.170013
	39.62083*	41.400002	1141.500000	28.020000	5422.080078
	39.74524*	41.529999	157.860001	106.949997	0.110000
	0.01914*	0.020000	7.110000	0.100000	413.970001
	0.00000*	0.00000*	7.440000	10.090000	447.519989
	0.01914*	0.020000	0.02637*	4.100000	0.23135*
	0.00000*	0.00000*	0.00000*	3.040000	0.00000*
	0.060000	0.040000	0.230000	0.320000	0.560000
	0.040000	0.050000	0.110000	0.340000	0.970000
	0.110000	0.120000	6.870000	0.330000	0.560000
	0.110000	0.040000	1.450000	0.940000	18.360001
	0.010000	13.020000	59.970001	17.770000	16.940001
	15.490000	12.180000	65.790001	16.690001	2369.379883
	5.040000	5.26632*	6.060000	43.369999	2352.760010
	5.040000	5.26632*	15.200000	43.380001	60.91745*
	0.00000*	0.00000*	0.00000*	0.300000	0.00000*
	0.00000*	0.00000*	0.00000*	0.270000	0.140000
	0.010000	0.01045*	0.01378*	0.170000	0.140000
	0.00000*	0.00000*	0.00000*	0.220000	0.030000
	2.550000	5.080000	44.419998	6.330000	0.050000
	0.400000	2.970000	11.170000	12.280000	2530.270020
	705.989990	616.400024	15.310000	1063.540039	1382.369995
	711.419983	733.119995	20.180000	1.470000	1111.619995
	----		----		----		----
	1573.284302	1560.962646	2058.020264	1414.209961	18056.455078
	-		---		-------		----		------
	46.720001	41.740002	58.570000	8.770000	405.410004
	0.010000	41.770000	167.520004	11.110000	505.500000
	0.00000**	0.00000**	124.110001	11.190000	0.00000**
	0.00000**	0.00000**	124.500000	11.060000	0.00000**
	0.440000	0.54711**	11.840000	8.830000	508.399994
	0.440000	0.54711**	10.770000	3.230000	508.170013
	47.544998	41.400002	1141.500000	28.020000	5422.080078
	47.694286	41.529999	157.860001	106.949997	0.110000
	0.022969	0.020000	7.110000	0.100000	413.970001
	0.000000	0.000000	7.440000	10.090000	447.519989
	0.022969	0.020000	0.02927**	4.100000	0.26374**
	0.000000	0.000000	0.00000**	3.040000	0.00000**
	0.060000	0.040000	0.230000	0.320000	0.560000
	0.040000	0.050000	0.110000	0.340000	0.970000
	0.110000	0.120000	6.870000	0.330000	0.560000
	0.110000	0.040000	1.450000	0.940000	18.360001
	0.010000	13.020000	59.970001	17.770000	16.940001
	15.490000	12.180000	65.790001	16.690001	2369.379883
	5.040000	6.26692**	6.060000	43.369999	2352.760010
	5.040000	6.26692**	15.200000	43.380001	69.44590**
	0.00000**	0.00000**	0.00000**	0.300000	0.00000**
	0.00000**	0.00000**	0.00000**	0.270000	0.140000
	0.010000	0.012434	0.015292	0.170000	0.140000
	0.000000	0.000000	0.000000	0.220000	0.030000
	2.550000	5.080000	44.419998	6.330000	0.050000
	0.400000	2.970000	11.170000	12.280000	2530.270020
	705.989990	616.400024	15.310000	1063.540039	1382.369995
	711.419983	733.119995	20.180000	1.470000	1111.619995
	----		----		----		----
	1589.165161	1563.140503	2058.024658	1414.209961	18065.017578


	C		CPP		HASKELL		JAVA		PYTHON
	-		---		----		------
	66204.000000	99296.000000	179988.000000	413068.000000	272684.000000
	760.000000	99292.000000	570708.000000	362332.000000	272684.000000
	0.000000	0.000000	259964.000000	367280.000000	0.000000
	0.000000	0.000000	260048.000000	352572.000000	0.000000
	720.000000	0.000000	2652.000000	27736.000000	4828.000000
	724.000000	0.000000	2612.000000	63664.000000	4860.000000
	468.000000	924.000000	3692.000000	14372.000000	4508.000000
	468.000000	932.000000	1492.000000	14072.000000	5280.000000
	576.000000	824.000000	2108.000000	11744.000000	4556.000000
	576.000000	828.000000	2116.000000	14732.000000	4552.000000
	564.000000	872.000000	0.000000	14284.000000	0.000000
	556.000000	868.000000	0.000000	14288.000000	0.000000
	20612.000000	9544.000000	45660.000000	29772.000000	22728.000000
	20604.000000	10232.000000	43336.000000	50680.000000	22848.000000
	1116.000000	1424.000000	3636.000000	17156.000000	22724.000000
	1116.000000	804.000000	5240.000000	16528.000000	5228.000000
	656.000000	844.000000	2096.000000	14152.000000	4980.000000
	660.000000	912.000000	2076.000000	14152.000000	4628.000000
	1084.000000	0.000000	5056.000000	210396.000000	4628.000000
	1080.000000	0.000000	4948.000000	178672.000000	0.000000
	0.000000	0.000000	0.000000	18932.000000	0.000000
	0.000000	0.000000	0.000000	16612.000000	5032.000000
	596.000000	1156.000000	1428.000000	28492.000000	8044.000000
	616.000000	1304.000000	1328.000000	14788.000000	4480.000000
	656.000000	1204.000000	5712.000000	14692.000000	4484.000000
	716.000000	1204.000000	1860.000000	15236.000000	4740.000000
	2660.000000	3204.000000	3748.000000	254196.000000	6984.000000
	2652.000000	5056.000000	3600.000000	258132.000000	8900.000000
	----		----		----		----
	126440.000000	240724.000000	1415104.000000	2822732.000000	704380.000000
	----		----		----		----
	1.000000	1.959782	11.291924	22.324677	5.669511
	-		---		------		------
	C		CPP		HASKELL		JAVA		PYTHON
	-		---		-------		----		------
	66204.000000	99296.000000	179988.000000	413068.000000	272684.000000
	760.000000	99292.000000	570708.000000	362332.000000	272684.000000
	0.00000*	0.00000*	259964.000000	367280.000000	0.00000*
	0.00000*	0.00000*	260048.000000	352572.000000	0.00000*
	720.000000	1411.04333*	2652.000000	27736.000000	4828.000000
	724.000000	1418.88257*	2612.000000	63664.000000	4860.000000
	468.000000	924.000000	3692.000000	14372.000000	4508.000000
	468.000000	932.000000	1492.000000	14072.000000	5280.000000
	576.000000	824.000000	2108.000000	11744.000000	4556.000000
	576.000000	828.000000	2116.000000	14732.000000	4552.000000
	564.000000	872.000000	6368.64551*	14284.000000	3197.60400*
	556.000000	868.000000	6278.31006*	14288.000000	3152.24805*
	20612.000000	9544.000000	45660.000000	29772.000000	22728.000000
	20604.000000	10232.000000	43336.000000	50680.000000	22848.000000
	1116.000000	1424.000000	3636.000000	17156.000000	22724.000000
	1116.000000	804.000000	5240.000000	16528.000000	5228.000000
	656.000000	844.000000	2096.000000	14152.000000	4980.000000
	660.000000	912.000000	2076.000000	14152.000000	4628.000000
	1084.000000	2124.40430*	5056.000000	210396.000000	4628.000000
	1080.000000	2116.56519*	4948.000000	178672.000000	6123.07178*
	0.00000*	0.00000*	0.00000*	18932.000000	0.00000*
	0.00000*	0.00000*	0.00000*	16612.000000	5032.000000
	596.000000	1156.000000	1428.000000	28492.000000	8044.000000
	616.000000	1304.000000	1328.000000	14788.000000	4480.000000
	656.000000	1204.000000	5712.000000	14692.000000	4484.000000
	716.000000	1204.000000	1860.000000	15236.000000	4740.000000
	2660.000000	3204.000000	3748.000000	254196.000000	6984.000000
	2652.000000	5056.000000	3600.000000	258132.000000	8900.000000
	----		----		----		----
	126440.000000	247794.890625	1427750.875000	2822732.000000	716852.937500
	-		---		-------		----		------
	66204.000000	99296.000000	179988.000000	413068.000000	272684.000000
	760.000000	99292.000000	570708.000000	362332.000000	272684.000000
	0.00000**	0.00000**	259964.000000	367280.000000	0.00000**
	0.00000**	0.00000**	260048.000000	352572.000000	0.00000**
	720.000000	1679.14160**	2652.000000	27736.000000	4828.000000
	724.000000	1688.47021**	2612.000000	63664.000000	4860.000000
	468.000000	924.000000	3692.000000	14372.000000	4508.000000
	468.000000	932.000000	1492.000000	14072.000000	5280.000000
	576.000000	824.000000	2108.000000	11744.000000	4556.000000
	576.000000	828.000000	2116.000000	14732.000000	4552.000000
	564.000000	872.000000	7069.19629**	14284.000000	3645.26855**
	556.000000	868.000000	6968.92432**	14288.000000	3593.56274**
	20612.000000	9544.000000	45660.000000	29772.000000	22728.000000
	20604.000000	10232.000000	43336.000000	50680.000000	22848.000000
	1116.000000	1424.000000	3636.000000	17156.000000	22724.000000
	1116.000000	804.000000	5240.000000	16528.000000	5228.000000
	656.000000	844.000000	2096.000000	14152.000000	4980.000000
	660.000000	912.000000	2076.000000	14152.000000	4628.000000
	1084.000000	2528.04102**	5056.000000	210396.000000	4628.000000
	1080.000000	2518.71265**	4948.000000	178672.000000	6980.30176**
	0.00000**	0.00000**	0.00000**	18932.000000	0.00000**
	0.00000**	0.00000**	0.00000**	16612.000000	5032.000000
	596.000000	1156.000000	1428.000000	28492.000000	8044.000000
	616.000000	1304.000000	1328.000000	14788.000000	4480.000000
	656.000000	1204.000000	5712.000000	14692.000000	4484.000000
	716.000000	1204.000000	1860.000000	15236.000000	4740.000000
	2660.000000	3204.000000	3748.000000	254196.000000	6984.000000
	2652.000000	5056.000000	3600.000000	258132.000000	8900.000000
	----		----		----		----
	126440.000000	249138.375000	1429142.125000	2822732.000000	718599.125000

