

	C		CPP		JAVA		PYTHON
	-		---		----		------
	0.070000	0.090000	0.000000	0.000000
	0.060000	0.100000	0.000000	0.000000
	0.060000	0.080000	0.610000	0.000000
	0.060000	0.220000	0.640000	0.000000
	0.060000	0.100000	0.000000	0.000000
	0.070000	0.090000	0.000000	0.000000
	0.060000	0.150000	0.630000	0.000000
	0.060000	0.350000	0.620000	0.000000
	0.050000	0.090000	0.630000	0.000000
	0.070000	0.210000	0.660000	0.000000
	0.040000	0.220000	0.600000	0.000000
	0.050000	0.240000	0.620000	0.000000
	0.060000	0.190000	0.630000	0.000000
	0.060000	0.190000	0.630000	0.000000
	----		----		----		----
	0.830000	2.320000	6.270000	0.000000
	----		----		----		----
	1.000000	2.795181	11.000000
	-		---		------		------
	C		CPP		JAVA		PYTHON
	-		---		----		------
	0.070000	0.090000	0.77000*
	0.060000	0.100000	0.66000*
	0.060000	0.080000	0.610000
	0.060000	0.220000	0.640000
	0.060000	0.100000	0.66000*
	0.070000	0.090000	0.77000*
	0.060000	0.150000	0.630000
	0.060000	0.350000	0.620000
	0.050000	0.090000	0.630000
	0.070000	0.210000	0.660000
	0.040000	0.220000	0.600000
	0.050000	0.240000	0.620000
	0.060000	0.190000	0.630000
	0.060000	0.190000	0.630000
	----		----		----		----
	0.830000	2.320000	9.129999
	-		---		----		------
	0.070000	0.090000	0.85470**
	0.060000	0.100000	0.73260**
	0.060000	0.080000	0.610000
	0.060000	0.220000	0.640000
	0.060000	0.100000	0.73260**
	0.070000	0.090000	0.85470**
	0.060000	0.150000	0.630000
	0.060000	0.350000	0.620000
	0.050000	0.090000	0.630000
	0.070000	0.210000	0.660000
	0.040000	0.220000	0.600000
	0.050000	0.240000	0.620000
	0.060000	0.190000	0.630000
	0.060000	0.190000	0.630000
	----		----		----		----
	0.830000	2.320000	9.444600


	C		CPP		JAVA		PYTHON
	-		---		----		------
	5928.000000	6728.000000	0.000000	0.000000
	5924.000000	6728.000000	0.000000	0.000000
	5784.000000	6496.000000	29724.000000	0.000000
	6060.000000	15820.000000	29716.000000	0.000000
	6556.000000	7428.000000	0.000000	0.000000
	6560.000000	7432.000000	0.000000	0.000000
	6100.000000	10640.000000	31560.000000	0.000000
	5604.000000	22580.000000	28668.000000	0.000000
	6584.000000	7300.000000	29872.000000	0.000000
	6712.000000	14036.000000	30152.000000	0.000000
	5500.000000	15648.000000	28616.000000	0.000000
	5388.000000	15824.000000	30152.000000	0.000000
	5640.000000	17440.000000	29716.000000	0.000000
	5640.000000	17440.000000	29764.000000	0.000000
	----		----		----		----
	83980.000000	171540.000000	297940.000000	0.000000
	----		----		----		----
	1.000000	2.042629	5.048804
	-		---		------		------
	C		CPP		JAVA		PYTHON
	-		---		----		------
	5928.000000	6728.000000	29929.30859*
	5924.000000	6728.000000	29909.11328*
	5784.000000	6496.000000	29724.000000
	6060.000000	15820.000000	29716.000000
	6556.000000	7428.000000	33099.95703*
	6560.000000	7432.000000	33120.15234*
	6100.000000	10640.000000	31560.000000
	5604.000000	22580.000000	28668.000000
	6584.000000	7300.000000	29872.000000
	6712.000000	14036.000000	30152.000000
	5500.000000	15648.000000	28616.000000
	5388.000000	15824.000000	30152.000000
	5640.000000	17440.000000	29716.000000
	5640.000000	17440.000000	29764.000000
	----		----		----		----
	83980.000000	171540.000000	423998.531250
	-		---		----		------
	5928.000000	6728.000000	33221.53125**
	5924.000000	6728.000000	33199.11719**
	5784.000000	6496.000000	29724.000000
	6060.000000	15820.000000	29716.000000
	6556.000000	7428.000000	36740.95312**
	6560.000000	7432.000000	36763.36719**
	6100.000000	10640.000000	31560.000000
	5604.000000	22580.000000	28668.000000
	6584.000000	7300.000000	29872.000000
	6712.000000	14036.000000	30152.000000
	5500.000000	15648.000000	28616.000000
	5388.000000	15824.000000	30152.000000
	5640.000000	17440.000000	29716.000000
	5640.000000	17440.000000	29764.000000
	----		----		----		----
	83980.000000	171540.000000	437864.968750


	C		CPP		JAVA		PYTHON
	-		---		----		------
	0.154000	0.189000	0.000000	0.000000
	0.156000	0.195000	0.000000	0.000000
	0.001000	0.001000	0.110000	0.030000
	0.000100	0.001000	0.110000	0.020000
	0.002000	0.001000	0.000000	0.000000
	0.001000	0.002000	0.000000	0.000000
	0.306000	0.353000	0.170000	0.240000
	0.003000	0.004000	0.190000	0.140000
	0.018000	0.061000	0.170000	0.320000
	0.016000	0.033000	1.140000	0.650000
	0.001000	0.001000	0.100000	0.070000
	0.000100	0.002000	0.120000	0.060000
	0.049000	0.042000	10.050000	0.000000
	0.042000	0.037000	10.410000	0.000000
	----		----		----		----
	0.749200	0.922000	22.570000	1.530000
	----		----		----		----
	1.000000	1.230646	51.742321	4.432213
	-		---		------		------
	C		CPP		JAVA		PYTHON
	-		---		----		------
	0.154000	0.189000	7.96832*	0.68256*
	0.156000	0.195000	8.07180*	0.69143*
	0.001000	0.001000	0.110000	0.030000
	0.000100	0.001000	0.110000	0.020000
	0.002000	0.001000	0.10348*	0.00886*
	0.001000	0.002000	0.05174*	0.00443*
	0.306000	0.353000	0.170000	0.240000
	0.003000	0.004000	0.190000	0.140000
	0.018000	0.061000	0.170000	0.320000
	0.016000	0.033000	1.140000	0.650000
	0.001000	0.001000	0.100000	0.070000
	0.000100	0.002000	0.120000	0.060000
	0.049000	0.042000	10.050000	0.21718*
	0.042000	0.037000	10.410000	0.18615*
	----		----		----		----
	0.749200	0.922000	38.765350	3.320614
	-		---		----		------
	0.154000	0.189000	8.84483**	0.79177**
	0.156000	0.195000	8.95970**	0.80205**
	0.001000	0.001000	0.110000	0.030000
	0.000100	0.001000	0.110000	0.020000
	0.002000	0.001000	0.11487**	0.01028**
	0.001000	0.002000	0.05743**	0.00514**
	0.306000	0.353000	0.170000	0.240000
	0.003000	0.004000	0.190000	0.140000
	0.018000	0.061000	0.170000	0.320000
	0.016000	0.033000	1.140000	0.650000
	0.001000	0.001000	0.100000	0.070000
	0.000100	0.002000	0.120000	0.060000
	0.049000	0.042000	10.050000	0.25193**
	0.042000	0.037000	10.410000	0.21594**
	----		----		----		----
	0.749200	0.922000	40.546837	3.607112


	C		CPP		JAVA		PYTHON
	-		---		----		------
	444.000000	816.000000	0.000000	0.000000
	440.000000	816.000000	0.000000	0.000000
	472.000000	768.000000	11784.000000	4500.000000
	460.000000	932.000000	11776.000000	4492.000000
	504.000000	868.000000	0.000000	0.000000
	500.000000	864.000000	0.000000	0.000000
	420.000000	792.000000	27788.000000	4524.000000
	404.000000	908.000000	26560.000000	4732.000000
	916.000000	1024.000000	16484.000000	6360.000000
	708.000000	836.000000	19496.000000	6364.000000
	440.000000	932.000000	11764.000000	4536.000000
	436.000000	948.000000	11772.000000	4540.000000
	424.000000	424.000000	522584.000000	0.000000
	428.000000	420.000000	529072.000000	0.000000
	----		----		----		----
	6996.000000	11348.000000	1189080.000000	40048.000000
	----		----		----		----
	1.000000	1.622070	232.787781	9.409775
	-		---		------		------
	C		CPP		JAVA		PYTHON
	-		---		----		------
	444.000000	816.000000	103357.77344*	4177.93994*
	440.000000	816.000000	102426.62500*	4140.30078*
	472.000000	768.000000	11784.000000	4500.000000
	460.000000	932.000000	11776.000000	4492.000000
	504.000000	868.000000	117325.03906*	4742.52637*
	500.000000	864.000000	116393.89062*	4704.88721*
	420.000000	792.000000	27788.000000	4524.000000
	404.000000	908.000000	26560.000000	4732.000000
	916.000000	1024.000000	16484.000000	6360.000000
	708.000000	836.000000	19496.000000	6364.000000
	440.000000	932.000000	11764.000000	4536.000000
	436.000000	948.000000	11772.000000	4540.000000
	424.000000	424.000000	522584.000000	3989.74463*
	428.000000	420.000000	529072.000000	4027.38354*
	----		----		----		----
	6996.000000	11348.000000	1628583.250000	65830.781250
	-		---		----		------
	444.000000	816.000000	114727.12500**	4846.41016**
	440.000000	816.000000	113693.55469**	4802.74902**
	472.000000	768.000000	11784.000000	4500.000000
	460.000000	932.000000	11776.000000	4492.000000
	504.000000	868.000000	130230.79688**	5501.33057**
	500.000000	864.000000	129197.21875**	5457.66895**
	420.000000	792.000000	27788.000000	4524.000000
	404.000000	908.000000	26560.000000	4732.000000
	916.000000	1024.000000	16484.000000	6360.000000
	708.000000	836.000000	19496.000000	6364.000000
	440.000000	932.000000	11764.000000	4536.000000
	436.000000	948.000000	11772.000000	4540.000000
	424.000000	424.000000	522584.000000	4628.10400**
	428.000000	420.000000	529072.000000	4671.76514**
	----		----		----		----
	6996.000000	11348.000000	1676928.750000	69956.031250

