

	C		CPP		HASKELL		JAVA		PYTHON
	-		---		-------		----		------
	0.070000	0.100000	0.000000	0.000000	0.000000	23426.000000
	0.070000	0.090000	0.650000	0.000000	0.000000	17886.000000
	0.060000	0.380000	0.260000	0.660000	0.000000	78937.000000
	0.070000	0.380000	0.590000	0.660000	0.000000	14906.000000
	0.020000	0.090000	0.190000	0.620000	0.000000	3132202.000000
	0.030000	0.220000	0.000000	0.640000	0.000000	14703.000000
	0.070000	0.230000	0.000000	0.660000	0.000000	0.000000
	0.060000	0.050000	0.680000	0.640000	0.000000	0.000000
	0.030000	0.260000	0.650000	0.000000	0.000000	0.000000
	0.030000	0.240000	0.520000	0.000000	0.000000	0.000000
	0.060000	0.090000	0.270000	0.610000	0.000000	0.000000
	0.060000	0.220000	0.000000	0.640000	0.000000	0.000000
	0.020000	0.430000	0.000000	0.650000	0.000000	0.000000
	0.030000	0.380000	0.000000	0.680000	0.000000	0.000000
	0.070000	0.230000	0.560000	0.000000	0.000000	0.000000
	0.060000	0.230000	0.200000	0.000000	0.000000	0.000000
	0.020000	0.100000	0.000000	0.740000	0.000000	0.000000
	0.050000	0.090000	0.000000	0.730000	0.000000	0.000000
	0.060000	0.250000	0.000000	0.620000	0.000000	0.000000
	0.060000	0.230000	0.000000	0.640000	0.000000	0.000000
	0.030000	0.090000	0.000000	0.610000	0.000000	0.000000
	0.030000	0.240000	0.000000	0.620000	0.000000	0.000000
	0.070000	0.170000	0.000000	0.670000	0.000000	0.000000
	0.090000	0.270000	0.610000	0.620000	0.000000	0.000000
	0.030000	0.270000	0.610000	0.620000	0.000000	0.000000
	0.010000	0.190000	0.660000	0.640000	0.000000	0.000000
	0.000000	0.310000	0.290000	0.000000	0.000000	0.000000
	0.070000	0.310000	0.000000	0.000000	0.000000	0.000000
	0.080000	0.170000	0.000000	0.620000	0.000000	0.000000
	0.130000	0.150000	0.000000	0.650000	0.000000	0.000000
	0.050000	0.190000	0.550000	0.660000	0.000000	0.000000
	0.020000	0.580000	0.600000	0.640000	0.000000	0.000000
	0.010000	0.080000	0.540000	0.640000	0.000000	0.000000
	0.060000	0.090000	0.540000	0.630000	0.000000	0.000000
	0.060000	0.310000	0.650000	0.660000	0.000000	0.000000
	0.020000	0.300000	0.660000	0.660000	0.000000	0.000000
	0.010000	0.240000	0.860000	0.640000	0.000000	0.000000
	0.110000	0.180000	0.440000	0.610000	0.000000	0.000000
	0.090000	0.170000	0.750000	0.640000	0.000000	0.000000
	0.030000	0.330000	0.400000	0.630000	0.000000	0.000000
	0.030000	0.230000	0.860000	0.650000	0.000000	0.000000
	0.060000	0.080000	0.770000	0.640000	0.000000	0.000000
	0.070000	0.160000	0.840000	0.630000	0.000000	0.000000
	0.020000	0.190000	0.240000	0.630000	0.000000	0.000000
	0.030000	0.280000	0.000000	0.630000	0.000000	0.000000
	0.070000	0.090000	0.000000	0.610000	0.000000	0.000000
	0.060000	0.240000	0.000000	0.610000	0.000000	0.000000
	0.070000	0.250000	0.620000	0.610000	0.000000	0.000000
	0.060000	0.310000	0.610000	0.670000	0.000000	0.000000
	0.060000	0.220000	0.670000	0.600000	0.000000	0.000000
	0.070000	0.110000	0.300000	0.620000	0.000000	0.000000
	0.050000	0.330000	0.000000	0.640000	0.000000	0.000000
	0.010000	0.030000	0.000000	0.670000	0.000000	0.000000
	0.070000	0.020000	0.000000	0.670000	0.000000	0.000000
	0.060000	0.240000	0.000000	0.650000	0.000000	0.000000
	0.070000	0.230000	0.000000	0.660000	0.000000	0.000000
	0.060000	0.090000	0.000000	0.600000	0.000000	0.000000
	0.060000	0.210000	0.000000	0.640000	0.000000	0.000000
	0.060000	0.210000	0.000000	0.600000	0.000000	0.000000
	0.020000	0.230000	0.000000	0.600000	0.000000	0.000000
	0.010000	0.100000	0.000000	0.670000	0.000000	0.000000
	0.070000	0.500000	0.000000	0.650000	0.000000	0.000000
	0.050000	0.190000	0.000000	0.650000	0.000000	0.000000
	0.020000	0.180000	0.000000	0.640000	0.000000	0.000000
	0.030000	0.050000	0.000000	0.600000	0.000000	0.000000
	0.070000	0.090000	0.000000	0.630000	0.000000	0.000000
	0.070000	0.090000	0.000000	0.610000	0.000000	0.000000
	0.020000	0.120000	0.000000	0.650000	0.000000	0.000000
	0.030000	0.310000	0.000000	0.590000	0.000000	0.000000
	0.060000	0.180000	0.000000	0.650000	0.000000	0.000000
	0.050000	0.410000	0.000000	0.650000	0.000000	0.000000
	0.070000	0.410000	0.000000	0.640000	0.000000	0.000000
	0.050000	0.000000	0.000000	0.000000	0.000000	0.000000
	0.060000	0.000000	0.000000	0.000000	0.000000	0.000000
	0.130000	0.000000	0.000000	0.000000	0.000000	0.000000
	0.100000	0.000000	0.000000	0.000000	0.000000	0.000000
	0.120000	0.000000	0.000000	0.000000	0.000000	0.000000
	0.070000	0.000000	0.000000	0.000000	0.000000	0.000000
	0.050000	0.000000	0.000000	0.000000	0.000000	0.000000
	0.030000	0.000000	0.000000	0.000000	0.000000	0.000000
	0.030000	0.000000	0.000000	0.000000	0.000000	0.000000
	0.080000	0.000000	0.000000	0.000000	0.000000	0.000000
	1.750000	0.000000	0.000000	0.000000	0.000000	0.000000
	0.010000	0.000000	0.000000	0.000000	0.000000	0.000000
	0.020000	0.000000	0.000000	0.000000	0.000000	0.000000
	0.090000	0.000000	0.000000	0.000000	0.000000	0.000000
	0.070000	0.000000	0.000000	0.000000	0.000000	0.000000
	0.020000	0.000000	0.000000	0.000000	0.000000	0.000000
	0.030000	0.000000	0.000000	0.000000	0.000000	0.000000
	0.070000	0.000000	0.000000	0.000000	0.000000	0.000000
	0.050000	0.000000	0.000000	0.000000	0.000000	0.000000
	0.070000	0.000000	0.000000	0.000000	0.000000	0.000000
	0.060000	0.000000	0.000000	0.000000	0.000000	0.000000
	0.020000	0.000000	0.000000	0.000000	0.000000	0.000000
	0.020000	0.000000	0.000000	0.000000	0.000000	0.000000
	0.060000	0.000000	0.000000	0.000000	0.000000	0.000000
	0.060000	0.000000	0.000000	0.000000	0.000000	0.000000
	0.030000	0.000000	0.000000	0.000000	0.000000	0.000000
	0.010000	0.000000	0.000000	0.000000	0.000000	0.000000
	0.060000	0.000000	0.000000	0.000000	0.000000	0.000000
	0.070000	0.000000	0.000000	0.000000	0.000000	0.000000
	0.070000	0.000000	0.000000	0.000000	0.000000	0.000000
	0.070000	0.000000	0.000000	0.000000	0.000000	0.000000
	0.040000	0.000000	0.000000	0.000000	0.000000	0.000000
	0.020000	0.000000	0.000000	0.000000	0.000000	0.000000
	0.060000	0.000000	0.000000	0.000000	0.000000	0.000000
	0.060000	0.000000	0.000000	0.000000	0.000000	0.000000
	0.020000	0.000000	0.000000	0.000000	0.000000	0.000000
	0.020000	0.000000	0.000000	0.000000	0.000000	0.000000
	0.060000	0.000000	0.000000	0.000000	0.000000	0.000000
	0.060000	0.000000	0.000000	0.000000	0.000000	0.000000
	0.030000	0.000000	0.000000	0.000000	0.000000	0.000000
	0.030000	0.000000	0.000000	0.000000	0.000000	0.000000
	0.070000	0.000000	0.000000	0.000000	0.000000	0.000000
	0.080000	0.000000	0.000000	0.000000	0.000000	0.000000
	0.040000	0.000000	0.000000	0.000000	0.000000	0.000000
	0.010000	0.000000	0.000000	0.000000	0.000000	0.000000
	0.070000	0.000000	0.000000	0.000000	0.000000	0.000000
	0.060000	0.000000	0.000000	0.000000	0.000000	0.000000
	----		----		----		----
	7.770001	15.309999	17.639999	40.910000	0.000000	3282060.000000
	----		----		----		----
	1.000000	4.240997	11.307707	12.744554
	-		---		------		------
	C		CPP		HASKELL		JAVA		PYTHON
	-		---		-------		----		------
	0.070000	0.100000	0.79154*	0.89212*
	0.070000	0.090000	0.650000	0.89212*
	0.060000	0.380000	0.260000	0.660000
	0.070000	0.380000	0.590000	0.660000
	0.020000	0.090000	0.190000	0.620000
	0.030000	0.220000	0.33923*	0.640000
	0.070000	0.230000	0.79154*	0.660000
	0.060000	0.050000	0.680000	0.640000
	0.030000	0.260000	0.650000	0.38234*
	0.030000	0.240000	0.520000	0.38234*
	0.060000	0.090000	0.270000	0.610000
	0.060000	0.220000	0.67846*	0.640000
	0.020000	0.430000	0.22615*	0.650000
	0.030000	0.380000	0.33923*	0.680000
	0.070000	0.230000	0.560000	0.89212*
	0.060000	0.230000	0.200000	0.76467*
	0.020000	0.100000	0.22615*	0.740000
	0.050000	0.090000	0.56539*	0.730000
	0.060000	0.250000	0.67846*	0.620000
	0.060000	0.230000	0.67846*	0.640000
	0.030000	0.090000	0.33923*	0.610000
	0.030000	0.240000	0.33923*	0.620000
	0.070000	0.170000	0.79154*	0.670000
	0.090000	0.270000	0.610000	0.620000
	0.030000	0.270000	0.610000	0.620000
	0.010000	0.190000	0.660000	0.640000
	0.07310*	0.310000	0.290000	0.93158*
	0.070000	0.310000	0.79154*	0.89212*
	0.080000	0.170000	0.90462*	0.620000
	0.130000	0.150000	1.47000*	0.650000
	0.050000	0.190000	0.550000	0.660000
	0.020000	0.580000	0.600000	0.640000
	0.010000	0.080000	0.540000	0.640000
	0.060000	0.090000	0.540000	0.630000
	0.060000	0.310000	0.650000	0.660000
	0.020000	0.300000	0.660000	0.660000
	0.010000	0.240000	0.860000	0.640000
	0.110000	0.180000	0.440000	0.610000
	0.090000	0.170000	0.750000	0.640000
	0.030000	0.330000	0.400000	0.630000
	0.030000	0.230000	0.860000	0.650000
	0.060000	0.080000	0.770000	0.640000
	0.070000	0.160000	0.840000	0.630000
	0.020000	0.190000	0.240000	0.630000
	0.030000	0.280000	0.33923*	0.630000
	0.070000	0.090000	0.79154*	0.610000
	0.060000	0.240000	0.67846*	0.610000
	0.070000	0.250000	0.620000	0.610000
	0.060000	0.310000	0.610000	0.670000
	0.060000	0.220000	0.670000	0.600000
	0.070000	0.110000	0.300000	0.620000
	0.050000	0.330000	0.56539*	0.640000
	0.010000	0.030000	0.11308*	0.670000
	0.070000	0.020000	0.79154*	0.670000
	0.060000	0.240000	0.67846*	0.650000
	0.070000	0.230000	0.79154*	0.660000
	0.060000	0.090000	0.67846*	0.600000
	0.060000	0.210000	0.67846*	0.640000
	0.060000	0.210000	0.67846*	0.600000
	0.020000	0.230000	0.22615*	0.600000
	0.010000	0.100000	0.11308*	0.670000
	0.070000	0.500000	0.79154*	0.650000
	0.050000	0.190000	0.56539*	0.650000
	0.020000	0.180000	0.22615*	0.640000
	0.030000	0.050000	0.33923*	0.600000
	0.070000	0.090000	0.79154*	0.630000
	0.070000	0.090000	0.79154*	0.610000
	0.020000	0.120000	0.22615*	0.650000
	0.030000	0.310000	0.33923*	0.590000
	0.060000	0.180000	0.67846*	0.650000
	0.050000	0.410000	0.56539*	0.650000
	0.070000	0.410000	0.79154*	0.640000
	0.050000	0.21205*	0.56539*	0.63723*
	0.060000	0.25446*	0.67846*	0.76467*
	0.130000	0.55133*	1.47000*	1.65679*
	0.100000	0.42410*	1.13077*	1.27446*
	0.120000	0.50892*	1.35692*	1.52935*
	0.070000	0.29687*	0.79154*	0.89212*
	0.050000	0.21205*	0.56539*	0.63723*
	0.030000	0.12723*	0.33923*	0.38234*
	0.030000	0.12723*	0.33923*	0.38234*
	0.080000	0.33928*	0.90462*	1.01956*
	1.750000	7.42175*	19.78849*	22.30297*
	0.010000	0.04241*	0.11308*	0.12745*
	0.020000	0.08482*	0.22615*	0.25489*
	0.090000	0.38169*	1.01769*	1.14701*
	0.070000	0.29687*	0.79154*	0.89212*
	0.020000	0.08482*	0.22615*	0.25489*
	0.030000	0.12723*	0.33923*	0.38234*
	0.070000	0.29687*	0.79154*	0.89212*
	0.050000	0.21205*	0.56539*	0.63723*
	0.070000	0.29687*	0.79154*	0.89212*
	0.060000	0.25446*	0.67846*	0.76467*
	0.020000	0.08482*	0.22615*	0.25489*
	0.020000	0.08482*	0.22615*	0.25489*
	0.060000	0.25446*	0.67846*	0.76467*
	0.060000	0.25446*	0.67846*	0.76467*
	0.030000	0.12723*	0.33923*	0.38234*
	0.010000	0.04241*	0.11308*	0.12745*
	0.060000	0.25446*	0.67846*	0.76467*
	0.070000	0.29687*	0.79154*	0.89212*
	0.070000	0.29687*	0.79154*	0.89212*
	0.070000	0.29687*	0.79154*	0.89212*
	0.040000	0.16964*	0.45231*	0.50978*
	0.020000	0.08482*	0.22615*	0.25489*
	0.060000	0.25446*	0.67846*	0.76467*
	0.060000	0.25446*	0.67846*	0.76467*
	0.020000	0.08482*	0.22615*	0.25489*
	0.020000	0.08482*	0.22615*	0.25489*
	0.060000	0.25446*	0.67846*	0.76467*
	0.060000	0.25446*	0.67846*	0.76467*
	0.030000	0.12723*	0.33923*	0.38234*
	0.030000	0.12723*	0.33923*	0.38234*
	0.070000	0.29687*	0.79154*	0.89212*
	0.080000	0.33928*	0.90462*	1.01956*
	0.040000	0.16964*	0.45231*	0.50978*
	0.010000	0.04241*	0.11308*	0.12745*
	0.070000	0.29687*	0.79154*	0.89212*
	0.060000	0.25446*	0.67846*	0.76467*
	----		----		----		----
	7.843097	32.952534	87.860817	99.956734
	-		---		-------		----		------
	0.070000	0.100000	0.87861**	1.03486**
	0.070000	0.090000	0.650000	1.03486**
	0.060000	0.380000	0.260000	0.660000
	0.070000	0.380000	0.590000	0.660000
	0.020000	0.090000	0.190000	0.620000
	0.030000	0.220000	0.37655**	0.640000
	0.070000	0.230000	0.87861**	0.660000
	0.060000	0.050000	0.680000	0.640000
	0.030000	0.260000	0.650000	0.44351**
	0.030000	0.240000	0.520000	0.44351**
	0.060000	0.090000	0.270000	0.610000
	0.060000	0.220000	0.75309**	0.640000
	0.020000	0.430000	0.25103**	0.650000
	0.030000	0.380000	0.37655**	0.680000
	0.070000	0.230000	0.560000	1.03486**
	0.060000	0.230000	0.200000	0.88702**
	0.020000	0.100000	0.25103**	0.740000
	0.050000	0.090000	0.62758**	0.730000
	0.060000	0.250000	0.75309**	0.620000
	0.060000	0.230000	0.75309**	0.640000
	0.030000	0.090000	0.37655**	0.610000
	0.030000	0.240000	0.37655**	0.620000
	0.070000	0.170000	0.87861**	0.670000
	0.090000	0.270000	0.610000	0.620000
	0.030000	0.270000	0.610000	0.620000
	0.010000	0.190000	0.660000	0.640000
	0.08772**	0.310000	0.290000	1.08063**
	0.070000	0.310000	0.87861**	1.03486**
	0.080000	0.170000	1.00412**	0.620000
	0.130000	0.150000	1.63170**	0.650000
	0.050000	0.190000	0.550000	0.660000
	0.020000	0.580000	0.600000	0.640000
	0.010000	0.080000	0.540000	0.640000
	0.060000	0.090000	0.540000	0.630000
	0.060000	0.310000	0.650000	0.660000
	0.020000	0.300000	0.660000	0.660000
	0.010000	0.240000	0.860000	0.640000
	0.110000	0.180000	0.440000	0.610000
	0.090000	0.170000	0.750000	0.640000
	0.030000	0.330000	0.400000	0.630000
	0.030000	0.230000	0.860000	0.650000
	0.060000	0.080000	0.770000	0.640000
	0.070000	0.160000	0.840000	0.630000
	0.020000	0.190000	0.240000	0.630000
	0.030000	0.280000	0.37655**	0.630000
	0.070000	0.090000	0.87861**	0.610000
	0.060000	0.240000	0.75309**	0.610000
	0.070000	0.250000	0.620000	0.610000
	0.060000	0.310000	0.610000	0.670000
	0.060000	0.220000	0.670000	0.600000
	0.070000	0.110000	0.300000	0.620000
	0.050000	0.330000	0.62758**	0.640000
	0.010000	0.030000	0.12552**	0.670000
	0.070000	0.020000	0.87861**	0.670000
	0.060000	0.240000	0.75309**	0.650000
	0.070000	0.230000	0.87861**	0.660000
	0.060000	0.090000	0.75309**	0.600000
	0.060000	0.210000	0.75309**	0.640000
	0.060000	0.210000	0.75309**	0.600000
	0.020000	0.230000	0.25103**	0.600000
	0.010000	0.100000	0.12552**	0.670000
	0.070000	0.500000	0.87861**	0.650000
	0.050000	0.190000	0.62758**	0.650000
	0.020000	0.180000	0.25103**	0.640000
	0.030000	0.050000	0.37655**	0.600000
	0.070000	0.090000	0.87861**	0.630000
	0.070000	0.090000	0.87861**	0.610000
	0.020000	0.120000	0.25103**	0.650000
	0.030000	0.310000	0.37655**	0.590000
	0.060000	0.180000	0.75309**	0.650000
	0.050000	0.410000	0.62758**	0.650000
	0.070000	0.410000	0.87861**	0.640000
	0.050000	0.25234**	0.62758**	0.73918**
	0.060000	0.30281**	0.75309**	0.88702**
	0.130000	0.65608**	1.63170**	1.92188**
	0.100000	0.50468**	1.25516**	1.47837**
	0.120000	0.60561**	1.50619**	1.77404**
	0.070000	0.35328**	0.87861**	1.03486**
	0.050000	0.25234**	0.62758**	0.73918**
	0.030000	0.15140**	0.37655**	0.44351**
	0.030000	0.15140**	0.37655**	0.44351**
	0.080000	0.40374**	1.00412**	1.18269**
	1.750000	8.83188**	21.96522**	25.87144**
	0.010000	0.05047**	0.12552**	0.14784**
	0.020000	0.10094**	0.25103**	0.29567**
	0.090000	0.45421**	1.12964**	1.33053**
	0.070000	0.35328**	0.87861**	1.03486**
	0.020000	0.10094**	0.25103**	0.29567**
	0.030000	0.15140**	0.37655**	0.44351**
	0.070000	0.35328**	0.87861**	1.03486**
	0.050000	0.25234**	0.62758**	0.73918**
	0.070000	0.35328**	0.87861**	1.03486**
	0.060000	0.30281**	0.75309**	0.88702**
	0.020000	0.10094**	0.25103**	0.29567**
	0.020000	0.10094**	0.25103**	0.29567**
	0.060000	0.30281**	0.75309**	0.88702**
	0.060000	0.30281**	0.75309**	0.88702**
	0.030000	0.15140**	0.37655**	0.44351**
	0.010000	0.05047**	0.12552**	0.14784**
	0.060000	0.30281**	0.75309**	0.88702**
	0.070000	0.35328**	0.87861**	1.03486**
	0.070000	0.35328**	0.87861**	1.03486**
	0.070000	0.35328**	0.87861**	1.03486**
	0.040000	0.20187**	0.50206**	0.59135**
	0.020000	0.10094**	0.25103**	0.29567**
	0.060000	0.30281**	0.75309**	0.88702**
	0.060000	0.30281**	0.75309**	0.88702**
	0.020000	0.10094**	0.25103**	0.29567**
	0.020000	0.10094**	0.25103**	0.29567**
	0.060000	0.30281**	0.75309**	0.88702**
	0.060000	0.30281**	0.75309**	0.88702**
	0.030000	0.15140**	0.37655**	0.44351**
	0.030000	0.15140**	0.37655**	0.44351**
	0.070000	0.35328**	0.87861**	1.03486**
	0.080000	0.40374**	1.00412**	1.18269**
	0.040000	0.20187**	0.50206**	0.59135**
	0.010000	0.05047**	0.12552**	0.14784**
	0.070000	0.35328**	0.87861**	1.03486**
	0.060000	0.30281**	0.75309**	0.88702**
	----		----		----		----
	7.857717	36.304630	95.585129	109.404259


	C		CPP		HASKELL		JAVA		PYTHON
	-		---		-------		----		------

	2.433000	6716.000000	0.000000	0.000000	0.030000	0.000000
	0.012000	6716.000000	49068.000000	0.000000	0.070000	0.000000
	0.009000	24604.000000	24072.000000	32688.000000	0.160000	10327.000000
	0.009000	24596.000000	48964.000000	32820.000000	0.040000	34438.000000
	0.009000	6496.000000	23052.000000	29728.000000	0.050000	11615.000000
	0.199000	15828.000000	0.000000	29824.000000	0.080000	16611.000000
	0.041000	15884.000000	0.000000	30108.000000	9.080000	0.000000
	0.040000	4512.000000	51572.000000	30096.000000	3.480000	0.000000
	0.038000	17852.000000	51568.000000	0.000000	3.160000	0.000000
	0.001000	17908.000000	37992.000000	0.000000	0.080000	0.000000
	0.000100	6492.000000	28636.000000	28708.000000	0.050000	0.000000
	0.001000	15984.000000	0.000000	29924.000000	0.050000	0.000000
	0.001000	25908.000000	0.000000	30252.000000	0.040000	0.000000
	0.050000	21952.000000	0.000000	30004.000000	0.080000	0.000000
	0.024000	15924.000000	49036.000000	0.000000	0.000000	0.000000
	0.011000	15868.000000	22952.000000	0.000000	0.000000	0.000000
	0.013000	7432.000000	0.000000	34888.000000	0.320000	0.000000
	0.019000	7428.000000	0.000000	34836.000000	0.320000	0.000000
	0.018000	16028.000000	0.000000	30064.000000	0.350000	0.000000
	0.001000	16072.000000	0.000000	29960.000000	0.110000	0.000000
	0.001000	7048.000000	0.000000	29816.000000	0.050000	0.000000
	0.000100	15840.000000	0.000000	29844.000000	0.030000	0.000000
	0.001000	15060.000000	0.000000	31604.000000	0.050000	0.000000
	0.001000	18400.000000	48860.000000	31604.000000	0.080000	0.000000
	0.000100	19132.000000	48860.000000	30044.000000	0.000000	0.000000
	0.003000	14852.000000	49168.000000	30056.000000	0.000000	0.000000
	0.002000	16820.000000	29204.000000	0.000000	0.050000	0.000000
	0.002000	16760.000000	0.000000	0.000000	0.040000	0.000000
	0.003000	11280.000000	0.000000	30492.000000	0.050000	0.000000
	0.004000	11280.000000	0.000000	30084.000000	0.080000	0.000000
	0.003000	11064.000000	35840.000000	29864.000000	0.060000	0.000000
	0.004000	27296.000000	35840.000000	30124.000000	0.050000	0.000000
	0.004000	6492.000000	37184.000000	33468.000000	0.040000	0.000000
	0.009000	6492.000000	37188.000000	33456.000000	0.080000	0.000000
	0.002000	20932.000000	51728.000000	32860.000000	0.100000	0.000000
	0.003000	20936.000000	49808.000000	32896.000000	0.080000	0.000000
	0.003000	16128.000000	52124.000000	28636.000000	0.090000	0.000000
	0.044000	16660.000000	28412.000000	28632.000000	0.080000	0.000000
	0.025000	10696.000000	48996.000000	31556.000000	0.740000	0.000000
	0.034000	22580.000000	28184.000000	28652.000000	0.450000	0.000000
	0.024000	16364.000000	57416.000000	29952.000000	0.080000	0.000000
	0.021000	6612.000000	48752.000000	29856.000000	0.080000	0.000000
	0.020000	10536.000000	51796.000000	29792.000000	0.000000	0.000000
	3620.000000	17280.000000	24184.000000	32884.000000	0.000000	0.000000
	3620.000000	21976.000000	0.000000	29920.000000	0.000000	0.000000
	6320.000000	6720.000000	0.000000	29912.000000	0.000000	0.000000
	6320.000000	15780.000000	0.000000	28508.000000	0.000000	0.000000
	6256.000000	14484.000000	48896.000000	29816.000000	0.000000	0.000000
	6260.000000	15952.000000	50724.000000	31496.000000	0.000000	0.000000
	5524.000000	15952.000000	50196.000000	28644.000000	0.000000	0.000000
	5808.000000	7052.000000	29764.000000	33012.000000	0.000000	0.000000
	3576.000000	17684.000000	0.000000	30376.000000	0.000000	0.000000
	3576.000000	4748.000000	0.000000	33264.000000	0.000000	0.000000
	5508.000000	4748.000000	0.000000	32928.000000	0.000000	0.000000
	5880.000000	15980.000000	0.000000	32896.000000	0.000000	0.000000
	5820.000000	16024.000000	0.000000	28528.000000	0.000000	0.000000
	5928.000000	7296.000000	0.000000	29872.000000	0.000000	0.000000
	5600.000000	14040.000000	0.000000	30152.000000	0.000000	0.000000
	5612.000000	15648.000000	0.000000	28612.000000	0.000000	0.000000
	3656.000000	15824.000000	0.000000	30160.000000	0.000000	0.000000
	3644.000000	6500.000000	0.000000	33276.000000	0.000000	0.000000
	6076.000000	27056.000000	0.000000	30148.000000	0.000000	0.000000
	5604.000000	14440.000000	0.000000	28716.000000	0.000000	0.000000
	3604.000000	14436.000000	0.000000	28600.000000	0.000000	0.000000
	3464.000000	6604.000000	0.000000	29760.000000	0.000000	0.000000
	5852.000000	7016.000000	0.000000	30172.000000	0.000000	0.000000
	5976.000000	6492.000000	0.000000	31704.000000	0.000000	0.000000
	3676.000000	7272.000000	0.000000	28636.000000	0.000000	0.000000
	3616.000000	19452.000000	0.000000	28592.000000	0.000000	0.000000
	5596.000000	14532.000000	0.000000	32608.000000	0.000000	0.000000
	5688.000000	23384.000000	0.000000	32784.000000	0.000000	0.000000
	5764.000000	23384.000000	0.000000	32792.000000	0.000000	0.000000
	5780.000000	0.000000	0.000000	0.000000	0.000000	0.000000
	5436.000000	0.000000	0.000000	0.000000	0.000000	0.000000
	5460.000000	0.000000	0.000000	0.000000	0.000000	0.000000
	3568.000000	0.000000	0.000000	0.000000	0.000000	0.000000
	3564.000000	0.000000	0.000000	0.000000	0.000000	0.000000
	5560.000000	0.000000	0.000000	0.000000	0.000000	0.000000
	5552.000000	0.000000	0.000000	0.000000	0.000000	0.000000
	3596.000000	0.000000	0.000000	0.000000	0.000000	0.000000
	3584.000000	0.000000	0.000000	0.000000	0.000000	0.000000
	6384.000000	0.000000	0.000000	0.000000	0.000000	0.000000
	198632.000000	0.000000	0.000000	0.000000	0.000000	0.000000
	3608.000000	0.000000	0.000000	0.000000	0.000000	0.000000
	3620.000000	0.000000	0.000000	0.000000	0.000000	0.000000
	6280.000000	0.000000	0.000000	0.000000	0.000000	0.000000
	5784.000000	0.000000	0.000000	0.000000	0.000000	0.000000
	3524.000000	0.000000	0.000000	0.000000	0.000000	0.000000
	3640.000000	0.000000	0.000000	0.000000	0.000000	0.000000
	5760.000000	0.000000	0.000000	0.000000	0.000000	0.000000
	5680.000000	0.000000	0.000000	0.000000	0.000000	0.000000
	6580.000000	0.000000	0.000000	0.000000	0.000000	0.000000
	6708.000000	0.000000	0.000000	0.000000	0.000000	0.000000
	3464.000000	0.000000	0.000000	0.000000	0.000000	0.000000
	3464.000000	0.000000	0.000000	0.000000	0.000000	0.000000
	5496.000000	0.000000	0.000000	0.000000	0.000000	0.000000
	5392.000000	0.000000	0.000000	0.000000	0.000000	0.000000
	3608.000000	0.000000	0.000000	0.000000	0.000000	0.000000
	3608.000000	0.000000	0.000000	0.000000	0.000000	0.000000
	5616.000000	0.000000	0.000000	0.000000	0.000000	0.000000
	6088.000000	0.000000	0.000000	0.000000	0.000000	0.000000
	5580.000000	0.000000	0.000000	0.000000	0.000000	0.000000
	5584.000000	0.000000	0.000000	0.000000	0.000000	0.000000
	3584.000000	0.000000	0.000000	0.000000	0.000000	0.000000
	3640.000000	0.000000	0.000000	0.000000	0.000000	0.000000
	5416.000000	0.000000	0.000000	0.000000	0.000000	0.000000
	5664.000000	0.000000	0.000000	0.000000	0.000000	0.000000
	3584.000000	0.000000	0.000000	0.000000	0.000000	0.000000
	3624.000000	0.000000	0.000000	0.000000	0.000000	0.000000
	5424.000000	0.000000	0.000000	0.000000	0.000000	0.000000
	5536.000000	0.000000	0.000000	0.000000	0.000000	0.000000
	3576.000000	0.000000	0.000000	0.000000	0.000000	0.000000
	3644.000000	0.000000	0.000000	0.000000	0.000000	0.000000
	5992.000000	0.000000	0.000000	0.000000	0.000000	0.000000
	5888.000000	0.000000	0.000000	0.000000	0.000000	0.000000
	3600.000000	0.000000	0.000000	0.000000	0.000000	0.000000
	3628.000000	0.000000	0.000000	0.000000	0.000000	0.000000
	6148.000000	0.000000	0.000000	0.000000	0.000000	0.000000
	6096.000000	0.000000	0.000000	0.000000	0.000000	0.000000
	-		---		-------		----		------
	568691.125000	1027216.000000	1330036.000000	1965956.000000	19.909998	72991.000000
	----		----		----		----
	1.000000	6.966674	48.420628	13.333521
	-		---		-------		----		------
	C		CPP		HASKELL		JAVA		PYTHON
	-		---		-------		----		------
	2.433000	6716.000000	117.80739*	32.44046*
	0.012000	6716.000000	49068.000000	0.16000*
	0.009000	24604.000000	24072.000000	32688.000000
	0.009000	24596.000000	48964.000000	32820.000000
	0.009000	6496.000000	23052.000000	29728.000000
	0.199000	15828.000000	9.63570*	29824.000000
	0.041000	15884.000000	1.98525*	30108.000000
	0.040000	4512.000000	51572.000000	30096.000000
	0.038000	17852.000000	51568.000000	0.50667*
	0.001000	17908.000000	37992.000000	0.01333*
	0.000100	6492.000000	28636.000000	28708.000000
	0.001000	15984.000000	0.04842*	29924.000000
	0.001000	25908.000000	0.04842*	30252.000000
	0.050000	21952.000000	2.42103*	30004.000000
	0.024000	15924.000000	49036.000000	0.32000*
	0.011000	15868.000000	22952.000000	0.14667*
	0.013000	7432.000000	0.62947*	34888.000000
	0.019000	7428.000000	0.91999*	34836.000000
	0.018000	16028.000000	0.87157*	30064.000000
	0.001000	16072.000000	0.04842*	29960.000000
	0.001000	7048.000000	0.04842*	29816.000000
	0.000100	15840.000000	0.00484*	29844.000000
	0.001000	15060.000000	0.04842*	31604.000000
	0.001000	18400.000000	48860.000000	31604.000000
	0.000100	19132.000000	48860.000000	30044.000000
	0.003000	14852.000000	49168.000000	30056.000000
	0.002000	16820.000000	29204.000000	0.02667*
	0.002000	16760.000000	0.09684*	0.02667*
	0.003000	11280.000000	0.14526*	30492.000000
	0.004000	11280.000000	0.19368*	30084.000000
	0.003000	11064.000000	35840.000000	29864.000000
	0.004000	27296.000000	35840.000000	30124.000000
	0.004000	6492.000000	37184.000000	33468.000000
	0.009000	6492.000000	37188.000000	33456.000000
	0.002000	20932.000000	51728.000000	32860.000000
	0.003000	20936.000000	49808.000000	32896.000000
	0.003000	16128.000000	52124.000000	28636.000000
	0.044000	16660.000000	28412.000000	28632.000000
	0.025000	10696.000000	48996.000000	31556.000000
	0.034000	22580.000000	28184.000000	28652.000000
	0.024000	16364.000000	57416.000000	29952.000000
	0.021000	6612.000000	48752.000000	29856.000000
	0.020000	10536.000000	51796.000000	29792.000000
	3620.000000	17280.000000	24184.000000	32884.000000
	3620.000000	21976.000000	175282.67188*	29920.000000
	6320.000000	6720.000000	306018.37500*	29912.000000
	6320.000000	15780.000000	306018.37500*	28508.000000
	6256.000000	14484.000000	48896.000000	29816.000000
	6260.000000	15952.000000	50724.000000	31496.000000
	5524.000000	15952.000000	50196.000000	28644.000000
	5808.000000	7052.000000	29764.000000	33012.000000
	3576.000000	17684.000000	173152.17188*	30376.000000
	3576.000000	4748.000000	173152.17188*	33264.000000
	5508.000000	4748.000000	266700.81250*	32928.000000
	5880.000000	15980.000000	284713.28125*	32896.000000
	5820.000000	16024.000000	281808.06250*	28528.000000
	5928.000000	7296.000000	287037.46875*	29872.000000
	5600.000000	14040.000000	271155.50000*	30152.000000
	5612.000000	15648.000000	271736.56250*	28612.000000
	3656.000000	15824.000000	177025.81250*	30160.000000
	3644.000000	6500.000000	176444.76562*	33276.000000
	6076.000000	27056.000000	294203.71875*	30148.000000
	5604.000000	14440.000000	271349.18750*	28716.000000
	3604.000000	14436.000000	174507.93750*	28600.000000
	3464.000000	6604.000000	167729.04688*	29760.000000
	5852.000000	7016.000000	283357.50000*	30172.000000
	5976.000000	6492.000000	289361.65625*	31704.000000
	3676.000000	7272.000000	177994.23438*	28636.000000
	3616.000000	19452.000000	175088.98438*	28592.000000
	5596.000000	14532.000000	270961.84375*	32608.000000
	5688.000000	23384.000000	275416.53125*	32784.000000
	5764.000000	23384.000000	279096.50000*	32792.000000
	5780.000000	40267.37500*	279871.21875*	77067.75000*
	5436.000000	37870.83984*	263214.53125*	72481.02344*
	5460.000000	38038.03906*	264376.62500*	72801.02344*
	3568.000000	24857.09180*	172764.79688*	47574.00391*
	3564.000000	24829.22656*	172571.10938*	47520.66797*
	5560.000000	38734.70703*	269218.68750*	74134.37500*
	5552.000000	38678.97266*	268831.31250*	74027.71094*
	3596.000000	25052.15820*	174120.57812*	47947.33984*
	3584.000000	24968.55859*	173539.53125*	47787.33984*
	6384.000000	44475.24609*	309117.28125*	85121.19531*
	198632.000000	1383804.37500*	9617886.00000*	2648464.00000*
	3608.000000	25135.75977*	174701.62500*	48107.34375*
	3620.000000	25219.35938*	175282.67188*	48267.34375*
	6280.000000	43750.71094*	304081.53125*	83734.50781*
	5784.000000	40295.24219*	280064.90625*	77121.08594*
	3524.000000	24550.55859*	170634.29688*	46987.32812*
	3640.000000	25358.69336*	176251.07812*	48534.01562*
	5760.000000	40128.04297*	278902.81250*	76801.07812*
	5680.000000	39570.70703*	275029.15625*	75734.39844*
	6580.000000	45840.71484*	318607.71875*	87734.57031*
	6708.000000	46732.44922*	324805.56250*	89441.25781*
	3464.000000	24132.55859*	167729.04688*	46187.31641*
	3464.000000	24132.55859*	167729.04688*	46187.31641*
	5496.000000	38288.83984*	266119.78125*	73281.03125*
	5392.000000	37564.30469*	261084.03125*	71894.34375*
	3608.000000	25135.75977*	174701.62500*	48107.34375*
	3608.000000	25135.75977*	174701.62500*	48107.34375*
	5616.000000	39124.83984*	271930.25000*	74881.05469*
	6088.000000	42413.10938*	294784.78125*	81174.47656*
	5580.000000	38874.03906*	270187.09375*	74401.04688*
	5584.000000	38901.90625*	270380.78125*	74454.38281*
	3584.000000	24968.55859*	173539.53125*	47787.33984*
	3640.000000	25358.69336*	176251.07812*	48534.01562*
	5416.000000	37731.50391*	262246.12500*	72214.35156*
	5664.000000	39459.24219*	274254.43750*	75521.06250*
	3584.000000	24968.55859*	173539.53125*	47787.33984*
	3624.000000	25247.22656*	175476.35938*	48320.67969*
	5424.000000	37787.23828*	262633.46875*	72321.01562*
	5536.000000	38567.50781*	268056.59375*	73814.37500*
	3576.000000	24912.82617*	173152.17188*	47680.67188*
	3644.000000	25386.55859*	176444.76562*	48587.35156*
	5992.000000	41744.30859*	290136.40625*	79894.46094*
	5888.000000	41019.77734*	285100.65625*	78507.77344*
	3600.000000	25080.02539*	174314.26562*	48000.67578*
	3628.000000	25275.09180*	175670.03125*	48374.01562*
	6148.000000	42831.10938*	297690.03125*	81974.48438*
	6096.000000	42468.84375*	295172.15625*	81281.14062*
	----		----		----		----
	568691.125000	3961884.500000	27536384.000000	7582657.000000
	-		---		-------		----		------
	2.433000	6716.000000	130.76620**	37.63093**
	0.012000	6716.000000	49068.000000	0.18560**
	0.009000	24604.000000	24072.000000	32688.000000
	0.009000	24596.000000	48964.000000	32820.000000
	0.009000	6496.000000	23052.000000	29728.000000
	0.199000	15828.000000	10.69563**	29824.000000
	0.041000	15884.000000	2.20362**	30108.000000
	0.040000	4512.000000	51572.000000	30096.000000
	0.038000	17852.000000	51568.000000	0.58774**
	0.001000	17908.000000	37992.000000	0.01547**
	0.000100	6492.000000	28636.000000	28708.000000
	0.001000	15984.000000	0.05375**	29924.000000
	0.001000	25908.000000	0.05375**	30252.000000
	0.050000	21952.000000	2.68735**	30004.000000
	0.024000	15924.000000	49036.000000	0.37121**
	0.011000	15868.000000	22952.000000	0.17014**
	0.013000	7432.000000	0.69871**	34888.000000
	0.019000	7428.000000	1.02119**	34836.000000
	0.018000	16028.000000	0.96744**	30064.000000
	0.001000	16072.000000	0.05375**	29960.000000
	0.001000	7048.000000	0.05375**	29816.000000
	0.000100	15840.000000	0.00537**	29844.000000
	0.001000	15060.000000	0.05375**	31604.000000
	0.001000	18400.000000	48860.000000	31604.000000
	0.000100	19132.000000	48860.000000	30044.000000
	0.003000	14852.000000	49168.000000	30056.000000
	0.002000	16820.000000	29204.000000	0.03093**
	0.002000	16760.000000	0.10749**	0.03093**
	0.003000	11280.000000	0.16124**	30492.000000
	0.004000	11280.000000	0.21499**	30084.000000
	0.003000	11064.000000	35840.000000	29864.000000
	0.004000	27296.000000	35840.000000	30124.000000
	0.004000	6492.000000	37184.000000	33468.000000
	0.009000	6492.000000	37188.000000	33456.000000
	0.002000	20932.000000	51728.000000	32860.000000
	0.003000	20936.000000	49808.000000	32896.000000
	0.003000	16128.000000	52124.000000	28636.000000
	0.044000	16660.000000	28412.000000	28632.000000
	0.025000	10696.000000	48996.000000	31556.000000
	0.034000	22580.000000	28184.000000	28652.000000
	0.024000	16364.000000	57416.000000	29952.000000
	0.021000	6612.000000	48752.000000	29856.000000
	0.020000	10536.000000	51796.000000	29792.000000
	3620.000000	17280.000000	24184.000000	32884.000000
	3620.000000	21976.000000	194563.76562**	29920.000000
	6320.000000	6720.000000	339680.40625**	29912.000000
	6320.000000	15780.000000	339680.40625**	28508.000000
	6256.000000	14484.000000	48896.000000	29816.000000
	6260.000000	15952.000000	50724.000000	31496.000000
	5524.000000	15952.000000	50196.000000	28644.000000
	5808.000000	7052.000000	29764.000000	33012.000000
	3576.000000	17684.000000	192198.90625**	30376.000000
	3576.000000	4748.000000	192198.90625**	33264.000000
	5508.000000	4748.000000	296037.90625**	32928.000000
	5880.000000	15980.000000	316031.75000**	32896.000000
	5820.000000	16024.000000	312806.93750**	28528.000000
	5928.000000	7296.000000	318611.59375**	29872.000000
	5600.000000	14040.000000	300982.59375**	30152.000000
	5612.000000	15648.000000	301627.59375**	28612.000000
	3656.000000	15824.000000	196498.65625**	30160.000000
	3644.000000	6500.000000	195853.68750**	33276.000000
	6076.000000	27056.000000	326566.12500**	30148.000000
	5604.000000	14440.000000	301197.59375**	28716.000000
	3604.000000	14436.000000	193703.81250**	28600.000000
	3464.000000	6604.000000	186179.23438**	29760.000000
	5852.000000	7016.000000	314526.81250**	30172.000000
	5976.000000	6492.000000	321191.43750**	31704.000000
	3676.000000	7272.000000	197573.59375**	28636.000000
	3616.000000	19452.000000	194348.76562**	28592.000000
	5596.000000	14532.000000	300767.65625**	32608.000000
	5688.000000	23384.000000	305712.34375**	32784.000000
	5764.000000	23384.000000	309797.12500**	32792.000000
	5780.000000	47918.17578**	310657.06250**	89398.59375**
	5436.000000	45066.30078**	292168.12500**	84077.98438**
	5460.000000	45265.26562**	293458.06250**	84449.18750**
	3568.000000	29579.93945**	191768.92188**	55185.84375**
	3564.000000	29546.77930**	191553.93750**	55123.97656**
	5560.000000	46094.30078**	298832.75000**	85995.87500**
	5552.000000	46027.97656**	298402.75000**	85872.14844**
	3596.000000	29812.06836**	193273.84375**	55618.91406**
	3584.000000	29712.58398**	192628.87500**	55433.31250**
	6384.000000	52925.54297**	343120.18750**	98740.58594**
	198632.000000	1646727.25000**	10675853.00000**	3072218.25000**
	3608.000000	29911.55469**	193918.79688**	55804.51953**
	3620.000000	30011.03711**	194563.76562**	55990.11719**
	6280.000000	52063.34766**	337530.50000**	97132.03125**
	5784.000000	47951.33984**	310872.03125**	89460.46094**
	3524.000000	29215.16406**	189404.06250**	54505.30078**
	3640.000000	30176.84570**	195638.70312**	56299.45703**
	5760.000000	47752.37109**	309582.12500**	89089.25000**
	5680.000000	47089.14062**	305282.37500**	87851.89844**
	6580.000000	54550.44922**	353654.56250**	101772.10156**
	6708.000000	55611.61328**	360534.18750**	103751.85938**
	3464.000000	28717.74414**	186179.23438**	53577.28516**
	3464.000000	28717.74414**	186179.23438**	53577.28516**
	5496.000000	45563.71875**	295392.96875**	85006.00000**
	5392.000000	44701.52344**	289803.28125**	83397.43750**
	3608.000000	29911.55469**	193918.79688**	55804.51953**
	3608.000000	29911.55469**	193918.79688**	55804.51953**
	5616.000000	46558.55859**	301842.56250**	86862.02344**
	6088.000000	50471.60156**	327211.09375**	94162.39062**
	5580.000000	46260.10547**	299907.68750**	86305.21094**
	5584.000000	46293.26953**	300122.65625**	86367.08594**
	3584.000000	29712.58398**	192628.87500**	55433.31250**
	3640.000000	30176.84570**	195638.70312**	56299.45703**
	5416.000000	44900.48828**	291093.18750**	83768.64844**
	5664.000000	46956.50000**	304422.43750**	87604.42969**
	3584.000000	29712.58398**	192628.87500**	55433.31250**
	3624.000000	30044.19922**	194778.76562**	56051.98828**
	5424.000000	44966.81250**	291523.15625**	83892.37500**
	5536.000000	45895.33594**	297542.81250**	85624.67188**
	3576.000000	29646.26367**	192198.90625**	55309.57812**
	3644.000000	30210.00391**	195853.68750**	56361.32812**
	5992.000000	49675.72656**	322051.40625**	92677.57812**
	5888.000000	48813.53516**	316461.71875**	91069.01562**
	3600.000000	29845.23047**	193488.82812**	55680.78516**
	3628.000000	30077.35938**	194993.73438**	56113.85938**
	6148.000000	50969.01953**	330435.93750**	95090.39844**
	6096.000000	50537.92578**	327641.09375**	94286.12500**
	----		----		----		----
	568691.125000	4519471.500000	30419076.000000	8481329.000000


	C		CPP		JAVA		PYTHON
	-		---		----		------
	0.152000	0.191000	0.000000	0.000000	0.000000	7995.000000
	0.155000	0.192000	0.009000	0.000000	0.000000	16819.000000
	0.002000	0.001000	0.009000	0.110000	0.470000	88276.000000
	0.000100	0.001000	0.003000	0.110000	0.040000	654.000000
	0.000100	0.001000	0.001000	0.100000	0.080000	295295.000000
	0.000100	0.001000	0.000000	0.100000	0.080000	58627.000000
	0.001000	0.014000	0.000000	0.110000	0.040000	0.000000
	0.001000	0.012000	0.003000	0.110000	0.040000	0.000000
	0.002000	0.001000	0.002000	0.000000	0.040000	183.000000
	0.000100	0.003000	0.008000	0.000000	0.080000	3638.000000
	0.002000	0.002000	0.006000	0.110000	0.060000	332.000000
	0.001000	0.001000	0.000000	0.140000	0.030000	269.000000
	0.002000	0.005000	0.000000	0.100000	0.040000	8664.000000
	0.002000	0.006000	0.000000	0.130000	0.080000	171.000000
	0.002000	0.004000	0.006000	0.000000	0.050000	8384.000000
	0.001000	0.003000	0.004000	0.000000	0.040000	8381.000000
	0.002000	0.002000	0.000000	0.490000	0.060000	854.000000
	0.000100	0.001000	0.000000	0.490000	0.080000	635.000000
	0.001000	0.001000	0.000000	0.130000	0.040000	0.000000
	0.000100	0.011000	0.000000	0.140000	0.030000	3563.000000
	0.001000	0.002000	0.000000	0.130000	0.050000	0.000000
	0.000100	0.001000	0.000000	0.120000	0.080000	0.000000
	1.109000	0.000100	0.000000	0.100000	0.060000	0.000000
	0.008000	0.001000	7.257000	0.100000	0.050000	0.000000
	0.008000	0.020000	7.235000	0.100000	0.040000	7038.000000
	0.014000	0.015000	0.012000	0.100000	0.080000	7331.000000
	0.000000	0.001000	0.012000	0.000000	0.000000	4420.000000
	0.001000	0.003000	0.000000	0.000000	0.000000	4398.000000
	0.001000	0.004000	0.000000	0.150000	0.000000	64831.000000
	0.002000	0.001000	0.000000	0.150000	0.000000	64532.000000
	0.001000	0.014000	0.327000	0.180000	0.050000	418.000000
	0.001000	0.014000	0.326000	0.140000	0.050000	411.000000
	0.001000	0.011000	0.006000	0.180000	0.040000	0.000000
	0.001000	0.008000	0.004000	0.200000	0.090000	0.000000
	0.000100	0.004000	2.279000	0.200000	0.100000	0.000000
	0.001000	0.002000	2.416000	0.230000	0.080000	0.000000
	0.001000	0.025000	0.004000	0.130000	0.050000	74635.000000
	0.001000	0.028000	0.003000	0.130000	0.070000	75013.000000
	0.001000	0.348000	0.006000	0.180000	0.160000	0.000000
	0.001000	0.006000	0.003000	0.180000	0.160000	0.000000
	0.001000	0.037000	0.049000	0.230000	0.110000	0.000000
	0.001000	0.033000	0.506000	0.210000	0.080000	0.000000
	0.001000	6.443000	0.003000	0.790000	39.889999	27936000.000000
	0.001000	6.441000	0.001000	2.830000	40.139999	27945500.000000
	0.001000	0.001000	0.000000	0.110000	0.320000	164.000000
	0.001000	0.001000	0.000000	0.100000	0.100000	0.000000
	0.000100	4.400000	0.000000	8.650000	0.000000	163.000000
	0.002000	4.317000	0.126000	10.310000	0.000000	165.000000
	0.002000	0.001000	0.012000	0.120000	0.000000	0.000000
	0.415000	0.002000	0.195000	0.130000	0.000000	0.000000
	0.007000	0.183000	0.199000	0.810000	0.120000	0.000000
	0.003000	0.052000	0.000000	0.860000	0.110000	0.000000
	0.007000	0.001000	0.000000	0.100000	0.110000	151.000000
	0.011000	0.001000	0.000000	0.110000	0.080000	147.000000
	0.011000	0.062000	0.000000	0.120000	0.000000	151.000000
	0.021000	0.007000	0.000000	0.120000	0.000000	4584.000000
	0.028000	0.050000	0.000000	0.170000	0.000000	5074879.000000
	0.027000	0.027000	0.000000	1.070000	0.000000	2933372.000000
	0.024000	0.003000	0.000000	0.100000	28.180000	176.000000
	0.022000	0.001000	0.000000	0.150000	28.139999	764.000000
	0.026000	0.001000	0.000000	0.100000	28.010000	0.000000
	0.301000	0.002000	0.000000	0.100000	0.080000	0.000000
	0.004000	0.001000	0.000000	0.110000	0.260000	0.000000
	0.004000	0.003000	0.000000	0.120000	0.150000	0.000000
	0.004000	0.004000	0.000000	0.130000	0.050000	259.000000
	0.034000	0.003000	0.000000	0.210000	0.080000	275.000000
	0.029000	0.005000	0.000000	0.120000	2.800000	0.000000
	0.033000	0.005000	0.000000	0.240000	2.780000	0.000000
	0.034000	0.074000	0.000000	0.200000	0.070000	4205.000000
	3.531000	0.066000	0.000000	0.250000	0.070000	6039.000000
	0.727000	0.024000	0.000000	0.140000	0.000000	8089.000000
	0.003000	0.026000	0.000000	0.140000	0.000000	7974.000000
	0.000100	0.000000	0.000000	0.000000	0.000000	45712.000000
	0.334000	0.000000	0.000000	0.000000	0.000000	39630.000000
	2.425000	0.000000	0.000000	0.000000	2.290000	602845.000000
	2.415000	0.000000	0.000000	0.000000	2.280000	617.000000
	2.433000	6716.000000	0.000000	0.000000	0.030000	0.000000
	0.012000	6716.000000	49068.000000	0.000000	0.070000	0.000000
	0.009000	24604.000000	24072.000000	32688.000000	0.160000	10327.000000
	0.009000	24596.000000	48964.000000	32820.000000	0.040000	34438.000000
	0.009000	6496.000000	23052.000000	29728.000000	0.050000	11615.000000
	0.199000	15828.000000	0.000000	29824.000000	0.080000	16611.000000
	0.041000	15884.000000	0.000000	30108.000000	9.080000	0.000000
	0.040000	4512.000000	51572.000000	30096.000000	3.480000	0.000000
	0.038000	17852.000000	51568.000000	0.000000	3.160000	0.000000
	0.001000	17908.000000	37992.000000	0.000000	0.080000	0.000000
	0.000100	6492.000000	28636.000000	28708.000000	0.050000	0.000000
	0.001000	15984.000000	0.000000	29924.000000	0.050000	0.000000
	0.001000	25908.000000	0.000000	30252.000000	0.040000	0.000000
	0.050000	21952.000000	0.000000	30004.000000	0.080000	0.000000
	0.024000	15924.000000	49036.000000	0.000000	0.000000	0.000000
	0.011000	15868.000000	22952.000000	0.000000	0.000000	0.000000
	0.013000	7432.000000	0.000000	34888.000000	0.320000	0.000000
	0.019000	7428.000000	0.000000	34836.000000	0.320000	0.000000
	0.018000	16028.000000	0.000000	30064.000000	0.350000	0.000000
	0.001000	16072.000000	0.000000	29960.000000	0.110000	0.000000
	0.001000	7048.000000	0.000000	29816.000000	0.050000	0.000000
	0.000100	15840.000000	0.000000	29844.000000	0.030000	0.000000
	0.001000	15060.000000	0.000000	31604.000000	0.050000	0.000000
	0.001000	18400.000000	48860.000000	31604.000000	0.080000	0.000000
	0.000100	19132.000000	48860.000000	30044.000000	0.000000	0.000000
	0.003000	14852.000000	49168.000000	30056.000000	0.000000	0.000000
	0.002000	16820.000000	29204.000000	0.000000	0.050000	0.000000
	0.002000	16760.000000	0.000000	0.000000	0.040000	0.000000
	0.003000	11280.000000	0.000000	30492.000000	0.050000	0.000000
	0.004000	11280.000000	0.000000	30084.000000	0.080000	0.000000
	0.003000	11064.000000	35840.000000	29864.000000	0.060000	0.000000
	0.004000	27296.000000	35840.000000	30124.000000	0.050000	0.000000
	0.004000	6492.000000	37184.000000	33468.000000	0.040000	0.000000
	0.009000	6492.000000	37188.000000	33456.000000	0.080000	0.000000
	0.002000	20932.000000	51728.000000	32860.000000	0.100000	0.000000
	0.003000	20936.000000	49808.000000	32896.000000	0.080000	0.000000
	0.003000	16128.000000	52124.000000	28636.000000	0.090000	0.000000
	0.044000	16660.000000	28412.000000	28632.000000	0.080000	0.000000
	0.025000	10696.000000	48996.000000	31556.000000	0.740000	0.000000
	0.034000	22580.000000	28184.000000	28652.000000	0.450000	0.000000
	0.024000	16364.000000	57416.000000	29952.000000	0.080000	0.000000
	0.021000	6612.000000	48752.000000	29856.000000	0.080000	0.000000
	0.020000	10536.000000	51796.000000	29792.000000	0.000000	0.000000
	----		----		----		----
	15.112305	629483.250000	1126293.000000	1077222.000000	198.800049	65490628.000000
	----		----		----		----
	1.000000	63339.734375	1138129.875000	151676.468750	15.091475	6393823.500000
	-		---		------		------
	C		CPP		HASKELL		JAVA		PYTHON
	-		---		-------		----		------
	0.152000	0.191000	172995.73438*	23054.82227*	2.29390*	7995.000000
	0.155000	0.192000	0.009000	23509.85352*	2.33918*	16819.000000
	0.002000	0.001000	0.009000	0.110000	0.470000	88276.000000
	0.000100	0.001000	0.003000	0.110000	0.040000	654.000000
	0.000100	0.001000	0.001000	0.100000	0.080000	295295.000000
	0.000100	0.001000	113.81299*	0.100000	0.080000	58627.000000
	0.001000	0.014000	1138.12988*	0.110000	0.040000	6393.82373*
	0.001000	0.012000	0.003000	0.110000	0.040000	6393.82373*
	0.002000	0.001000	0.002000	303.35297*	0.040000	183.000000
	0.000100	0.003000	0.008000	15.16765*	0.080000	3638.000000
	0.002000	0.002000	0.006000	0.110000	0.060000	332.000000
	0.001000	0.001000	1138.12988*	0.140000	0.030000	269.000000
	0.002000	0.005000	2276.25977*	0.100000	0.040000	8664.000000
	0.002000	0.006000	2276.25977*	0.130000	0.080000	171.000000
	0.002000	0.004000	0.006000	303.35297*	0.050000	8384.000000
	0.001000	0.003000	0.004000	151.67648*	0.040000	8381.000000
	0.002000	0.002000	2276.25977*	0.490000	0.060000	854.000000
	0.000100	0.001000	113.81299*	0.490000	0.080000	635.000000
	0.001000	0.001000	1138.12988*	0.130000	0.040000	6393.82373*
	0.000100	0.011000	113.81299*	0.140000	0.030000	3563.000000
	0.001000	0.002000	1138.12988*	0.130000	0.050000	6393.82373*
	0.000100	0.001000	113.81299*	0.120000	0.080000	639.38232*
	1.109000	0.000100	1262186.00000*	0.100000	0.060000	7090750.00000*
	0.008000	0.001000	7.257000	0.100000	0.050000	51150.58984*
	0.008000	0.020000	7.235000	0.100000	0.040000	7038.000000
	0.014000	0.015000	0.012000	0.100000	0.080000	7331.000000
	0.00000*	0.001000	0.012000	0.00239*	0.00000*	4420.000000
	0.001000	0.003000	1138.12988*	151.67648*	0.01509*	4398.000000
	0.001000	0.004000	1138.12988*	0.150000	0.01509*	64831.000000
	0.002000	0.001000	2276.25977*	0.150000	0.03018*	64532.000000
	0.001000	0.014000	0.327000	0.180000	0.050000	418.000000
	0.001000	0.014000	0.326000	0.140000	0.050000	411.000000
	0.001000	0.011000	0.006000	0.180000	0.040000	6393.82373*
	0.001000	0.008000	0.004000	0.200000	0.090000	6393.82373*
	0.000100	0.004000	2.279000	0.200000	0.100000	639.38232*
	0.001000	0.002000	2.416000	0.230000	0.080000	6393.82373*
	0.001000	0.025000	0.004000	0.130000	0.050000	74635.000000
	0.001000	0.028000	0.003000	0.130000	0.070000	75013.000000
	0.001000	0.348000	0.006000	0.180000	0.160000	6393.82373*
	0.001000	0.006000	0.003000	0.180000	0.160000	6393.82373*
	0.001000	0.037000	0.049000	0.230000	0.110000	6393.82373*
	0.001000	0.033000	0.506000	0.210000	0.080000	6393.82373*
	0.001000	6.443000	0.003000	0.790000	39.889999	27936000.000000
	0.001000	6.441000	0.001000	2.830000	40.139999	27945500.000000
	0.001000	0.001000	1138.12988*	0.110000	0.320000	164.000000
	0.001000	0.001000	1138.12988*	0.100000	0.100000	6393.82373*
	0.000100	4.400000	113.81299*	8.650000	0.00151*	163.000000
	0.002000	4.317000	0.126000	10.310000	0.03018*	165.000000
	0.002000	0.001000	0.012000	0.120000	0.03018*	12787.64746*
	0.415000	0.002000	0.195000	0.130000	6.26296*	2653436.75000*
	0.007000	0.183000	0.199000	0.810000	0.120000	44756.76562*
	0.003000	0.052000	3414.38965*	0.860000	0.110000	19181.47070*
	0.007000	0.001000	7966.90918*	0.100000	0.110000	151.000000
	0.011000	0.001000	12519.42871*	0.110000	0.080000	147.000000
	0.011000	0.062000	12519.42871*	0.120000	0.16601*	151.000000
	0.021000	0.007000	23900.72656*	0.120000	0.31692*	4584.000000
	0.028000	0.050000	31867.63672*	0.170000	0.42256*	5074879.000000
	0.027000	0.027000	30729.50781*	1.070000	0.40747*	2933372.000000
	0.024000	0.003000	27315.11719*	0.100000	28.180000	176.000000
	0.022000	0.001000	25038.85742*	0.150000	28.139999	764.000000
	0.026000	0.001000	29591.37695*	0.100000	28.010000	166239.42188*
	0.301000	0.002000	342577.09375*	0.100000	0.080000	1924540.87500*
	0.004000	0.001000	4552.51953*	0.110000	0.260000	25575.29492*
	0.004000	0.003000	4552.51953*	0.120000	0.150000	25575.29492*
	0.004000	0.004000	4552.51953*	0.130000	0.050000	259.000000
	0.034000	0.003000	38696.41797*	0.210000	0.080000	275.000000
	0.029000	0.005000	33005.76562*	0.120000	2.800000	185420.87500*
	0.033000	0.005000	37558.28516*	0.240000	2.780000	210996.17188*
	0.034000	0.074000	38696.41797*	0.200000	0.070000	4205.000000
	3.531000	0.066000	4018736.50000*	0.250000	0.070000	6039.000000
	0.727000	0.024000	827420.43750*	0.140000	10.97150*	8089.000000
	0.003000	0.026000	3414.38965*	0.140000	0.04527*	7974.000000
	0.000100	6.33397*	113.81299*	15.16765*	0.00151*	45712.000000
	0.334000	21155.47070*	380135.37500*	50659.93750*	5.04055*	39630.000000
	2.425000	153598.85938*	2759965.00000*	367815.43750*	2.290000	602845.000000
	2.415000	152965.45312*	2748583.50000*	366298.65625*	2.280000	617.000000
	2.433000	6716.000000	2769070.00000*	369028.87500*	0.030000	15556173.00000*
	0.012000	6716.000000	49068.000000	1820.11768*	0.070000	76725.88281*
	0.009000	24604.000000	24072.000000	32688.000000	0.160000	10327.000000
	0.009000	24596.000000	48964.000000	32820.000000	0.040000	34438.000000
	0.009000	6496.000000	23052.000000	29728.000000	0.050000	11615.000000
	0.199000	15828.000000	226487.84375*	29824.000000	0.080000	16611.000000
	0.041000	15884.000000	46663.32422*	30108.000000	9.080000	262146.78125*
	0.040000	4512.000000	51572.000000	30096.000000	3.480000	255752.93750*
	0.038000	17852.000000	51568.000000	5763.70557*	3.160000	242965.28125*
	0.001000	17908.000000	37992.000000	151.67648*	0.080000	6393.82373*
	0.000100	6492.000000	28636.000000	28708.000000	0.050000	639.38232*
	0.001000	15984.000000	1138.12988*	29924.000000	0.050000	6393.82373*
	0.001000	25908.000000	1138.12988*	30252.000000	0.040000	6393.82373*
	0.050000	21952.000000	56906.49609*	30004.000000	0.080000	319691.18750*
	0.024000	15924.000000	49036.000000	3640.23535*	0.36220*	153451.76562*
	0.011000	15868.000000	22952.000000	1668.44116*	0.16601*	70332.05469*
	0.013000	7432.000000	14795.68848*	34888.000000	0.320000	83119.71094*
	0.019000	7428.000000	21624.46680*	34836.000000	0.320000	121482.64062*
	0.018000	16028.000000	20486.33594*	30064.000000	0.350000	115088.82031*
	0.001000	16072.000000	1138.12988*	29960.000000	0.110000	6393.82373*
	0.001000	7048.000000	1138.12988*	29816.000000	0.050000	6393.82373*
	0.000100	15840.000000	113.81299*	29844.000000	0.030000	639.38232*
	0.001000	15060.000000	1138.12988*	31604.000000	0.050000	6393.82373*
	0.001000	18400.000000	48860.000000	31604.000000	0.080000	6393.82373*
	0.000100	19132.000000	48860.000000	30044.000000	0.00151*	639.38232*
	0.003000	14852.000000	49168.000000	30056.000000	0.04527*	19181.47070*
	0.002000	16820.000000	29204.000000	303.35297*	0.050000	12787.64746*
	0.002000	16760.000000	2276.25977*	303.35297*	0.040000	12787.64746*
	0.003000	11280.000000	3414.38965*	30492.000000	0.050000	19181.47070*
	0.004000	11280.000000	4552.51953*	30084.000000	0.080000	25575.29492*
	0.003000	11064.000000	35840.000000	29864.000000	0.060000	19181.47070*
	0.004000	27296.000000	35840.000000	30124.000000	0.050000	25575.29492*
	0.004000	6492.000000	37184.000000	33468.000000	0.040000	25575.29492*
	0.009000	6492.000000	37188.000000	33456.000000	0.080000	57544.41016*
	0.002000	20932.000000	51728.000000	32860.000000	0.100000	12787.64746*
	0.003000	20936.000000	49808.000000	32896.000000	0.080000	19181.47070*
	0.003000	16128.000000	52124.000000	28636.000000	0.090000	19181.47070*
	0.044000	16660.000000	28412.000000	28632.000000	0.080000	281328.21875*
	0.025000	10696.000000	48996.000000	31556.000000	0.740000	159845.59375*
	0.034000	22580.000000	28184.000000	28652.000000	0.450000	217390.01562*
	0.024000	16364.000000	57416.000000	29952.000000	0.080000	153451.76562*
	0.021000	6612.000000	48752.000000	29856.000000	0.080000	134270.29688*
	0.020000	10536.000000	51796.000000	29792.000000	0.30183*	127876.46875*
	----		----		----		----
	15.112305	957209.375000	17199758.000000	2292181.000000	228.066940	96625352.000000
	-		---		-------		----		------
	0.152000	0.191000	192025.265625	26743.593750	2.615051	7995.000000
	0.155000	0.192000	0.009000	27271.429688	2.666664	16819.000000
	0.002000	0.001000	0.009000	0.110000	0.470000	88276.000000
	0.000100	0.001000	0.003000	0.110000	0.040000	654.000000
	0.000100	0.001000	0.001000	0.100000	0.080000	295295.000000
	0.000100	0.001000	126.332420	0.100000	0.080000	58627.000000
	0.001000	0.014000	1263.324219	0.110000	0.040000	7288.958984
	0.001000	0.012000	0.003000	0.110000	0.040000	7288.958984
	0.002000	0.001000	0.002000	351.889435	0.040000	183.000000
	0.000100	0.003000	0.008000	17.594469	0.080000	3638.000000
	0.002000	0.002000	0.006000	0.110000	0.060000	332.000000
	0.001000	0.001000	1263.324219	0.140000	0.030000	269.000000
	0.002000	0.005000	2526.648438	0.100000	0.040000	8664.000000
	0.002000	0.006000	2526.648438	0.130000	0.080000	171.000000
	0.002000	0.004000	0.006000	351.889435	0.050000	8384.000000
	0.001000	0.003000	0.004000	175.944717	0.040000	8381.000000
	0.002000	0.002000	2526.648438	0.490000	0.060000	854.000000
	0.000100	0.001000	126.332420	0.490000	0.080000	635.000000
	0.001000	0.001000	1263.324219	0.130000	0.040000	7288.958984
	0.000100	0.011000	126.332420	0.140000	0.030000	3563.000000
	0.001000	0.002000	1263.324219	0.130000	0.050000	7288.958984
	0.000100	0.001000	126.332420	0.120000	0.080000	728.895874
	1.109000	0.000100	1401026.500000	0.100000	0.060000	8083455.000000
	0.008000	0.001000	7.257000	0.100000	0.050000	58311.671875
	0.008000	0.020000	7.235000	0.100000	0.040000	7038.000000
	0.014000	0.015000	0.012000	0.100000	0.080000	7331.000000
	0.000000	0.001000	0.012000	0.002778	0.000000	4420.000000
	0.001000	0.003000	1263.324219	175.944717	0.017204	4398.000000
	0.001000	0.004000	1263.324219	0.150000	0.017204	64831.000000
	0.002000	0.001000	2526.648438	0.150000	0.034409	64532.000000
	0.001000	0.014000	0.327000	0.180000	0.050000	418.000000
	0.001000	0.014000	0.326000	0.140000	0.050000	411.000000
	0.001000	0.011000	0.006000	0.180000	0.040000	7288.958984
	0.001000	0.008000	0.004000	0.200000	0.090000	7288.958984
	0.000100	0.004000	2.279000	0.200000	0.100000	728.895874
	0.001000	0.002000	2.416000	0.230000	0.080000	7288.958984
	0.001000	0.025000	0.004000	0.130000	0.050000	74635.000000
	0.001000	0.028000	0.003000	0.130000	0.070000	75013.000000
	0.001000	0.348000	0.006000	0.180000	0.160000	7288.958984
	0.001000	0.006000	0.003000	0.180000	0.160000	7288.958984
	0.001000	0.037000	0.049000	0.230000	0.110000	7288.958984
	0.001000	0.033000	0.506000	0.210000	0.080000	7288.958984
	0.001000	6.443000	0.003000	0.790000	39.889999	27936000.000000
	0.001000	6.441000	0.001000	2.830000	40.139999	27945500.000000
	0.001000	0.001000	1263.32422**	0.110000	0.320000	164.000000
	0.001000	0.001000	1263.32422**	0.100000	0.100000	7288.95898**
	0.000100	4.400000	126.33242**	8.650000	0.00172**	163.000000
	0.002000	4.317000	0.126000	10.310000	0.03441**	165.000000
	0.002000	0.001000	0.012000	0.120000	0.03441**	14577.91797**
	0.415000	0.002000	0.195000	0.130000	7.13978**	3024918.00000**
	0.007000	0.183000	0.199000	0.810000	0.120000	51022.71094**
	0.003000	0.052000	3789.97241**	0.860000	0.110000	21866.87695**
	0.007000	0.001000	8843.26953**	0.100000	0.110000	151.000000
	0.011000	0.001000	13896.56543**	0.110000	0.080000	147.000000
	0.011000	0.062000	13896.56543**	0.120000	0.18925**	151.000000
	0.021000	0.007000	26529.80664**	0.120000	0.36129**	4584.000000
	0.028000	0.050000	35373.07812**	0.170000	0.48172**	5074879.000000
	0.027000	0.027000	34109.75391**	1.070000	0.46452**	2933372.000000
	0.024000	0.003000	30319.77930**	0.100000	28.180000	176.000000
	0.022000	0.001000	27793.13086**	0.150000	28.139999	764.000000
	0.026000	0.001000	32846.42969**	0.100000	28.010000	189512.93750**
	0.301000	0.002000	380260.56250**	0.100000	0.080000	2193976.50000**
	0.004000	0.001000	5053.29688**	0.110000	0.260000	29155.83594**
	0.004000	0.003000	5053.29688**	0.120000	0.150000	29155.83594**
	0.004000	0.004000	5053.29688**	0.130000	0.050000	259.000000
	0.034000	0.003000	42953.02344**	0.210000	0.080000	275.000000
	0.029000	0.005000	36636.39844**	0.120000	2.800000	211379.79688**
	0.033000	0.005000	41689.69531**	0.240000	2.780000	240535.64062**
	0.034000	0.074000	42953.02344**	0.200000	0.070000	4205.000000
	3.531000	0.066000	4460797.50000**	0.250000	0.070000	6039.000000
	0.727000	0.024000	918436.68750**	0.140000	12.50751**	8089.000000
	0.003000	0.026000	3789.97241**	0.140000	0.05161**	7974.000000
	0.000100	7.53743**	126.33242**	17.59447**	0.00172**	45712.000000
	0.334000	25175.00977**	421950.28125**	58765.52734**	5.74623**	39630.000000
	2.425000	182782.64062**	3063561.25000**	426665.90625**	2.290000	602845.000000
	2.415000	182028.89062**	3050927.75000**	424906.43750**	2.280000	617.000000
	2.433000	6716.00000**	3073667.75000**	428073.50000**	0.030000	17734038.00000**
	0.012000	6716.00000**	49068.00000**	2111.33643**	0.070000	87467.50781**
	0.009000	24604.00000**	24072.00000**	32688.00000**	0.160000	10327.00000**
	0.009000	24596.00000**	48964.00000**	32820.00000**	0.040000	34438.00000**
	0.009000	6496.00000**	23052.00000**	29728.00000**	0.050000	11615.00000**
	0.199000	15828.00000**	251401.50000**	29824.00000**	0.080000	16611.00000**
	0.041000	15884.00000**	51796.28906**	30108.00000**	9.080000	298847.34375**
	0.040000	4512.00000**	51572.00000**	30096.00000**	3.480000	291558.34375**
	0.038000	17852.00000**	51568.00000**	6685.89844**	3.160000	276980.40625**
	0.001000	17908.00000**	37992.00000**	175.94472**	0.080000	7288.95898**
	0.000100	6492.00000**	28636.00000**	28708.00000**	0.050000	728.89587**
	0.001000	15984.00000**	1263.32422**	29924.00000**	0.050000	7288.95898**
	0.001000	25908.00000**	1263.32422**	30252.00000**	0.040000	7288.95898**
	0.050000	21952.00000**	63166.21094**	30004.00000**	0.080000	364447.96875**
	0.024000	15924.00000**	49036.00000**	4222.67285**	0.41290**	174935.01562**
	0.011000	15868.00000**	22952.00000**	1935.39172**	0.18925**	80178.53906**
	0.013000	7432.00000**	16423.21484**	34888.00000**	0.320000	94756.46875**
	0.019000	7428.00000**	24003.15820**	34836.00000**	0.320000	138490.20312**
	0.018000	16028.00000**	22739.83203**	30064.00000**	0.350000	131201.25000**
	0.001000	16072.00000**	1263.32422**	29960.00000**	0.110000	7288.95898**
	0.001000	7048.00000**	1263.32422**	29816.00000**	0.050000	7288.95898**
	0.000100	15840.00000**	126.33242**	29844.00000**	0.030000	728.89587**
	0.001000	15060.00000**	1263.32422**	31604.00000**	0.050000	7288.95898**
	0.001000	18400.00000**	48860.00000**	31604.00000**	0.080000	7288.95898**
	0.000100	19132.00000**	48860.00000**	30044.00000**	0.00172**	728.89587**
	0.003000	14852.00000**	49168.00000**	30056.00000**	0.05161**	21866.87695**
	0.002000	16820.00000**	29204.00000**	351.88943**	0.050000	14577.91797**
	0.002000	16760.00000**	2526.64844**	351.88943**	0.040000	14577.91797**
	0.003000	11280.00000**	3789.97241**	30492.00000**	0.050000	21866.87695**
	0.004000	11280.00000**	5053.29688**	30084.00000**	0.080000	29155.83594**
	0.003000	11064.00000**	35840.00000**	29864.00000**	0.060000	21866.87695**
	0.004000	27296.00000**	35840.00000**	30124.00000**	0.050000	29155.83594**
	0.004000	6492.00000**	37184.00000**	33468.00000**	0.040000	29155.83594**
	0.009000	6492.00000**	37188.00000**	33456.00000**	0.080000	65600.62500**
	0.002000	20932.00000**	51728.00000**	32860.00000**	0.100000	14577.91797**
	0.003000	20936.00000**	49808.00000**	32896.00000**	0.080000	21866.87695**
	0.003000	16128.00000**	52124.00000**	28636.00000**	0.090000	21866.87695**
	0.044000	16660.00000**	28412.00000**	28632.00000**	0.080000	320714.15625**
	0.025000	10696.00000**	48996.00000**	31556.00000**	0.740000	182223.98438**
	0.034000	22580.00000**	28184.00000**	28652.00000**	0.450000	247824.62500**
	0.024000	16364.00000**	57416.00000**	29952.00000**	0.080000	174935.01562**
	0.021000	6612.00000**	48752.00000**	29856.00000**	0.080000	153068.14062**
	0.020000	10536.00000**	51796.00000**	29792.00000**	0.34409**	145779.17188**
	----		----		----		----
	15.112305	1019477.312500	18967846.000000	2486574.250000	232.164291	100984152.000000


	C		CPP		HASKELL		JAVA		PYTHON
	-		---		----		------
	2.433000	6716.000000	3073667.750000	428073.500000	0.030000	17734038.000000
	0.012000	6716.000000	49068.000000	2111.336426	0.070000	87467.507812
	0.009000	24604.000000	24072.000000	32688.000000	0.160000	10327.000000
	0.009000	24596.000000	48964.000000	32820.000000	0.040000	34438.000000
	0.009000	6496.000000	23052.000000	29728.000000	0.050000	11615.000000
	0.199000	15828.000000	251401.500000	29824.000000	0.080000	16611.000000
	0.041000	15884.000000	51796.289062	30108.000000	9.080000	298847.343750
	0.040000	4512.000000	51572.000000	30096.000000	3.480000	291558.343750
	0.038000	17852.000000	51568.000000	6685.898438	3.160000	276980.406250
	0.001000	17908.000000	37992.000000	175.944717	0.080000	7288.958984
	0.000100	6492.000000	28636.000000	28708.000000	0.050000	728.895874
	0.001000	15984.000000	1263.324219	29924.000000	0.050000	7288.958984
	0.001000	25908.000000	1263.324219	30252.000000	0.040000	7288.958984
	0.050000	21952.000000	63166.210938	30004.000000	0.080000	364447.968750
	0.024000	15924.000000	49036.000000	4222.672852	0.412903	174935.015625
	0.011000	15868.000000	22952.000000	1935.391724	0.189247	80178.539062
	0.013000	7432.000000	16423.214844	34888.000000	0.320000	94756.468750
	0.019000	7428.000000	24003.158203	34836.000000	0.320000	138490.203125
	0.018000	16028.000000	22739.832031	30064.000000	0.350000	131201.250000
	0.001000	16072.000000	1263.324219	29960.000000	0.110000	7288.958984
	0.001000	7048.000000	1263.324219	29816.000000	0.050000	7288.958984
	0.000100	15840.000000	126.332420	29844.000000	0.030000	728.895874
	0.001000	15060.000000	1263.324219	31604.000000	0.050000	7288.958984
	0.001000	18400.000000	48860.000000	31604.000000	0.080000	7288.958984
	0.000100	19132.000000	48860.000000	30044.000000	0.001720	728.895874
	0.003000	14852.000000	49168.000000	30056.000000	0.051613	21866.876953
	0.002000	16820.000000	29204.000000	351.889435	0.050000	14577.917969
	0.002000	16760.000000	2526.648438	351.889435	0.040000	14577.917969
	0.003000	11280.000000	3789.972412	30492.000000	0.050000	21866.876953
	0.004000	11280.000000	5053.296875	30084.000000	0.080000	29155.835938
	0.003000	11064.000000	35840.000000	29864.000000	0.060000	21866.876953
	0.004000	27296.000000	35840.000000	30124.000000	0.050000	29155.835938
	0.004000	6492.000000	37184.000000	33468.000000	0.040000	29155.835938
	0.009000	6492.000000	37188.000000	33456.000000	0.080000	65600.625000
	0.002000	20932.000000	51728.000000	32860.000000	0.100000	14577.917969
	0.003000	20936.000000	49808.000000	32896.000000	0.080000	21866.876953
	0.003000	16128.000000	52124.000000	28636.000000	0.090000	21866.876953
	0.044000	16660.000000	28412.000000	28632.000000	0.080000	320714.156250
	0.025000	10696.000000	48996.000000	31556.000000	0.740000	182223.984375
	0.034000	22580.000000	28184.000000	28652.000000	0.450000	247824.625000
	0.024000	16364.000000	57416.000000	29952.000000	0.080000	174935.015625
	0.021000	6612.000000	48752.000000	29856.000000	0.080000	153068.140625
	0.020000	10536.000000	51796.000000	29792.000000	0.344086	145779.171875
	440.000000	840.000000	1292.000000	16988.000000	4540.000000	4656.000000
	440.000000	444.000000	0.000000	11804.000000	4532.000000	4532.000000
	520.000000	808.000000	0.000000	11800.000000	5172.000000	0.000000
	516.000000	932.000000	0.000000	28164.000000	0.000000	4528.000000
	412.000000	932.000000	2588.000000	212396.000000	0.000000	4532.000000
	420.000000	964.000000	3136.000000	12096.000000	0.000000	0.000000
	512.000000	960.000000	17344.000000	13792.000000	0.000000	0.000000
	500.000000	936.000000	17360.000000	30080.000000	4980.000000	0.000000
	508.000000	5876.000000	0.000000	30900.000000	4984.000000	0.000000
	500.000000	404.000000	0.000000	11840.000000	5028.000000	4524.000000
	448.000000	408.000000	0.000000	11780.000000	5164.000000	4552.000000
	480.000000	4996.000000	0.000000	13384.000000	0.000000	4536.000000
	444.000000	940.000000	0.000000	13264.000000	0.000000	4592.000000
	404.000000	1020.000000	0.000000	16464.000000	0.000000	8468.000000
	436.000000	832.000000	0.000000	19640.000000	0.000000	6628.000000
	440.000000	928.000000	0.000000	11752.000000	4624.000000	4544.000000
	440.000000	936.000000	0.000000	14264.000000	4628.000000	4560.000000
	436.000000	804.000000	0.000000	11896.000000	4652.000000	0.000000
	428.000000	1020.000000	0.000000	11820.000000	5188.000000	0.000000
	408.000000	420.000000	0.000000	13448.000000	4528.000000	0.000000
	400.000000	408.000000	0.000000	12756.000000	4736.000000	0.000000
	404.000000	456.000000	0.000000	14476.000000	4532.000000	4544.000000
	520.000000	860.000000	0.000000	16532.000000	5164.000000	4544.000000
	520.000000	808.000000	0.000000	13528.000000	4668.000000	0.000000
	524.000000	792.000000	0.000000	19604.000000	4668.000000	0.000000
	520.000000	1748.000000	0.000000	18128.000000	4556.000000	4544.000000
	456.000000	1748.000000	0.000000	56948.000000	5168.000000	4540.000000
	464.000000	8832.000000	0.000000	21632.000000	0.000000	4568.000000
	2040.000000	8824.000000	0.000000	21632.000000	0.000000	4540.000000
	444.000000	0.000000	0.000000	0.000000	0.000000	4540.000000
	412.000000	0.000000	0.000000	0.000000	0.000000	4596.000000
	400.000000	0.000000	0.000000	0.000000	4508.000000	11440.000000
	408.000000	0.000000	0.000000	0.000000	4504.000000	4556.000000
	404.000000	0.000000	0.000000	0.000000	4528.000000	0.000000
	460.000000	0.000000	0.000000	0.000000	5168.000000	0.000000
	444.000000	0.000000	0.000000	0.000000	4556.000000	0.000000
	456.000000	0.000000	0.000000	0.000000	4552.000000	0.000000
	460.000000	0.000000	0.000000	0.000000	4620.000000	0.000000
	564.000000	0.000000	0.000000	0.000000	5168.000000	0.000000
	5348.000000	0.000000	0.000000	0.000000	8476.000000	0.000000
	5352.000000	0.000000	0.000000	0.000000	6608.000000	0.000000
	5352.000000	0.000000	0.000000	0.000000	6632.000000	0.000000
	400.000000	0.000000	0.000000	0.000000	5196.000000	0.000000
	404.000000	0.000000	0.000000	0.000000	4596.000000	0.000000
	420.000000	0.000000	0.000000	0.000000	4600.000000	0.000000
	408.000000	0.000000	0.000000	0.000000	4584.000000	0.000000
	432.000000	0.000000	0.000000	0.000000	5192.000000	0.000000
	436.000000	0.000000	0.000000	0.000000	0.000000	0.000000
	912.000000	0.000000	0.000000	0.000000	0.000000	0.000000
	704.000000	0.000000	0.000000	0.000000	6356.000000	0.000000
	700.000000	0.000000	0.000000	0.000000	6360.000000	0.000000
	700.000000	0.000000	0.000000	0.000000	6392.000000	0.000000
	436.000000	0.000000	0.000000	0.000000	5168.000000	0.000000
	436.000000	0.000000	0.000000	0.000000	4536.000000	0.000000
	436.000000	0.000000	0.000000	0.000000	4540.000000	0.000000
	444.000000	0.000000	0.000000	0.000000	4544.000000	0.000000
	440.000000	0.000000	0.000000	0.000000	5192.000000	0.000000
	448.000000	0.000000	0.000000	0.000000	0.000000	0.000000
	408.000000	0.000000	0.000000	0.000000	0.000000	0.000000
	412.000000	0.000000	0.000000	0.000000	4520.000000	0.000000
	412.000000	0.000000	0.000000	0.000000	4540.000000	0.000000
	404.000000	0.000000	0.000000	0.000000	4544.000000	0.000000
	444.000000	0.000000	0.000000	0.000000	5172.000000	0.000000
	448.000000	0.000000	0.000000	0.000000	4516.000000	0.000000
	456.000000	0.000000	0.000000	0.000000	4500.000000	0.000000
	444.000000	0.000000	0.000000	0.000000	4568.000000	0.000000
	436.000000	0.000000	0.000000	0.000000	5172.000000	0.000000
	400.000000	0.000000	0.000000	0.000000	4512.000000	0.000000
	412.000000	0.000000	0.000000	0.000000	4548.000000	0.000000
	404.000000	0.000000	0.000000	0.000000	4572.000000	0.000000
	1060.000000	0.000000	0.000000	0.000000	5164.000000	0.000000
	1312.000000	0.000000	0.000000	0.000000	11436.000000	0.000000
	1308.000000	0.000000	0.000000	0.000000	11996.000000	0.000000
	1308.000000	0.000000	0.000000	0.000000	4552.000000	0.000000
	7340.000000	0.000000	0.000000	0.000000	5192.000000	0.000000
	7328.000000	0.000000	0.000000	0.000000	0.000000	0.000000
	----		----		----		----
	68379.140625	679336.000000	4689002.500000	2233904.500000	307612.906250	21442834.000000
	----		----		----		----
	1.000000	45.340027	2050.159180	149.094543	5.931243	1869.285278
	-		---		------		------
	C		CPP		HASKELL		JAVA		PYTHON
	-		---		-------		----		------
	2.433000	6716.000000	3073667.750000	428073.500000	0.030000	17734038.000000
	0.012000	6716.000000	49068.000000	2111.336426	0.070000	87467.507812
	0.009000	24604.000000	24072.000000	32688.000000	0.160000	10327.000000
	0.009000	24596.000000	48964.000000	32820.000000	0.040000	34438.000000
	0.009000	6496.000000	23052.000000	29728.000000	0.050000	11615.000000
	0.199000	15828.000000	251401.500000	29824.000000	0.080000	16611.000000
	0.041000	15884.000000	51796.289062	30108.000000	9.080000	298847.343750
	0.040000	4512.000000	51572.000000	30096.000000	3.480000	291558.343750
	0.038000	17852.000000	51568.000000	6685.898438	3.160000	276980.406250
	0.001000	17908.000000	37992.000000	175.944717	0.080000	7288.958984
	0.000100	6492.000000	28636.000000	28708.000000	0.050000	728.895874
	0.001000	15984.000000	1263.324219	29924.000000	0.050000	7288.958984
	0.001000	25908.000000	1263.324219	30252.000000	0.040000	7288.958984
	0.050000	21952.000000	63166.210938	30004.000000	0.080000	364447.968750
	0.024000	15924.000000	49036.000000	4222.672852	0.412903	174935.015625
	0.011000	15868.000000	22952.000000	1935.391724	0.189247	80178.539062
	0.013000	7432.000000	16423.214844	34888.000000	0.320000	94756.468750
	0.019000	7428.000000	24003.158203	34836.000000	0.320000	138490.203125
	0.018000	16028.000000	22739.832031	30064.000000	0.350000	131201.250000
	0.001000	16072.000000	1263.324219	29960.000000	0.110000	7288.958984
	0.001000	7048.000000	1263.324219	29816.000000	0.050000	7288.958984
	0.000100	15840.000000	126.332420	29844.000000	0.030000	728.895874
	0.001000	15060.000000	1263.324219	31604.000000	0.050000	7288.958984
	0.001000	18400.000000	48860.000000	31604.000000	0.080000	7288.958984
	0.000100	19132.000000	48860.000000	30044.000000	0.001720	728.895874
	0.003000	14852.000000	49168.000000	30056.000000	0.051613	21866.876953
	0.002000	16820.000000	29204.000000	351.889435	0.050000	14577.917969
	0.002000	16760.000000	2526.648438	351.889435	0.040000	14577.917969
	0.003000	11280.000000	3789.972412	30492.000000	0.050000	21866.876953
	0.004000	11280.000000	5053.296875	30084.000000	0.080000	29155.835938
	0.003000	11064.000000	35840.000000	29864.000000	0.060000	21866.876953
	0.004000	27296.000000	35840.000000	30124.000000	0.050000	29155.835938
	0.004000	6492.000000	37184.000000	33468.000000	0.040000	29155.835938
	0.009000	6492.000000	37188.000000	33456.000000	0.080000	65600.625000
	0.002000	20932.000000	51728.000000	32860.000000	0.100000	14577.917969
	0.003000	20936.000000	49808.000000	32896.000000	0.080000	21866.876953
	0.003000	16128.000000	52124.000000	28636.000000	0.090000	21866.876953
	0.044000	16660.000000	28412.000000	28632.000000	0.080000	320714.156250
	0.025000	10696.000000	48996.000000	31556.000000	0.740000	182223.984375
	0.034000	22580.000000	28184.000000	28652.000000	0.450000	247824.625000
	0.024000	16364.000000	57416.000000	29952.000000	0.080000	174935.015625
	0.021000	6612.000000	48752.000000	29856.000000	0.080000	153068.140625
	0.020000	10536.000000	51796.000000	29792.000000	0.344086	145779.171875
	440.000000	840.000000	1292.000000	16988.000000	4540.000000	4656.000000
	440.000000	444.000000	902070.06250*	11804.000000	4532.000000	4532.000000
	520.000000	808.000000	1066082.75000*	11800.000000	5172.000000	972028.37500*
	516.000000	932.000000	1057882.12500*	28164.000000	3060.52148*	4528.000000
	412.000000	932.000000	2588.000000	212396.000000	2443.67236*	4532.000000
	420.000000	964.000000	3136.000000	12096.000000	2491.12231*	785099.81250*
	512.000000	960.000000	17344.000000	13792.000000	3036.79663*	957074.06250*
	500.000000	936.000000	17360.000000	30080.000000	4980.000000	934642.62500*
	508.000000	5876.000000	1041480.87500*	30900.000000	4984.000000	949596.93750*
	500.000000	404.000000	1025079.56250*	11840.000000	5028.000000	4524.000000
	448.000000	408.000000	918471.31250*	11780.000000	5164.000000	4552.000000
	480.000000	4996.000000	984076.37500*	13384.000000	2846.99683*	4536.000000
	444.000000	940.000000	910270.68750*	13264.000000	2633.47217*	4592.000000
	404.000000	1020.000000	828264.31250*	16464.000000	2396.22241*	8468.000000
	436.000000	832.000000	893869.37500*	19640.000000	2586.02222*	6628.000000
	440.000000	928.000000	902070.06250*	11752.000000	4624.000000	4544.000000
	440.000000	936.000000	902070.06250*	14264.000000	4628.000000	4560.000000
	436.000000	804.000000	893869.37500*	11896.000000	4652.000000	815008.37500*
	428.000000	1020.000000	877468.12500*	11820.000000	5188.000000	800054.12500*
	408.000000	420.000000	836464.93750*	13448.000000	4528.000000	762668.37500*
	400.000000	408.000000	820063.68750*	12756.000000	4736.000000	747714.12500*
	404.000000	456.000000	828264.31250*	14476.000000	4532.000000	4544.000000
	520.000000	860.000000	1066082.75000*	16532.000000	5164.000000	4544.000000
	520.000000	808.000000	1066082.75000*	13528.000000	4668.000000	972028.37500*
	524.000000	792.000000	1074283.37500*	19604.000000	4668.000000	979505.50000*
	520.000000	1748.000000	1066082.75000*	18128.000000	4556.000000	4544.000000
	456.000000	1748.000000	934872.56250*	56948.000000	5168.000000	4540.000000
	464.000000	8832.000000	951273.87500*	21632.000000	2752.09692*	4568.000000
	2040.000000	8824.000000	4182324.75000*	21632.000000	12099.73633*	4540.000000
	444.000000	20130.97266*	910270.68750*	66197.97656*	2633.47217*	4540.000000
	412.000000	18680.09180*	844665.56250*	61426.95312*	2443.67236*	4596.000000
	400.000000	18136.01172*	820063.68750*	59637.81641*	4508.000000	11440.000000
	408.000000	18498.73047*	836464.93750*	60830.57422*	4504.000000	4556.000000
	2.433000	6716.000000	3073667.750000	428073.500000	0.030000	17734038.000000
	0.012000	6716.000000	49068.000000	2111.336426	0.070000	87467.507812
	0.009000	24604.000000	24072.000000	32688.000000	0.160000	10327.000000
	0.009000	24596.000000	48964.000000	32820.000000	0.040000	34438.000000
	0.009000	6496.000000	23052.000000	29728.000000	0.050000	11615.000000
	0.199000	15828.000000	251401.500000	29824.000000	0.080000	16611.000000
	0.041000	15884.000000	51796.289062	30108.000000	9.080000	298847.343750
	0.040000	4512.000000	51572.000000	30096.000000	3.480000	291558.343750
	0.038000	17852.000000	51568.000000	6685.898438	3.160000	276980.406250
	0.001000	17908.000000	37992.000000	175.944717	0.080000	7288.958984
	0.000100	6492.000000	28636.000000	28708.000000	0.050000	728.895874
	0.001000	15984.000000	1263.324219	29924.000000	0.050000	7288.958984
	0.001000	25908.000000	1263.324219	30252.000000	0.040000	7288.958984
	0.050000	21952.000000	63166.210938	30004.000000	0.080000	364447.968750
	0.024000	15924.000000	49036.000000	4222.672852	0.412903	174935.015625
	0.011000	15868.000000	22952.000000	1935.391724	0.189247	80178.539062
	0.013000	7432.000000	16423.214844	34888.000000	0.320000	94756.468750
	0.019000	7428.000000	24003.158203	34836.000000	0.320000	138490.203125
	0.018000	16028.000000	22739.832031	30064.000000	0.350000	131201.250000
	0.001000	16072.000000	1263.324219	29960.000000	0.110000	7288.958984
	0.001000	7048.000000	1263.324219	29816.000000	0.050000	7288.958984
	0.000100	15840.000000	126.332420	29844.000000	0.030000	728.895874
	0.001000	15060.000000	1263.324219	31604.000000	0.050000	7288.958984
	0.001000	18400.000000	48860.000000	31604.000000	0.080000	7288.958984
	0.000100	19132.000000	48860.000000	30044.000000	0.001720	728.895874
	0.003000	14852.000000	49168.000000	30056.000000	0.051613	21866.876953
	0.002000	16820.000000	29204.000000	351.889435	0.050000	14577.917969
	0.002000	16760.000000	2526.648438	351.889435	0.040000	14577.917969
	0.003000	11280.000000	3789.972412	30492.000000	0.050000	21866.876953
	0.004000	11280.000000	5053.296875	30084.000000	0.080000	29155.835938
	0.003000	11064.000000	35840.000000	29864.000000	0.060000	21866.876953
	0.004000	27296.000000	35840.000000	30124.000000	0.050000	29155.835938
	0.004000	6492.000000	37184.000000	33468.000000	0.040000	29155.835938
	0.009000	6492.000000	37188.000000	33456.000000	0.080000	65600.625000
	0.002000	20932.000000	51728.000000	32860.000000	0.100000	14577.917969
	0.003000	20936.000000	49808.000000	32896.000000	0.080000	21866.876953
	0.003000	16128.000000	52124.000000	28636.000000	0.090000	21866.876953
	0.044000	16660.000000	28412.000000	28632.000000	0.080000	320714.156250
	0.025000	10696.000000	48996.000000	31556.000000	0.740000	182223.984375
	0.034000	22580.000000	28184.000000	28652.000000	0.450000	247824.625000
	0.024000	16364.000000	57416.000000	29952.000000	0.080000	174935.015625
	0.021000	6612.000000	48752.000000	29856.000000	0.080000	153068.140625
	0.020000	10536.000000	51796.000000	29792.000000	0.344086	145779.171875
	----		----		----		----
	16650.298828	1384241.750000	38776572.000000	4003094.750000	141989.546875	52448032.000000
	-		---		-------		----		------
	2.433000	6716.000000	3073667.750000	428073.500000	0.030000	17734038.000000
	0.012000	6716.000000	49068.000000	2111.336426	0.070000	87467.507812
	0.009000	24604.000000	24072.000000	32688.000000	0.160000	10327.000000
	0.009000	24596.000000	48964.000000	32820.000000	0.040000	34438.000000
	0.009000	6496.000000	23052.000000	29728.000000	0.050000	11615.000000
	0.199000	15828.000000	251401.500000	29824.000000	0.080000	16611.000000
	0.041000	15884.000000	51796.289062	30108.000000	9.080000	298847.343750
	0.040000	4512.000000	51572.000000	30096.000000	3.480000	291558.343750
	0.038000	17852.000000	51568.000000	6685.898438	3.160000	276980.406250
	0.001000	17908.000000	37992.000000	175.944717	0.080000	7288.958984
	0.000100	6492.000000	28636.000000	28708.000000	0.050000	728.895874
	0.001000	15984.000000	1263.324219	29924.000000	0.050000	7288.958984
	0.001000	25908.000000	1263.324219	30252.000000	0.040000	7288.958984
	0.050000	21952.000000	63166.210938	30004.000000	0.080000	364447.968750
	0.024000	15924.000000	49036.000000	4222.672852	0.412903	174935.015625
	0.011000	15868.000000	22952.000000	1935.391724	0.189247	80178.539062
	0.013000	7432.000000	16423.214844	34888.000000	0.320000	94756.468750
	0.019000	7428.000000	24003.158203	34836.000000	0.320000	138490.203125
	0.018000	16028.000000	22739.832031	30064.000000	0.350000	131201.250000
	0.001000	16072.000000	1263.324219	29960.000000	0.110000	7288.958984
	0.001000	7048.000000	1263.324219	29816.000000	0.050000	7288.958984
	0.000100	15840.000000	126.332420	29844.000000	0.030000	728.895874
	0.001000	15060.000000	1263.324219	31604.000000	0.050000	7288.958984
	0.001000	18400.000000	48860.000000	31604.000000	0.080000	7288.958984
	0.000100	19132.000000	48860.000000	30044.000000	0.001720	728.895874
	0.003000	14852.000000	49168.000000	30056.000000	0.051613	21866.876953
	0.002000	16820.000000	29204.000000	351.889435	0.050000	14577.917969
	0.002000	16760.000000	2526.648438	351.889435	0.040000	14577.917969
	0.003000	11280.000000	3789.972412	30492.000000	0.050000	21866.876953
	0.004000	11280.000000	5053.296875	30084.000000	0.080000	29155.835938
	0.003000	11064.000000	35840.000000	29864.000000	0.060000	21866.876953
	0.004000	27296.000000	35840.000000	30124.000000	0.050000	29155.835938
	0.004000	6492.000000	37184.000000	33468.000000	0.040000	29155.835938
	0.009000	6492.000000	37188.000000	33456.000000	0.080000	65600.625000
	0.002000	20932.000000	51728.000000	32860.000000	0.100000	14577.917969
	0.003000	20936.000000	49808.000000	32896.000000	0.080000	21866.876953
	0.003000	16128.000000	52124.000000	28636.000000	0.090000	21866.876953
	0.044000	16660.000000	28412.000000	28632.000000	0.080000	320714.156250
	0.025000	10696.000000	48996.000000	31556.000000	0.740000	182223.984375
	0.034000	22580.000000	28184.000000	28652.000000	0.450000	247824.625000
	0.024000	16364.000000	57416.000000	29952.000000	0.080000	174935.015625
	0.021000	6612.000000	48752.000000	29856.000000	0.080000	153068.140625
	0.020000	10536.000000	51796.000000	29792.000000	0.344086	145779.171875
	440.000000	840.000000	1292.000000	16988.000000	4540.000000	4656.000000
	440.000000	444.000000	1001297.75000**	11804.000000	4532.000000	4532.000000
	520.000000	808.000000	1183351.87500**	11800.000000	5172.000000	1108112.37500**
	516.000000	932.000000	1174249.12500**	28164.000000	3488.99438**	4528.000000
	412.000000	932.000000	2588.000000	212396.000000	2785.78638**	4532.000000
	420.000000	964.000000	3136.000000	12096.000000	2839.87939**	895013.81250**
	512.000000	960.000000	17344.000000	13792.000000	3461.94824**	1091064.37500**
	500.000000	936.000000	17360.000000	30080.000000	4980.000000	1065492.62500**
	508.000000	5876.000000	1156043.75000**	30900.000000	4984.000000	1082540.50000**
	500.000000	404.000000	1137838.37500**	11840.000000	5028.000000	4524.000000
	448.000000	408.000000	1019503.18750**	11780.000000	5164.000000	4552.000000
	480.000000	4996.000000	1092324.75000**	13384.000000	3245.57642**	4536.000000
	444.000000	940.000000	1010400.43750**	13264.000000	3002.15820**	4592.000000
	404.000000	1020.000000	919373.37500**	16464.000000	2731.69360**	8468.000000
	436.000000	832.000000	992195.00000**	19640.000000	2948.06543**	6628.000000
	440.000000	928.000000	1001297.75000**	11752.000000	4624.000000	4544.000000
	440.000000	936.000000	1001297.75000**	14264.000000	4628.000000	4560.000000
	436.000000	804.000000	992195.00000**	11896.000000	4652.000000	929109.56250**
	428.000000	1020.000000	973989.62500**	11820.000000	5188.000000	912061.68750**
	408.000000	420.000000	928476.06250**	13448.000000	4528.000000	869441.93750**
	400.000000	408.000000	910270.68750**	12756.000000	4736.000000	852394.12500**
	404.000000	456.000000	919373.37500**	14476.000000	4532.000000	4544.000000
	520.000000	860.000000	1183351.87500**	16532.000000	5164.000000	4544.000000
	520.000000	808.000000	1183351.87500**	13528.000000	4668.000000	1108112.37500**
	524.000000	792.000000	1192454.50000**	19604.000000	4668.000000	1116636.25000**
	520.000000	1748.000000	1183351.87500**	18128.000000	4556.000000	4544.000000
	456.000000	1748.000000	1037708.56250**	56948.000000	5168.000000	4540.000000
	464.000000	8832.000000	1055914.00000**	21632.000000	3137.39038**	4568.000000
	2040.000000	8824.000000	4642380.50000**	21632.000000	13793.69922**	4540.000000
	444.000000	23955.85742**	1010400.43750**	76789.65625**	3002.15820**	4540.000000
	412.000000	22229.30859**	937578.75000**	71255.26562**	2785.78638**	4596.000000
	400.000000	21581.85352**	910270.68750**	69179.86719**	4508.000000	11440.000000
	408.000000	22013.48828**	928476.06250**	70563.46875**	4504.000000	4556.000000
	2.433000	6716.000000	3073667.750000	428073.500000	0.030000	17734038.000000
	0.012000	6716.000000	49068.000000	2111.336426	0.070000	87467.507812
	0.009000	24604.000000	24072.000000	32688.000000	0.160000	10327.000000
	0.009000	24596.000000	48964.000000	32820.000000	0.040000	34438.000000
	0.009000	6496.000000	23052.000000	29728.000000	0.050000	11615.000000
	0.199000	15828.000000	251401.500000	29824.000000	0.080000	16611.000000
	0.041000	15884.000000	51796.289062	30108.000000	9.080000	298847.343750
	0.040000	4512.000000	51572.000000	30096.000000	3.480000	291558.343750
	0.038000	17852.000000	51568.000000	6685.898438	3.160000	276980.406250
	0.001000	17908.000000	37992.000000	175.944717	0.080000	7288.958984
	0.000100	6492.000000	28636.000000	28708.000000	0.050000	728.895874
	0.001000	15984.000000	1263.324219	29924.000000	0.050000	7288.958984
	0.001000	25908.000000	1263.324219	30252.000000	0.040000	7288.958984
	0.050000	21952.000000	63166.210938	30004.000000	0.080000	364447.968750
	0.024000	15924.000000	49036.000000	4222.672852	0.412903	174935.015625
	0.011000	15868.000000	22952.000000	1935.391724	0.189247	80178.539062
	0.013000	7432.000000	16423.214844	34888.000000	0.320000	94756.468750
	0.019000	7428.000000	24003.158203	34836.000000	0.320000	138490.203125
	0.018000	16028.000000	22739.832031	30064.000000	0.350000	131201.250000
	0.001000	16072.000000	1263.324219	29960.000000	0.110000	7288.958984
	0.001000	7048.000000	1263.324219	29816.000000	0.050000	7288.958984
	0.000100	15840.000000	126.332420	29844.000000	0.030000	728.895874
	0.001000	15060.000000	1263.324219	31604.000000	0.050000	7288.958984
	0.001000	18400.000000	48860.000000	31604.000000	0.080000	7288.958984
	0.000100	19132.000000	48860.000000	30044.000000	0.001720	728.895874
	0.003000	14852.000000	49168.000000	30056.000000	0.051613	21866.876953
	0.002000	16820.000000	29204.000000	351.889435	0.050000	14577.917969
	0.002000	16760.000000	2526.648438	351.889435	0.040000	14577.917969
	0.003000	11280.000000	3789.972412	30492.000000	0.050000	21866.876953
	0.004000	11280.000000	5053.296875	30084.000000	0.080000	29155.835938
	0.003000	11064.000000	35840.000000	29864.000000	0.060000	21866.876953
	0.004000	27296.000000	35840.000000	30124.000000	0.050000	29155.835938
	0.004000	6492.000000	37184.000000	33468.000000	0.040000	29155.835938
	0.009000	6492.000000	37188.000000	33456.000000	0.080000	65600.625000
	0.002000	20932.000000	51728.000000	32860.000000	0.100000	14577.917969
	0.003000	20936.000000	49808.000000	32896.000000	0.080000	21866.876953
	0.003000	16128.000000	52124.000000	28636.000000	0.090000	21866.876953
	0.044000	16660.000000	28412.000000	28632.000000	0.080000	320714.156250
	0.025000	10696.000000	48996.000000	31556.000000	0.740000	182223.984375
	0.034000	22580.000000	28184.000000	28652.000000	0.450000	247824.625000
	0.024000	16364.000000	57416.000000	29952.000000	0.080000	174935.015625
	0.021000	6612.000000	48752.000000	29856.000000	0.080000	153068.140625
	0.020000	10536.000000	51796.000000	29792.000000	0.344086	145779.171875
	----		----		----		----
	16650.298828	1398576.500000	42015008.000000	4042789.750000	147788.890625	53802592.000000

