

	C		CPP		HASKELL		JAVA		PYTHON
	-		---		-------		----		------
	0.090000	1.240000	3.420000	3.160000	0.000000	0.000000
	0.090000	0.240000	0.580000	0.680000	0.000000	0.000000
	0.020000	0.270000	0.000000	0.680000	0.000000	0.000000
	0.010000	0.220000	0.000000	0.660000	0.000000	0.000000
	0.090000	0.270000	0.000000	0.650000	0.000000	0.000000
	0.090000	0.230000	0.000000	0.650000	0.000000	0.000000
	0.010000	0.220000	0.830000	0.670000	0.000000	0.000000
	0.010000	0.220000	0.260000	0.800000	0.000000	0.000000
	0.090000	0.250000	0.850000	0.630000	0.000000	0.000000
	0.050000	0.090000	0.580000	0.630000	0.000000	0.000000
	0.010000	0.490000	0.610000	0.640000	0.000000	0.000000
	0.020000	0.120000	0.260000	0.640000	0.000000	0.000000
	0.050000	0.130000	0.660000	0.610000	0.000000	0.000000
	0.040000	0.290000	0.280000	0.660000	0.000000	0.000000
	0.010000	0.230000	0.880000	0.640000	0.000000	0.000000
	0.010000	0.220000	0.240000	0.650000	0.000000	0.000000
	0.060000	0.080000	0.000000	0.720000	0.000000	0.000000
	0.060000	0.230000	0.650000	0.680000	0.000000	0.000000
	0.010000	0.280000	0.230000	0.690000	0.000000	0.000000
	0.010000	0.090000	0.570000	0.640000	0.000000	0.000000
	0.070000	0.250000	0.340000	0.000000	0.000000	0.000000
	0.060000	0.070000	0.000000	0.000000	0.000000	0.000000
	0.010000	0.230000	0.730000	0.670000	0.000000	0.000000
	0.020000	0.230000	0.260000	0.620000	0.000000	0.000000
	0.070000	0.090000	0.720000	0.640000	0.000000	0.000000
	0.040000	0.330000	0.690000	0.620000	0.000000	0.000000
	0.010000	0.090000	0.640000	0.000000	0.000000	0.000000
	0.010000	0.240000	0.270000	0.000000	0.000000	0.000000
	0.060000	0.120000	0.410000	0.640000	0.000000	0.000000
	0.060000	0.240000	0.410000	0.630000	0.000000	0.000000
	0.020000	0.240000	0.000000	0.620000	0.000000	0.000000
	0.010000	0.240000	0.000000	0.650000	0.000000	0.000000
	0.060000	0.100000	0.610000	0.000000	0.000000	0.000000
	0.050000	0.250000	0.590000	0.000000	0.000000	0.000000
	0.010000	0.270000	0.940000	0.610000	0.000000	0.000000
	0.010000	0.100000	0.870000	0.600000	0.000000	0.000000
	0.050000	0.080000	0.000000	0.640000	0.000000	0.000000
	0.050000	0.250000	0.600000	0.740000	0.000000	0.000000
	0.010000	0.280000	0.660000	0.640000	0.000000	0.000000
	0.010000	0.090000	0.550000	0.660000	0.000000	0.000000
	0.060000	0.090000	0.170000	0.690000	0.000000	0.000000
	0.090000	0.300000	0.000000	0.690000	0.000000	0.000000
	0.050000	0.350000	0.000000	0.660000	0.000000	0.000000
	0.050000	0.130000	0.000000	0.680000	0.000000	0.000000
	0.010000	0.090000	0.000000	0.600000	0.000000	0.000000
	0.020000	0.240000	0.000000	0.650000	0.000000	0.000000
	0.070000	0.110000	0.000000	0.620000	0.000000	0.000000
	0.050000	0.090000	0.000000	0.610000	0.000000	0.000000
	0.010000	0.080000	0.000000	0.670000	0.000000	0.000000
	0.010000	0.080000	0.000000	0.680000	0.000000	0.000000
	0.080000	0.090000	0.000000	0.640000	0.000000	0.000000
	0.050000	0.160000	0.000000	0.630000	0.000000	0.000000
	0.080000	0.000000	0.000000	0.000000	0.000000	0.000000
	0.050000	0.000000	0.000000	0.000000	0.000000	0.000000
	0.010000	0.000000	0.000000	0.000000	0.000000	0.000000
	0.020000	0.000000	0.000000	0.000000	0.000000	0.000000
	0.070000	0.000000	0.000000	0.000000	0.000000	0.000000
	0.050000	0.000000	0.000000	0.000000	0.000000	0.000000
	0.020000	0.000000	0.000000	0.000000	0.000000	0.000000
	0.010000	0.000000	0.000000	0.000000	0.000000	0.000000
	0.060000	0.000000	0.000000	0.000000	0.000000	0.000000
	0.050000	0.000000	0.000000	0.000000	0.000000	0.000000
	0.010000	0.000000	0.000000	0.000000	0.000000	0.000000
	0.010000	0.000000	0.000000	0.000000	0.000000	0.000000
	0.050000	0.000000	0.000000	0.000000	0.000000	0.000000
	0.050000	0.000000	0.000000	0.000000	0.000000	0.000000
	0.010000	0.000000	0.000000	0.000000	0.000000	0.000000
	0.010000	0.000000	0.000000	0.000000	0.000000	0.000000
	0.050000	0.000000	0.000000	0.000000	0.000000	0.000000
	0.050000	0.000000	0.000000	0.000000	0.000000	0.000000
	0.010000	0.000000	0.000000	0.000000	0.000000	0.000000
	0.010000	0.000000	0.000000	0.000000	0.000000	0.000000
	0.050000	0.000000	0.000000	0.000000	0.000000	0.000000
	0.060000	0.000000	0.000000	0.000000	0.000000	0.000000
	0.010000	0.000000	0.000000	0.000000	0.000000	0.000000
	0.010000	0.000000	0.000000	0.000000	0.000000	0.000000
	0.050000	0.000000	0.000000	0.000000	0.000000	0.000000
	0.060000	0.000000	0.000000	0.000000	0.000000	0.000000
	0.010000	0.000000	0.000000	0.000000	0.000000	0.000000
	0.010000	0.000000	0.000000	0.000000	0.000000	0.000000
	0.080000	0.000000	0.000000	0.000000	0.000000	0.000000
	0.080000	0.000000	0.000000	0.000000	0.000000	0.000000
	0.010000	0.000000	0.000000	0.000000	0.000000	0.000000
	0.010000	0.000000	0.000000	0.000000	0.000000	0.000000
	0.070000	0.000000	0.000000	0.000000	0.000000	0.000000
	0.040000	0.000000	0.000000	0.000000	0.000000	0.000000
	0.080000	0.000000	0.000000	0.000000	0.000000	0.000000
	0.060000	0.000000	0.000000	0.000000	0.000000	0.000000
	0.010000	0.000000	0.000000	0.000000	0.000000	0.000000
	0.010000	0.000000	0.000000	0.000000	0.000000	0.000000
	0.070000	0.000000	0.000000	0.000000	0.000000	0.000000
	0.060000	0.000000	0.000000	0.000000	0.000000	0.000000
	0.010000	0.000000	0.000000	0.000000	0.000000	0.000000
	0.010000	0.000000	0.000000	0.000000	0.000000	0.000000
	0.070000	0.000000	0.000000	0.000000	0.000000	0.000000
	0.050000	0.000000	0.000000	0.000000	0.000000	0.000000
	0.010000	0.000000	0.000000	0.000000	0.000000	0.000000
	0.020000	0.000000	0.000000	0.000000	0.000000	0.000000
	----		----		----		----
	3.759998	11.010000	20.360001	32.580002	0.000000	0.000000
	----		----		----		----
	1.000000	5.318843	17.401720	18.000008
	-		---		------		------
	C		CPP		HASKELL		JAVA		PYTHON
	-		---		-------		----		------
	0.090000	1.240000	3.420000	3.160000
	0.090000	0.240000	0.580000	0.680000
	0.020000	0.270000	0.34803*	0.680000
	0.010000	0.220000	0.17402*	0.660000
	0.090000	0.270000	1.56615*	0.650000
	0.090000	0.230000	1.56615*	0.650000
	0.010000	0.220000	0.830000	0.670000
	0.010000	0.220000	0.260000	0.800000
	0.090000	0.250000	0.850000	0.630000
	0.050000	0.090000	0.580000	0.630000
	0.010000	0.490000	0.610000	0.640000
	0.020000	0.120000	0.260000	0.640000
	0.050000	0.130000	0.660000	0.610000
	0.040000	0.290000	0.280000	0.660000
	0.010000	0.230000	0.880000	0.640000
	0.010000	0.220000	0.240000	0.650000
	0.060000	0.080000	1.04410*	0.720000
	0.060000	0.230000	0.650000	0.680000
	0.010000	0.280000	0.230000	0.690000
	0.010000	0.090000	0.570000	0.640000
	0.070000	0.250000	0.340000	1.26000*
	0.060000	0.070000	1.04410*	1.08000*
	0.010000	0.230000	0.730000	0.670000
	0.020000	0.230000	0.260000	0.620000
	0.070000	0.090000	0.720000	0.640000
	0.040000	0.330000	0.690000	0.620000
	0.010000	0.090000	0.640000	0.18000*
	0.010000	0.240000	0.270000	0.18000*
	0.060000	0.120000	0.410000	0.640000
	0.060000	0.240000	0.410000	0.630000
	0.020000	0.240000	0.34803*	0.620000
	0.010000	0.240000	0.17402*	0.650000
	0.060000	0.100000	0.610000	1.08000*
	0.050000	0.250000	0.590000	0.90000*
	0.010000	0.270000	0.940000	0.610000
	0.010000	0.100000	0.870000	0.600000
	0.050000	0.080000	0.87009*	0.640000
	0.050000	0.250000	0.600000	0.740000
	0.010000	0.280000	0.660000	0.640000
	0.010000	0.090000	0.550000	0.660000
	0.060000	0.090000	0.170000	0.690000
	0.090000	0.300000	1.56615*	0.690000
	0.050000	0.350000	0.87009*	0.660000
	0.050000	0.130000	0.87009*	0.680000
	0.010000	0.090000	0.17402*	0.600000
	0.020000	0.240000	0.34803*	0.650000
	0.070000	0.110000	1.21812*	0.620000
	0.050000	0.090000	0.87009*	0.610000
	0.010000	0.080000	0.17402*	0.670000
	0.010000	0.080000	0.17402*	0.680000
	0.080000	0.090000	1.39214*	0.640000
	0.050000	0.160000	0.87009*	0.630000
	0.080000	0.42551*	1.39214*	1.44000*
	0.050000	0.26594*	0.87009*	0.90000*
	0.010000	0.05319*	0.17402*	0.18000*
	0.020000	0.10638*	0.34803*	0.36000*
	0.070000	0.37232*	1.21812*	1.26000*
	0.050000	0.26594*	0.87009*	0.90000*
	0.020000	0.10638*	0.34803*	0.36000*
	0.010000	0.05319*	0.17402*	0.18000*
	0.060000	0.31913*	1.04410*	1.08000*
	0.050000	0.26594*	0.87009*	0.90000*
	0.010000	0.05319*	0.17402*	0.18000*
	0.010000	0.05319*	0.17402*	0.18000*
	0.050000	0.26594*	0.87009*	0.90000*
	0.050000	0.26594*	0.87009*	0.90000*
	0.010000	0.05319*	0.17402*	0.18000*
	0.010000	0.05319*	0.17402*	0.18000*
	0.050000	0.26594*	0.87009*	0.90000*
	0.050000	0.26594*	0.87009*	0.90000*
	0.010000	0.05319*	0.17402*	0.18000*
	0.010000	0.05319*	0.17402*	0.18000*
	0.050000	0.26594*	0.87009*	0.90000*
	0.060000	0.31913*	1.04410*	1.08000*
	0.010000	0.05319*	0.17402*	0.18000*
	0.010000	0.05319*	0.17402*	0.18000*
	0.050000	0.26594*	0.87009*	0.90000*
	0.060000	0.31913*	1.04410*	1.08000*
	0.010000	0.05319*	0.17402*	0.18000*
	0.010000	0.05319*	0.17402*	0.18000*
	0.080000	0.42551*	1.39214*	1.44000*
	0.080000	0.42551*	1.39214*	1.44000*
	0.010000	0.05319*	0.17402*	0.18000*
	0.010000	0.05319*	0.17402*	0.18000*
	0.070000	0.37232*	1.21812*	1.26000*
	0.040000	0.21275*	0.69607*	0.72000*
	0.080000	0.42551*	1.39214*	1.44000*
	0.060000	0.31913*	1.04410*	1.08000*
	0.010000	0.05319*	0.17402*	0.18000*
	0.010000	0.05319*	0.17402*	0.18000*
	0.070000	0.37232*	1.21812*	1.26000*
	0.060000	0.31913*	1.04410*	1.08000*
	0.010000	0.05319*	0.17402*	0.18000*
	0.010000	0.05319*	0.17402*	0.18000*
	0.070000	0.37232*	1.21812*	1.26000*
	0.050000	0.26594*	0.87009*	0.90000*
	0.010000	0.05319*	0.17402*	0.18000*
	0.020000	0.10638*	0.34803*	0.36000*
	----		----		----		----
	3.759998	19.998840	65.430489	67.680046
	-		---		-------		----		------
	0.090000	1.240000	3.420000	3.160000
	0.090000	0.240000	0.580000	0.680000
	0.020000	0.270000	0.38632**	0.680000
	0.010000	0.220000	0.19316**	0.660000
	0.090000	0.270000	1.73843**	0.650000
	0.090000	0.230000	1.73843**	0.650000
	0.010000	0.220000	0.830000	0.670000
	0.010000	0.220000	0.260000	0.800000
	0.090000	0.250000	0.850000	0.630000
	0.050000	0.090000	0.580000	0.630000
	0.010000	0.490000	0.610000	0.640000
	0.020000	0.120000	0.260000	0.640000
	0.050000	0.130000	0.660000	0.610000
	0.040000	0.290000	0.280000	0.660000
	0.010000	0.230000	0.880000	0.640000
	0.010000	0.220000	0.240000	0.650000
	0.060000	0.080000	1.15895**	0.720000
	0.060000	0.230000	0.650000	0.680000
	0.010000	0.280000	0.230000	0.690000
	0.010000	0.090000	0.570000	0.640000
	0.070000	0.250000	0.340000	1.46160**
	0.060000	0.070000	1.15895**	1.25280**
	0.010000	0.230000	0.730000	0.670000
	0.020000	0.230000	0.260000	0.620000
	0.070000	0.090000	0.720000	0.640000
	0.040000	0.330000	0.690000	0.620000
	0.010000	0.090000	0.640000	0.20880**
	0.010000	0.240000	0.270000	0.20880**
	0.060000	0.120000	0.410000	0.640000
	0.060000	0.240000	0.410000	0.630000
	0.020000	0.240000	0.38632**	0.620000
	0.010000	0.240000	0.19316**	0.650000
	0.060000	0.100000	0.610000	1.25280**
	0.050000	0.250000	0.590000	1.04400**
	0.010000	0.270000	0.940000	0.610000
	0.010000	0.100000	0.870000	0.600000
	0.050000	0.080000	0.96580**	0.640000
	0.050000	0.250000	0.600000	0.740000
	0.010000	0.280000	0.660000	0.640000
	0.010000	0.090000	0.550000	0.660000
	0.060000	0.090000	0.170000	0.690000
	0.090000	0.300000	1.73843**	0.690000
	0.050000	0.350000	0.96580**	0.660000
	0.050000	0.130000	0.96580**	0.680000
	0.010000	0.090000	0.19316**	0.600000
	0.020000	0.240000	0.38632**	0.650000
	0.070000	0.110000	1.35211**	0.620000
	0.050000	0.090000	0.96580**	0.610000
	0.010000	0.080000	0.19316**	0.670000
	0.010000	0.080000	0.19316**	0.680000
	0.080000	0.090000	1.54527**	0.640000
	0.050000	0.160000	0.96580**	0.630000
	0.080000	0.50635**	1.54527**	1.67040**
	0.050000	0.31647**	0.96580**	1.04400**
	0.010000	0.06329**	0.19316**	0.20880**
	0.020000	0.12659**	0.38632**	0.41760**
	0.070000	0.44306**	1.35211**	1.46160**
	0.050000	0.31647**	0.96580**	1.04400**
	0.020000	0.12659**	0.38632**	0.41760**
	0.010000	0.06329**	0.19316**	0.20880**
	0.060000	0.37977**	1.15895**	1.25280**
	0.050000	0.31647**	0.96580**	1.04400**
	0.010000	0.06329**	0.19316**	0.20880**
	0.010000	0.06329**	0.19316**	0.20880**
	0.050000	0.31647**	0.96580**	1.04400**
	0.050000	0.31647**	0.96580**	1.04400**
	0.010000	0.06329**	0.19316**	0.20880**
	0.010000	0.06329**	0.19316**	0.20880**
	0.050000	0.31647**	0.96580**	1.04400**
	0.050000	0.31647**	0.96580**	1.04400**
	0.010000	0.06329**	0.19316**	0.20880**
	0.010000	0.06329**	0.19316**	0.20880**
	0.050000	0.31647**	0.96580**	1.04400**
	0.060000	0.37977**	1.15895**	1.25280**
	0.010000	0.06329**	0.19316**	0.20880**
	0.010000	0.06329**	0.19316**	0.20880**
	0.050000	0.31647**	0.96580**	1.04400**
	0.060000	0.37977**	1.15895**	1.25280**
	0.010000	0.06329**	0.19316**	0.20880**
	0.010000	0.06329**	0.19316**	0.20880**
	0.080000	0.50635**	1.54527**	1.67040**
	0.080000	0.50635**	1.54527**	1.67040**
	0.010000	0.06329**	0.19316**	0.20880**
	0.010000	0.06329**	0.19316**	0.20880**
	0.070000	0.44306**	1.35211**	1.46160**
	0.040000	0.25318**	0.77264**	0.83520**
	0.080000	0.50635**	1.54527**	1.67040**
	0.060000	0.37977**	1.15895**	1.25280**
	0.010000	0.06329**	0.19316**	0.20880**
	0.010000	0.06329**	0.19316**	0.20880**
	0.070000	0.44306**	1.35211**	1.46160**
	0.060000	0.37977**	1.15895**	1.25280**
	0.010000	0.06329**	0.19316**	0.20880**
	0.010000	0.06329**	0.19316**	0.20880**
	0.070000	0.44306**	1.35211**	1.46160**
	0.050000	0.31647**	0.96580**	1.04400**
	0.010000	0.06329**	0.19316**	0.20880**
	0.020000	0.12659**	0.38632**	0.41760**
	----		----		----		----
	3.759998	21.706717	70.388153	73.296021


	C		CPP		HASKELL		JAVA		PYTHON
	-		---		-------		----		------

	5592.000000	15784.000000	35520.000000	28636.000000	0.000000	0.000000
	5688.000000	15792.000000	35520.000000	28604.000000	0.000000	0.000000
	3576.000000	16144.000000	0.000000	29820.000000	0.000000	0.000000
	3468.000000	15868.000000	0.000000	28868.000000	0.000000	0.000000
	5508.000000	17644.000000	0.000000	28640.000000	0.000000	0.000000
	5800.000000	15992.000000	0.000000	28880.000000	0.000000	0.000000
	3576.000000	15892.000000	35840.000000	31680.000000	0.000000	0.000000
	3576.000000	15892.000000	28608.000000	34524.000000	0.000000	0.000000
	5880.000000	15984.000000	48392.000000	29828.000000	0.000000	0.000000
	5648.000000	6552.000000	48396.000000	29780.000000	0.000000	0.000000
	3588.000000	22036.000000	48256.000000	29636.000000	0.000000	0.000000
	3608.000000	6560.000000	25744.000000	28672.000000	0.000000	0.000000
	5568.000000	6492.000000	48568.000000	28644.000000	0.000000	0.000000
	5576.000000	16760.000000	22760.000000	29956.000000	0.000000	0.000000
	3628.000000	15848.000000	50840.000000	28600.000000	0.000000	0.000000
	3572.000000	15848.000000	24516.000000	28644.000000	0.000000	0.000000
	5524.000000	6496.000000	0.000000	31640.000000	0.000000	0.000000
	5596.000000	16084.000000	48936.000000	30160.000000	0.000000	0.000000
	3628.000000	19244.000000	26268.000000	32740.000000	0.000000	0.000000
	3596.000000	6492.000000	35468.000000	29796.000000	0.000000	0.000000
	5488.000000	15892.000000	28736.000000	0.000000	0.000000	0.000000
	5476.000000	6492.000000	0.000000	0.000000	0.000000	0.000000
	3572.000000	16056.000000	48432.000000	32792.000000	0.000000	0.000000
	3568.000000	15992.000000	25600.000000	28620.000000	0.000000	0.000000
	5592.000000	6492.000000	49424.000000	28632.000000	0.000000	0.000000
	5552.000000	18656.000000	49424.000000	28628.000000	0.000000	0.000000
	3588.000000	6648.000000	37036.000000	0.000000	0.000000	0.000000
	3576.000000	15988.000000	28096.000000	0.000000	0.000000	0.000000
	5536.000000	6560.000000	34824.000000	28928.000000	0.000000	0.000000
	5548.000000	15984.000000	34824.000000	30320.000000	0.000000	0.000000
	3636.000000	16088.000000	0.000000	28612.000000	0.000000	0.000000
	3632.000000	16088.000000	0.000000	30348.000000	0.000000	0.000000
	5576.000000	6856.000000	48468.000000	0.000000	0.000000	0.000000
	5576.000000	16244.000000	48472.000000	0.000000	0.000000	0.000000
	3564.000000	18380.000000	41088.000000	28616.000000	0.000000	0.000000
	3564.000000	6496.000000	41092.000000	28620.000000	0.000000	0.000000
	5668.000000	6560.000000	0.000000	28712.000000	0.000000	0.000000
	5592.000000	18676.000000	49180.000000	29892.000000	0.000000	0.000000
	3664.000000	15872.000000	51048.000000	30060.000000	0.000000	0.000000
	3584.000000	6520.000000	48964.000000	29952.000000	0.000000	0.000000
	5864.000000	6488.000000	22064.000000	28608.000000	0.000000	0.000000
	5660.000000	18068.000000	0.000000	29912.000000	0.000000	0.000000
	5676.000000	20176.000000	0.000000	31552.000000	0.000000	0.000000
	5528.000000	6932.000000	0.000000	31536.000000	0.000000	0.000000
	3572.000000	6548.000000	0.000000	28632.000000	0.000000	0.000000
	3632.000000	16124.000000	0.000000	28636.000000	0.000000	0.000000
	5456.000000	6664.000000	0.000000	28640.000000	0.000000	0.000000
	5548.000000	6596.000000	0.000000	28604.000000	0.000000	0.000000
	3560.000000	6492.000000	0.000000	29888.000000	0.000000	0.000000
	3560.000000	6504.000000	0.000000	29868.000000	0.000000	0.000000
	5560.000000	6700.000000	0.000000	29816.000000	0.000000	0.000000
	5528.000000	10564.000000	0.000000	28640.000000	0.000000	0.000000
	5632.000000	0.000000	0.000000	0.000000	0.000000	0.000000
	5524.000000	0.000000	0.000000	0.000000	0.000000	0.000000
	3576.000000	0.000000	0.000000	0.000000	0.000000	0.000000
	3636.000000	0.000000	0.000000	0.000000	0.000000	0.000000
	5724.000000	0.000000	0.000000	0.000000	0.000000	0.000000
	5516.000000	0.000000	0.000000	0.000000	0.000000	0.000000
	3588.000000	0.000000	0.000000	0.000000	0.000000	0.000000
	3580.000000	0.000000	0.000000	0.000000	0.000000	0.000000
	5588.000000	0.000000	0.000000	0.000000	0.000000	0.000000
	5560.000000	0.000000	0.000000	0.000000	0.000000	0.000000
	3584.000000	0.000000	0.000000	0.000000	0.000000	0.000000
	3584.000000	0.000000	0.000000	0.000000	0.000000	0.000000
	5452.000000	0.000000	0.000000	0.000000	0.000000	0.000000
	5456.000000	0.000000	0.000000	0.000000	0.000000	0.000000
	3572.000000	0.000000	0.000000	0.000000	0.000000	0.000000
	3468.000000	0.000000	0.000000	0.000000	0.000000	0.000000
	5480.000000	0.000000	0.000000	0.000000	0.000000	0.000000
	5708.000000	0.000000	0.000000	0.000000	0.000000	0.000000
	3576.000000	0.000000	0.000000	0.000000	0.000000	0.000000
	3572.000000	0.000000	0.000000	0.000000	0.000000	0.000000
	5500.000000	0.000000	0.000000	0.000000	0.000000	0.000000
	5652.000000	0.000000	0.000000	0.000000	0.000000	0.000000
	3596.000000	0.000000	0.000000	0.000000	0.000000	0.000000
	3588.000000	0.000000	0.000000	0.000000	0.000000	0.000000
	5596.000000	0.000000	0.000000	0.000000	0.000000	0.000000
	5664.000000	0.000000	0.000000	0.000000	0.000000	0.000000
	3572.000000	0.000000	0.000000	0.000000	0.000000	0.000000
	3568.000000	0.000000	0.000000	0.000000	0.000000	0.000000
	5720.000000	0.000000	0.000000	0.000000	0.000000	0.000000
	5944.000000	0.000000	0.000000	0.000000	0.000000	0.000000
	3592.000000	0.000000	0.000000	0.000000	0.000000	0.000000
	3592.000000	0.000000	0.000000	0.000000	0.000000	0.000000
	5612.000000	0.000000	0.000000	0.000000	0.000000	0.000000
	5612.000000	0.000000	0.000000	0.000000	0.000000	0.000000
	6864.000000	0.000000	0.000000	0.000000	0.000000	0.000000
	5664.000000	0.000000	0.000000	0.000000	0.000000	0.000000
	3592.000000	0.000000	0.000000	0.000000	0.000000	0.000000
	3580.000000	0.000000	0.000000	0.000000	0.000000	0.000000
	5556.000000	0.000000	0.000000	0.000000	0.000000	0.000000
	5816.000000	0.000000	0.000000	0.000000	0.000000	0.000000
	3572.000000	0.000000	0.000000	0.000000	0.000000	0.000000
	3564.000000	0.000000	0.000000	0.000000	0.000000	0.000000
	5848.000000	0.000000	0.000000	0.000000	0.000000	0.000000
	5700.000000	0.000000	0.000000	0.000000	0.000000	0.000000
	3576.000000	0.000000	0.000000	0.000000	0.000000	0.000000
	3580.000000	0.000000	0.000000	0.000000	0.000000	0.000000
	-		---		-------		----		------
	457988.000000	653800.000000	1250404.000000	1364812.000000	0.000000	0.000000
	----		----		----		----
	1.000000	2.691731	8.487443	6.389210
	-		---		-------		----		------
	C		CPP		HASKELL		JAVA		PYTHON
	-		---		-------		----		------
	5592.000000	15784.000000	35520.000000	28636.000000
	5688.000000	15792.000000	35520.000000	28604.000000
	3576.000000	16144.000000	30351.09570*	29820.000000
	3468.000000	15868.000000	29434.45312*	28868.000000
	5508.000000	17644.000000	46748.83594*	28640.000000
	5800.000000	15992.000000	49227.16797*	28880.000000
	3576.000000	15892.000000	35840.000000	31680.000000
	3576.000000	15892.000000	28608.000000	34524.000000
	5880.000000	15984.000000	48392.000000	29828.000000
	5648.000000	6552.000000	48396.000000	29780.000000
	3588.000000	22036.000000	48256.000000	29636.000000
	3608.000000	6560.000000	25744.000000	28672.000000
	5568.000000	6492.000000	48568.000000	28644.000000
	5576.000000	16760.000000	22760.000000	29956.000000
	3628.000000	15848.000000	50840.000000	28600.000000
	3572.000000	15848.000000	24516.000000	28644.000000
	5524.000000	6496.000000	46884.63672*	31640.000000
	5596.000000	16084.000000	48936.000000	30160.000000
	3628.000000	19244.000000	26268.000000	32740.000000
	3596.000000	6492.000000	35468.000000	29796.000000
	5488.000000	15892.000000	28736.000000	35063.98438*
	5476.000000	6492.000000	46477.23828*	34987.31641*
	3572.000000	16056.000000	48432.000000	32792.000000
	3568.000000	15992.000000	25600.000000	28620.000000
	5592.000000	6492.000000	49424.000000	28632.000000
	5552.000000	18656.000000	49424.000000	28628.000000
	3588.000000	6648.000000	37036.000000	22924.48633*
	3576.000000	15988.000000	28096.000000	22847.81641*
	5536.000000	6560.000000	34824.000000	28928.000000
	5548.000000	15984.000000	34824.000000	30320.000000
	3636.000000	16088.000000	30860.34180*	28612.000000
	3632.000000	16088.000000	30826.39258*	30348.000000
	5576.000000	6856.000000	48468.000000	35626.23438*
	5576.000000	16244.000000	48472.000000	35626.23438*
	3564.000000	18380.000000	41088.000000	28616.000000
	3564.000000	6496.000000	41092.000000	28620.000000
	5668.000000	6560.000000	48106.82812*	28712.000000
	5592.000000	18676.000000	49180.000000	29892.000000
	3664.000000	15872.000000	51048.000000	30060.000000
	3584.000000	6520.000000	48964.000000	29952.000000
	5864.000000	6488.000000	22064.000000	28608.000000
	5660.000000	18068.000000	48038.92578*	29912.000000
	5676.000000	20176.000000	48174.72656*	31552.000000
	5528.000000	6932.000000	46918.58594*	31536.000000
	3572.000000	6548.000000	30317.14648*	28632.000000
	3632.000000	16124.000000	30826.39258*	28636.000000
	5456.000000	6664.000000	46307.48828*	28640.000000
	5548.000000	6596.000000	47088.33203*	28604.000000
	3560.000000	6492.000000	30215.29688*	29888.000000
	3560.000000	6504.000000	30215.29688*	29868.000000
	5560.000000	6700.000000	47190.18359*	29816.000000
	5528.000000	10564.000000	46918.58594*	28640.000000
	5632.000000	15159.83008*	47801.27734*	35984.03125*
	5524.000000	14869.12305*	46884.63672*	35293.99609*
	3576.000000	9625.63086*	30351.09570*	22847.81641*
	3636.000000	9787.13477*	30860.34180*	23231.16797*
	5724.000000	15407.46973*	48582.12500*	36571.83984*
	5516.000000	14847.58984*	46816.73438*	35242.88281*
	3588.000000	9657.93164*	30452.94531*	22924.48633*
	3580.000000	9636.39746*	30385.04492*	22873.37305*
	5588.000000	15041.39355*	47427.83203*	35702.90625*
	5560.000000	14966.02539*	47190.18359*	35524.00781*
	3584.000000	9647.16504*	30418.99609*	22898.92969*
	3584.000000	9647.16504*	30418.99609*	22898.92969*
	5452.000000	14675.31836*	46273.53906*	34833.97266*
	5456.000000	14686.08594*	46307.48828*	34859.53125*
	3572.000000	9614.86426*	30317.14648*	22822.25977*
	3468.000000	9334.92383*	29434.45312*	22157.78125*
	5480.000000	14750.68750*	46511.18750*	35012.87109*
	5708.000000	15364.40137*	48446.32422*	36469.61328*
	3576.000000	9625.63086*	30351.09570*	22847.81641*
	3572.000000	9614.86426*	30317.14648*	22822.25977*
	5500.000000	14804.52148*	46680.93750*	35140.65625*
	5652.000000	15213.66504*	47971.02734*	36111.81641*
	3596.000000	9679.46582*	30520.84570*	22975.59961*
	3588.000000	9657.93164*	30452.94531*	22924.48633*
	5596.000000	15062.92773*	47495.73047*	35754.01953*
	5664.000000	15245.96582*	48072.87891*	36188.48828*
	3572.000000	9614.86426*	30317.14648*	22822.25977*
	3568.000000	9604.09668*	30283.19727*	22796.70117*
	5720.000000	15396.70215*	48548.17188*	36546.28125*
	5944.000000	15999.65039*	50449.35938*	37977.46484*
	3592.000000	9668.69824*	30486.89453*	22950.04297*
	3592.000000	9668.69824*	30486.89453*	22950.04297*
	5612.000000	15105.99512*	47631.53125*	35856.24609*
	5612.000000	15105.99512*	47631.53125*	35856.24609*
	6864.000000	18476.04297*	58257.80859*	43855.53906*
	5664.000000	15245.96582*	48072.87891*	36188.48828*
	3592.000000	9668.69824*	30486.89453*	22950.04297*
	3580.000000	9636.39746*	30385.04492*	22873.37305*
	5556.000000	14955.25879*	47156.23438*	35498.45312*
	5816.000000	15655.10840*	49362.96875*	37159.64844*
	3572.000000	9614.86426*	30317.14648*	22822.25977*
	3564.000000	9593.33008*	30249.24609*	22771.14453*
	5848.000000	15741.24414*	49634.56641*	37364.10156*
	5700.000000	15342.86816*	48378.42578*	36418.50000*
	3576.000000	9625.63086*	30351.09570*	22847.81641*
	3580.000000	9636.39746*	30385.04492*	22873.37305*
	----		----		----		----
	457988.000000	1232780.625000	3887147.750000	2926181.250000
	-		---		-------		----		------
	5592.000000	15784.000000	35520.000000	28636.000000
	5688.000000	15792.000000	35520.000000	28604.000000
	3576.000000	16144.000000	33689.71484**	29820.000000
	3468.000000	15868.000000	32672.24219**	28868.000000
	5508.000000	17644.000000	51891.20703**	28640.000000
	5800.000000	15992.000000	54642.15625**	28880.000000
	3576.000000	15892.000000	35840.000000	31680.000000
	3576.000000	15892.000000	28608.000000	34524.000000
	5880.000000	15984.000000	48392.000000	29828.000000
	5648.000000	6552.000000	48396.000000	29780.000000
	3588.000000	22036.000000	48256.000000	29636.000000
	3608.000000	6560.000000	25744.000000	28672.000000
	5568.000000	6492.000000	48568.000000	28644.000000
	5576.000000	16760.000000	22760.000000	29956.000000
	3628.000000	15848.000000	50840.000000	28600.000000
	3572.000000	15848.000000	24516.000000	28644.000000
	5524.000000	6496.000000	52041.94531**	31640.000000
	5596.000000	16084.000000	48936.000000	30160.000000
	3628.000000	19244.000000	26268.000000	32740.000000
	3596.000000	6492.000000	35468.000000	29796.000000
	5488.000000	15892.000000	28736.000000	40674.22266**
	5476.000000	6492.000000	51589.73438**	40585.28516**
	3572.000000	16056.000000	48432.000000	32792.000000
	3568.000000	15992.000000	25600.000000	28620.000000
	5592.000000	6492.000000	49424.000000	28632.000000
	5552.000000	18656.000000	49424.000000	28628.000000
	3588.000000	6648.000000	37036.000000	26592.40430**
	3576.000000	15988.000000	28096.000000	26503.46680**
	5536.000000	6560.000000	34824.000000	28928.000000
	5548.000000	15984.000000	34824.000000	30320.000000
	3636.000000	16088.000000	34254.98047**	28612.000000
	3632.000000	16088.000000	34217.29688**	30348.000000
	5576.000000	6856.000000	48468.000000	41326.43359**
	5576.000000	16244.000000	48472.000000	41326.43359**
	3564.000000	18380.000000	41088.000000	28616.000000
	3564.000000	6496.000000	41092.000000	28620.000000
	5668.000000	6560.000000	53398.57812**	28712.000000
	5592.000000	18676.000000	49180.000000	29892.000000
	3664.000000	15872.000000	51048.000000	30060.000000
	3584.000000	6520.000000	48964.000000	29952.000000
	5864.000000	6488.000000	22064.000000	28608.000000
	5660.000000	18068.000000	53323.20703**	29912.000000
	5676.000000	20176.000000	53473.94531**	31552.000000
	5528.000000	6932.000000	52079.62891**	31536.000000
	3572.000000	6548.000000	33652.03125**	28632.000000
	3632.000000	16124.000000	34217.29688**	28636.000000
	5456.000000	6664.000000	51401.31250**	28640.000000
	5548.000000	6596.000000	52268.04688**	28604.000000
	3560.000000	6492.000000	33538.98047**	29888.000000
	3560.000000	6504.000000	33538.98047**	29868.000000
	5560.000000	6700.000000	52381.10547**	29816.000000
	5528.000000	10564.000000	52079.62891**	28640.000000
	5632.000000	18040.19727**	53059.41797**	41741.47656**
	5524.000000	17694.25586**	52041.94531**	40941.03516**
	3576.000000	11454.50098**	33689.71484**	26503.46680**
	3636.000000	11646.69043**	34254.98047**	26948.15430**
	5724.000000	18334.88867**	53926.16016**	42423.33594**
	5516.000000	17668.63281**	51966.57422**	40881.74219**
	3588.000000	11492.93848**	33802.76953**	26592.40430**
	3580.000000	11467.31250**	33727.39844**	26533.11328**
	5588.000000	17899.25781**	52644.89453**	41415.37109**
	5560.000000	17809.57031**	52381.10547**	41207.84766**
	3584.000000	11480.12598**	33765.08594**	26562.75781**
	3584.000000	11480.12598**	33765.08594**	26562.75781**
	5452.000000	17463.62891**	51363.62891**	40407.41016**
	5456.000000	17476.44141**	51401.31250**	40437.05469**
	3572.000000	11441.68848**	33652.03125**	26473.82227**
	3468.000000	11108.55957**	32672.24219**	25703.02539**
	5480.000000	17553.31836**	51627.41797**	40614.92969**
	5708.000000	18283.63672**	53775.41797**	42304.75000**
	3576.000000	11454.50098**	33689.71484**	26503.46680**
	3572.000000	11441.68848**	33652.03125**	26473.82227**
	5500.000000	17617.38086**	51815.83984**	40763.16016**
	5652.000000	18104.26172**	53247.83984**	41889.70703**
	3596.000000	11518.56445**	33878.14062**	26651.69531**
	3588.000000	11492.93848**	33802.76953**	26592.40430**
	5596.000000	17924.88477**	52720.26172**	41474.66406**
	5664.000000	18142.69922**	53360.89453**	41978.64453**
	3572.000000	11441.68848**	33652.03125**	26473.82227**
	3568.000000	11428.87500**	33614.34766**	26444.17383**
	5720.000000	18322.07617**	53888.47266**	42393.68750**
	5944.000000	19039.58398**	55998.78906**	44053.85938**
	3592.000000	11505.75098**	33840.45312**	26622.05078**
	3592.000000	11505.75098**	33840.45312**	26622.05078**
	5612.000000	17976.13477**	52871.00000**	41593.24609**
	5612.000000	17976.13477**	52871.00000**	41593.24609**
	6864.000000	21986.49023**	64666.16797**	50872.42578**
	5664.000000	18142.69922**	53360.89453**	41978.64453**
	3592.000000	11505.75098**	33840.45312**	26622.05078**
	3580.000000	11467.31250**	33727.39844**	26533.11328**
	5556.000000	17796.75781**	52343.42188**	41178.20703**
	5816.000000	18629.57812**	54792.89453**	43105.19141**
	3572.000000	11441.68848**	33652.03125**	26473.82227**
	3564.000000	11416.06250**	33576.66406**	26414.52734**
	5848.000000	18732.08008**	55094.36719**	43342.35938**
	5700.000000	18258.01367**	53700.05078**	42245.46094**
	3576.000000	11454.50098**	33689.71484**	26503.46680**
	3580.000000	11467.31250**	33727.39844**	26533.11328**
	----		----		----		----
	457988.000000	1342787.250000	4177189.500000	3176001.000000


	C		CPP		JAVA		PYTHON
	-		---		----		------
	0.015000	0.144000	0.051000	0.820000	0.110000	0.063244
	0.010000	0.007000	0.051000	0.200000	0.100000	0.000000
	0.010000	0.002000	0.000000	0.100000	0.040000	0.002203
	0.010000	0.003000	0.000000	0.110000	0.030000	0.002279
	0.000100	0.009000	0.000000	0.170000	0.690000	0.405762
	0.001000	0.003000	0.000000	0.330000	0.380000	0.201690
	0.002000	0.001000	0.003000	0.100000	0.030000	0.000922
	0.001000	0.001000	0.002000	0.170000	0.030000	0.001139
	0.006000	0.001000	0.130000	0.090000	0.030000	0.000224
	0.006000	0.001000	0.131000	0.110000	0.030000	0.000434
	0.006000	0.001000	0.016000	0.100000	0.030000	0.000222
	0.006000	0.002000	0.017000	0.100000	0.030000	0.000204
	0.000100	0.012000	0.008000	0.670000	0.610000	0.390470
	0.001000	0.064000	0.009000	0.580000	0.220000	0.142383
	0.001000	0.011000	0.004000	0.160000	0.340000	0.167896
	0.001000	0.016000	0.006000	0.160000	0.350000	0.179581
	0.001000	0.002000	0.000000	0.140000	0.040000	0.002392
	0.000100	0.008000	0.006000	0.320000	0.030000	0.002099
	0.001000	0.002000	0.005000	0.100000	0.040000	0.011556
	0.001000	0.001000	0.017000	0.100000	0.030000	0.001690
	0.000100	0.049000	0.014000	0.000000	0.000000	0.000000
	0.001000	0.001000	0.000000	0.000000	0.000000	0.000000
	0.000100	0.004000	0.004000	0.100000	0.030000	0.000687
	0.000100	0.001000	0.005000	0.110000	0.030000	0.000633
	0.007000	0.009000	0.008000	0.190000	0.160000	0.131374
	0.009000	0.002000	0.008000	0.340000	0.040000	0.014594
	0.015000	0.001000	0.002000	0.000000	0.000000	0.000000
	0.016000	0.005000	0.001000	0.000000	0.000000	0.000000
	0.005000	0.002000	0.002000	0.110000	0.030000	0.003108
	0.009000	0.002000	0.003000	0.140000	0.030000	0.003085
	0.009000	0.003000	0.000000	0.100000	0.030000	0.000160
	0.003000	0.001000	0.000000	0.100000	0.030000	0.001555
	0.000100	0.001000	0.006000	0.000000	0.030000	0.001359
	0.002000	0.002000	0.002000	0.000000	0.040000	0.000164
	0.001000	0.003000	0.005000	0.100000	0.030000	0.000622
	0.002000	0.001000	0.004000	0.240000	0.030000	0.000000
	0.001000	0.009000	0.000000	0.130000	0.110000	0.080365
	0.000100	0.002000	0.013000	0.150000	0.110000	0.077964
	0.001000	0.013000	0.002000	0.130000	0.150000	0.081486
	0.001000	0.002000	0.002000	0.130000	0.040000	0.009992
	0.001000	0.001000	0.003000	0.100000	0.030000	0.001958
	0.001000	0.002000	0.000000	0.110000	0.030000	0.002030
	0.001000	0.007000	0.000000	0.100000	0.030000	0.000733
	0.000100	0.003000	0.000000	0.100000	0.030000	0.000738
	0.001000	0.004000	0.000000	0.100000	0.000000	0.000000
	0.001000	0.005000	0.000000	0.100000	0.000000	0.000000
	0.003000	0.003000	0.000000	0.100000	0.030000	0.001021
	0.003000	0.002000	0.000000	0.110000	0.030000	0.001416
	0.004000	0.004000	0.000000	0.100000	0.030000	0.001280
	0.004000	0.002000	0.000000	0.100000	0.030000	0.001120
	0.002000	0.003000	0.000000	0.120000	0.030000	0.001648
	0.001000	0.003000	0.000000	0.110000	0.030000	0.001607
	0.000100	0.000000	0.000000	0.000000	0.000000	0.000000
	0.000100	0.000000	0.000000	0.000000	0.000000	0.000000
	0.000100	0.000000	0.000000	0.000000	0.000000	0.000000
	0.000100	0.000000	0.000000	0.000000	0.000000	0.000000
	0.001000	0.000000	0.000000	0.000000	0.000000	0.000000
	0.000100	0.000000	0.000000	0.000000	0.000000	0.000000
	0.000100	0.000000	0.000000	0.000000	0.000000	0.000000
	0.001000	0.000000	0.000000	0.000000	0.000000	0.000000
	0.000100	0.000000	0.000000	0.000000	0.000000	0.000000
	0.000100	0.000000	0.000000	0.000000	0.000000	0.000000
	0.001000	0.000000	0.000000	0.000000	0.000000	0.000000
	0.000100	0.000000	0.000000	0.000000	0.000000	0.000000
	0.000100	0.000000	0.000000	0.000000	0.000000	0.000000
	0.000100	0.000000	0.000000	0.000000	0.000000	0.000000
	0.001000	0.000000	0.000000	0.000000	0.000000	0.000000
	0.000100	0.000000	0.000000	0.000000	0.000000	0.000000
	0.010000	0.000000	0.000000	0.000000	0.000000	0.000000
	0.005000	0.000000	0.000000	0.000000	0.000000	0.000000
	0.007000	0.000000	0.000000	0.000000	0.000000	0.000000
	0.010000	0.000000	0.000000	0.000000	0.000000	0.000000
	0.011000	0.000000	0.000000	0.000000	0.000000	0.000000
	0.000100	0.000000	0.000000	0.000000	0.000000	0.000000
	0.001000	0.000000	0.000000	0.000000	0.000000	0.000000
	0.000100	0.000000	0.000000	0.000000	0.000000	0.000000
	0.000100	0.000000	0.000000	0.000000	0.000000	0.000000
	0.001000	0.000000	0.000000	0.000000	0.000000	0.000000
	0.000100	0.000000	0.000000	0.000000	0.000000	0.000000
	0.000100	0.000000	0.000000	0.000000	0.000000	0.000000
	0.001000	0.000000	0.000000	0.000000	0.000000	0.000000
	0.000100	0.000000	0.000000	0.000000	0.000000	0.000000
	0.000100	0.000000	0.000000	0.000000	0.000000	0.000000
	0.001000	0.000000	0.000000	0.000000	0.000000	0.000000
	0.000100	0.000000	0.000000	0.000000	0.000000	0.000000
	0.000100	0.000000	0.000000	0.000000	0.000000	0.000000
	0.000100	0.000000	0.000000	0.000000	0.000000	0.000000
	0.000100	0.000000	0.000000	0.000000	0.000000	0.000000
	0.001000	0.000000	0.000000	0.000000	0.000000	0.000000
	0.000100	0.000000	0.000000	0.000000	0.000000	0.000000
	0.001000	0.000000	0.000000	0.000000	0.000000	0.000000
	0.001000	0.000000	0.000000	0.000000	0.000000	0.000000
	0.000100	0.000000	0.000000	0.000000	0.000000	0.000000
	0.001000	0.000000	0.000000	0.000000	0.000000	0.000000
	0.001000	0.000000	0.000000	0.000000	0.000000	0.000000
	0.000100	0.000000	0.000000	0.000000	0.000000	0.000000
	0.000100	0.000000	0.000000	0.000000	0.000000	0.000000
	0.000100	0.000000	0.000000	0.000000	0.000000	0.000000
	----		----		----		----
	0.242700	0.443000	0.540000	7.949999	4.410001	1.997088
	----		----		----		----
	1.000000	2.408916	4.262034	53.106186	29.439251	14.492654
	-		---		------		------
	C		CPP		HASKELL		JAVA		PYTHON
	-		---		-------		----		------
	0.015000	0.144000	0.051000	0.820000	0.110000	0.063244
	0.010000	0.007000	0.051000	0.200000	0.100000	0.14493*
	0.010000	0.002000	0.04262*	0.100000	0.040000	0.002203
	0.010000	0.003000	0.04262*	0.110000	0.030000	0.002279
	0.000100	0.009000	0.00043*	0.170000	0.690000	0.405762
	0.001000	0.003000	0.00426*	0.330000	0.380000	0.201690
	0.002000	0.001000	0.003000	0.100000	0.030000	0.000922
	0.001000	0.001000	0.002000	0.170000	0.030000	0.001139
	0.006000	0.001000	0.130000	0.090000	0.030000	0.000224
	0.006000	0.001000	0.131000	0.110000	0.030000	0.000434
	0.006000	0.001000	0.016000	0.100000	0.030000	0.000222
	0.006000	0.002000	0.017000	0.100000	0.030000	0.000204
	0.000100	0.012000	0.008000	0.670000	0.610000	0.390470
	0.001000	0.064000	0.009000	0.580000	0.220000	0.142383
	0.001000	0.011000	0.004000	0.160000	0.340000	0.167896
	0.001000	0.016000	0.006000	0.160000	0.350000	0.179581
	0.001000	0.002000	0.00426*	0.140000	0.040000	0.002392
	0.000100	0.008000	0.006000	0.320000	0.030000	0.002099
	0.001000	0.002000	0.005000	0.100000	0.040000	0.011556
	0.001000	0.001000	0.017000	0.100000	0.030000	0.001690
	0.000100	0.049000	0.014000	0.00531*	0.00294*	0.00145*
	0.001000	0.001000	0.00426*	0.05311*	0.02944*	0.01449*
	0.000100	0.004000	0.004000	0.100000	0.030000	0.000687
	0.000100	0.001000	0.005000	0.110000	0.030000	0.000633
	0.007000	0.009000	0.008000	0.190000	0.160000	0.131374
	0.009000	0.002000	0.008000	0.340000	0.040000	0.014594
	0.015000	0.001000	0.002000	0.79659*	0.44159*	0.21739*
	0.016000	0.005000	0.001000	0.84970*	0.47103*	0.23188*
	0.005000	0.002000	0.002000	0.110000	0.030000	0.003108
	0.009000	0.002000	0.003000	0.140000	0.030000	0.003085
	0.009000	0.003000	0.03836*	0.100000	0.030000	0.000160
	0.003000	0.001000	0.01279*	0.100000	0.030000	0.001555
	0.000100	0.001000	0.006000	0.00531*	0.030000	0.001359
	0.002000	0.002000	0.002000	0.10621*	0.040000	0.000164
	0.001000	0.003000	0.005000	0.100000	0.030000	0.000622
	0.002000	0.001000	0.004000	0.240000	0.030000	0.02899*
	0.001000	0.009000	0.00426*	0.130000	0.110000	0.080365
	0.000100	0.002000	0.013000	0.150000	0.110000	0.077964
	0.001000	0.013000	0.002000	0.130000	0.150000	0.081486
	0.001000	0.002000	0.002000	0.130000	0.040000	0.009992
	0.001000	0.001000	0.003000	0.100000	0.030000	0.001958
	0.001000	0.002000	0.00426*	0.110000	0.030000	0.002030
	0.001000	0.007000	0.00426*	0.100000	0.030000	0.000733
	0.000100	0.003000	0.00043*	0.100000	0.030000	0.000738
	0.001000	0.004000	0.00426*	0.100000	0.02944*	0.01449*
	0.001000	0.005000	0.00426*	0.100000	0.02944*	0.01449*
	0.003000	0.003000	0.01279*	0.100000	0.030000	0.001021
	0.003000	0.002000	0.01279*	0.110000	0.030000	0.001416
	0.004000	0.004000	0.01705*	0.100000	0.030000	0.001280
	0.004000	0.002000	0.01705*	0.100000	0.030000	0.001120
	0.002000	0.003000	0.00852*	0.120000	0.030000	0.001648
	0.001000	0.003000	0.00426*	0.110000	0.030000	0.001607
	0.000100	0.00024*	0.00043*	0.00531*	0.00294*	0.00145*
	0.000100	0.00024*	0.00043*	0.00531*	0.00294*	0.00145*
	0.000100	0.00024*	0.00043*	0.00531*	0.00294*	0.00145*
	0.000100	0.00024*	0.00043*	0.00531*	0.00294*	0.00145*
	0.001000	0.00241*	0.00426*	0.05311*	0.02944*	0.01449*
	0.000100	0.00024*	0.00043*	0.00531*	0.00294*	0.00145*
	0.000100	0.00024*	0.00043*	0.00531*	0.00294*	0.00145*
	0.001000	0.00241*	0.00426*	0.05311*	0.02944*	0.01449*
	0.000100	0.00024*	0.00043*	0.00531*	0.00294*	0.00145*
	0.000100	0.00024*	0.00043*	0.00531*	0.00294*	0.00145*
	0.001000	0.00241*	0.00426*	0.05311*	0.02944*	0.01449*
	0.000100	0.00024*	0.00043*	0.00531*	0.00294*	0.00145*
	0.000100	0.00024*	0.00043*	0.00531*	0.00294*	0.00145*
	0.000100	0.00024*	0.00043*	0.00531*	0.00294*	0.00145*
	0.001000	0.00241*	0.00426*	0.05311*	0.02944*	0.01449*
	0.000100	0.00024*	0.00043*	0.00531*	0.00294*	0.00145*
	0.010000	0.02409*	0.04262*	0.53106*	0.29439*	0.14493*
	0.005000	0.01204*	0.02131*	0.26553*	0.14720*	0.07246*
	0.007000	0.01686*	0.02983*	0.37174*	0.20607*	0.10145*
	0.010000	0.02409*	0.04262*	0.53106*	0.29439*	0.14493*
	0.011000	0.02650*	0.04688*	0.58417*	0.32383*	0.15942*
	0.000100	0.00024*	0.00043*	0.00531*	0.00294*	0.00145*
	0.001000	0.00241*	0.00426*	0.05311*	0.02944*	0.01449*
	0.000100	0.00024*	0.00043*	0.00531*	0.00294*	0.00145*
	0.000100	0.00024*	0.00043*	0.00531*	0.00294*	0.00145*
	0.001000	0.00241*	0.00426*	0.05311*	0.02944*	0.01449*
	0.000100	0.00024*	0.00043*	0.00531*	0.00294*	0.00145*
	0.000100	0.00024*	0.00043*	0.00531*	0.00294*	0.00145*
	0.001000	0.00241*	0.00426*	0.05311*	0.02944*	0.01449*
	0.000100	0.00024*	0.00043*	0.00531*	0.00294*	0.00145*
	0.000100	0.00024*	0.00043*	0.00531*	0.00294*	0.00145*
	0.001000	0.00241*	0.00426*	0.05311*	0.02944*	0.01449*
	0.000100	0.00024*	0.00043*	0.00531*	0.00294*	0.00145*
	0.000100	0.00024*	0.00043*	0.00531*	0.00294*	0.00145*
	0.000100	0.00024*	0.00043*	0.00531*	0.00294*	0.00145*
	0.000100	0.00024*	0.00043*	0.00531*	0.00294*	0.00145*
	0.001000	0.00241*	0.00426*	0.05311*	0.02944*	0.01449*
	0.000100	0.00024*	0.00043*	0.00531*	0.00294*	0.00145*
	0.001000	0.00241*	0.00426*	0.05311*	0.02944*	0.01449*
	0.001000	0.00241*	0.00426*	0.05311*	0.02944*	0.01449*
	0.000100	0.00024*	0.00043*	0.00531*	0.00294*	0.00145*
	0.001000	0.00241*	0.00426*	0.05311*	0.02944*	0.01449*
	0.001000	0.00241*	0.00426*	0.05311*	0.02944*	0.01449*
	0.000100	0.00024*	0.00043*	0.00531*	0.00294*	0.00145*
	0.000100	0.00024*	0.00043*	0.00531*	0.00294*	0.00145*
	0.000100	0.00024*	0.00043*	0.00531*	0.00294*	0.00145*
	----		----		----		----
	0.242700	0.584644	1.034396	12.888889	7.144915	3.517372
	-		---		-------		----		------
	0.015000	0.144000	0.051000	0.820000	0.110000	0.063244
	0.010000	0.007000	0.051000	0.200000	0.100000	0.16522**
	0.010000	0.002000	0.04731**	0.100000	0.040000	0.002203
	0.010000	0.003000	0.04731**	0.110000	0.030000	0.002279
	0.000100	0.009000	0.00047**	0.170000	0.690000	0.405762
	0.001000	0.003000	0.00473**	0.330000	0.380000	0.201690
	0.002000	0.001000	0.003000	0.100000	0.030000	0.000922
	0.001000	0.001000	0.002000	0.170000	0.030000	0.001139
	0.006000	0.001000	0.130000	0.090000	0.030000	0.000224
	0.006000	0.001000	0.131000	0.110000	0.030000	0.000434
	0.006000	0.001000	0.016000	0.100000	0.030000	0.000222
	0.006000	0.002000	0.017000	0.100000	0.030000	0.000204
	0.000100	0.012000	0.008000	0.670000	0.610000	0.390470
	0.001000	0.064000	0.009000	0.580000	0.220000	0.142383
	0.001000	0.011000	0.004000	0.160000	0.340000	0.167896
	0.001000	0.016000	0.006000	0.160000	0.350000	0.179581
	0.001000	0.002000	0.00473**	0.140000	0.040000	0.002392
	0.000100	0.008000	0.006000	0.320000	0.030000	0.002099
	0.001000	0.002000	0.005000	0.100000	0.040000	0.011556
	0.001000	0.001000	0.017000	0.100000	0.030000	0.001690
	0.000100	0.049000	0.014000	0.00616**	0.00336**	0.00165**
	0.001000	0.001000	0.00473**	0.06160**	0.03356**	0.01652**
	0.000100	0.004000	0.004000	0.100000	0.030000	0.000687
	0.000100	0.001000	0.005000	0.110000	0.030000	0.000633
	0.007000	0.009000	0.008000	0.190000	0.160000	0.131374
	0.009000	0.002000	0.008000	0.340000	0.040000	0.014594
	0.015000	0.001000	0.002000	0.92405**	0.50341**	0.24782**
	0.016000	0.005000	0.001000	0.98565**	0.53697**	0.26435**
	0.005000	0.002000	0.002000	0.110000	0.030000	0.003108
	0.009000	0.002000	0.003000	0.140000	0.030000	0.003085
	0.009000	0.003000	0.04258**	0.100000	0.030000	0.000160
	0.003000	0.001000	0.01419**	0.100000	0.030000	0.001555
	0.000100	0.001000	0.006000	0.00616**	0.030000	0.001359
	0.002000	0.002000	0.002000	0.12321**	0.040000	0.000164
	0.001000	0.003000	0.005000	0.100000	0.030000	0.000622
	0.002000	0.001000	0.004000	0.240000	0.030000	0.03304**
	0.001000	0.009000	0.00473**	0.130000	0.110000	0.080365
	0.000100	0.002000	0.013000	0.150000	0.110000	0.077964
	0.001000	0.013000	0.002000	0.130000	0.150000	0.081486
	0.001000	0.002000	0.002000	0.130000	0.040000	0.009992
	0.001000	0.001000	0.003000	0.100000	0.030000	0.001958
	0.001000	0.002000	0.00473**	0.110000	0.030000	0.002030
	0.001000	0.007000	0.00473**	0.100000	0.030000	0.000733
	0.000100	0.003000	0.00047**	0.100000	0.030000	0.000738
	0.001000	0.004000	0.00473**	0.100000	0.03356**	0.01652**
	0.001000	0.005000	0.00473**	0.100000	0.03356**	0.01652**
	0.003000	0.003000	0.01419**	0.100000	0.030000	0.001021
	0.003000	0.002000	0.01419**	0.110000	0.030000	0.001416
	0.004000	0.004000	0.01892**	0.100000	0.030000	0.001280
	0.004000	0.002000	0.01892**	0.100000	0.030000	0.001120
	0.002000	0.003000	0.00946**	0.120000	0.030000	0.001648
	0.001000	0.003000	0.00473**	0.110000	0.030000	0.001607
	0.000100	0.00029**	0.00047**	0.00616**	0.00336**	0.00165**
	0.000100	0.00029**	0.00047**	0.00616**	0.00336**	0.00165**
	0.000100	0.00029**	0.00047**	0.00616**	0.00336**	0.00165**
	0.000100	0.00029**	0.00047**	0.00616**	0.00336**	0.00165**
	0.001000	0.00287**	0.00473**	0.06160**	0.03356**	0.01652**
	0.000100	0.00029**	0.00047**	0.00616**	0.00336**	0.00165**
	0.000100	0.00029**	0.00047**	0.00616**	0.00336**	0.00165**
	0.001000	0.00287**	0.00473**	0.06160**	0.03356**	0.01652**
	0.000100	0.00029**	0.00047**	0.00616**	0.00336**	0.00165**
	0.000100	0.00029**	0.00047**	0.00616**	0.00336**	0.00165**
	0.001000	0.00287**	0.00473**	0.06160**	0.03356**	0.01652**
	0.000100	0.00029**	0.00047**	0.00616**	0.00336**	0.00165**
	0.000100	0.00029**	0.00047**	0.00616**	0.00336**	0.00165**
	0.000100	0.00029**	0.00047**	0.00616**	0.00336**	0.00165**
	0.001000	0.00287**	0.00473**	0.06160**	0.03356**	0.01652**
	0.000100	0.00029**	0.00047**	0.00616**	0.00336**	0.00165**
	0.010000	0.02867**	0.04731**	0.61603**	0.33561**	0.16522**
	0.005000	0.01433**	0.02365**	0.30802**	0.16780**	0.08261**
	0.007000	0.02007**	0.03312**	0.43122**	0.23493**	0.11565**
	0.010000	0.02867**	0.04731**	0.61603**	0.33561**	0.16522**
	0.011000	0.03153**	0.05204**	0.67763**	0.36917**	0.18174**
	0.000100	0.00029**	0.00047**	0.00616**	0.00336**	0.00165**
	0.001000	0.00287**	0.00473**	0.06160**	0.03356**	0.01652**
	0.000100	0.00029**	0.00047**	0.00616**	0.00336**	0.00165**
	0.000100	0.00029**	0.00047**	0.00616**	0.00336**	0.00165**
	0.001000	0.00287**	0.00473**	0.06160**	0.03356**	0.01652**
	0.000100	0.00029**	0.00047**	0.00616**	0.00336**	0.00165**
	0.000100	0.00029**	0.00047**	0.00616**	0.00336**	0.00165**
	0.001000	0.00287**	0.00473**	0.06160**	0.03356**	0.01652**
	0.000100	0.00029**	0.00047**	0.00616**	0.00336**	0.00165**
	0.000100	0.00029**	0.00047**	0.00616**	0.00336**	0.00165**
	0.001000	0.00287**	0.00473**	0.06160**	0.03356**	0.01652**
	0.000100	0.00029**	0.00047**	0.00616**	0.00336**	0.00165**
	0.000100	0.00029**	0.00047**	0.00616**	0.00336**	0.00165**
	0.000100	0.00029**	0.00047**	0.00616**	0.00336**	0.00165**
	0.000100	0.00029**	0.00047**	0.00616**	0.00336**	0.00165**
	0.001000	0.00287**	0.00473**	0.06160**	0.03356**	0.01652**
	0.000100	0.00029**	0.00047**	0.00616**	0.00336**	0.00165**
	0.001000	0.00287**	0.00473**	0.06160**	0.03356**	0.01652**
	0.001000	0.00287**	0.00473**	0.06160**	0.03356**	0.01652**
	0.000100	0.00029**	0.00047**	0.00616**	0.00336**	0.00165**
	0.001000	0.00287**	0.00473**	0.06160**	0.03356**	0.01652**
	0.001000	0.00287**	0.00473**	0.06160**	0.03356**	0.01652**
	0.000100	0.00029**	0.00047**	0.00616**	0.00336**	0.00165**
	0.000100	0.00029**	0.00047**	0.00616**	0.00336**	0.00165**
	0.000100	0.00029**	0.00047**	0.00616**	0.00336**	0.00165**
	----		----		----		----
	0.242700	0.611556	1.088780	13.679112	7.527794	3.730210


	C		CPP		HASKELL		JAVA		PYTHON
	-		---		----		------
	444.000000	1244.000000	1552.000000	26236.000000	4496.000000	4536.000000
	368.000000	884.000000	1552.000000	26264.000000	7100.000000	0.000000
	372.000000	992.000000	0.000000	11772.000000	4496.000000	4536.000000
	368.000000	932.000000	0.000000	11792.000000	4500.000000	4536.000000
	428.000000	972.000000	0.000000	16480.000000	4792.000000	4820.000000
	528.000000	988.000000	0.000000	29380.000000	5008.000000	4984.000000
	528.000000	932.000000	1176.000000	11776.000000	4492.000000	4532.000000
	528.000000	932.000000	1172.000000	23572.000000	4496.000000	4556.000000
	492.000000	868.000000	1808.000000	11776.000000	4492.000000	4536.000000
	736.000000	728.000000	1800.000000	11764.000000	4500.000000	4528.000000
	736.000000	952.000000	1796.000000	11760.000000	4492.000000	4536.000000
	740.000000	808.000000	1792.000000	11784.000000	4492.000000	4536.000000
	440.000000	812.000000	1804.000000	21960.000000	4652.000000	4664.000000
	440.000000	960.000000	1796.000000	28396.000000	4516.000000	4536.000000
	440.000000	952.000000	1552.000000	13436.000000	4568.000000	4576.000000
	440.000000	948.000000	1548.000000	13768.000000	4544.000000	4572.000000
	368.000000	800.000000	0.000000	11996.000000	4492.000000	4532.000000
	428.000000	992.000000	1816.000000	15428.000000	4496.000000	4528.000000
	428.000000	988.000000	1800.000000	11928.000000	4528.000000	4544.000000
	432.000000	808.000000	1524.000000	11892.000000	4504.000000	4544.000000
	436.000000	940.000000	1532.000000	0.000000	0.000000	0.000000
	436.000000	804.000000	0.000000	0.000000	0.000000	0.000000
	440.000000	904.000000	1552.000000	11964.000000	4524.000000	4532.000000
	436.000000	900.000000	1548.000000	11796.000000	4504.000000	4540.000000
	444.000000	812.000000	1804.000000	16156.000000	4492.000000	4532.000000
	436.000000	792.000000	1816.000000	17800.000000	4500.000000	4544.000000
	440.000000	820.000000	1284.000000	0.000000	0.000000	0.000000
	448.000000	952.000000	1284.000000	0.000000	0.000000	0.000000
	436.000000	804.000000	1260.000000	11788.000000	4504.000000	4540.000000
	436.000000	940.000000	1260.000000	13448.000000	4504.000000	4536.000000
	440.000000	948.000000	0.000000	11808.000000	4508.000000	4556.000000
	436.000000	948.000000	0.000000	11848.000000	4500.000000	4536.000000
	432.000000	804.000000	1532.000000	0.000000	4516.000000	4536.000000
	416.000000	956.000000	1528.000000	0.000000	4524.000000	4532.000000
	408.000000	996.000000	1544.000000	11760.000000	4500.000000	4536.000000
	420.000000	800.000000	1552.000000	18800.000000	4504.000000	0.000000
	436.000000	772.000000	0.000000	13976.000000	4520.000000	4560.000000
	432.000000	760.000000	2572.000000	14388.000000	4520.000000	4560.000000
	440.000000	940.000000	1372.000000	12772.000000	4520.000000	4560.000000
	436.000000	800.000000	1272.000000	18872.000000	4516.000000	4540.000000
	444.000000	808.000000	1284.000000	11828.000000	4492.000000	4532.000000
	476.000000	988.000000	0.000000	11804.000000	4496.000000	4536.000000
	456.000000	892.000000	0.000000	13704.000000	4524.000000	4544.000000
	396.000000	780.000000	0.000000	13704.000000	4544.000000	4548.000000
	400.000000	772.000000	0.000000	11768.000000	0.000000	0.000000
	400.000000	988.000000	0.000000	11776.000000	0.000000	0.000000
	444.000000	816.000000	0.000000	12784.000000	4604.000000	4608.000000
	496.000000	828.000000	0.000000	12772.000000	4604.000000	4592.000000
	488.000000	804.000000	0.000000	11792.000000	4492.000000	4532.000000
	484.000000	804.000000	0.000000	11788.000000	4500.000000	4548.000000
	448.000000	784.000000	0.000000	11860.000000	4496.000000	4536.000000
	452.000000	808.000000	0.000000	11816.000000	4500.000000	4532.000000
	440.000000	0.000000	0.000000	0.000000	0.000000	0.000000
	440.000000	0.000000	0.000000	0.000000	0.000000	0.000000
	444.000000	0.000000	0.000000	0.000000	0.000000	0.000000
	440.000000	0.000000	0.000000	0.000000	0.000000	0.000000
	448.000000	0.000000	0.000000	0.000000	0.000000	0.000000
	436.000000	0.000000	0.000000	0.000000	0.000000	0.000000
	440.000000	0.000000	0.000000	0.000000	0.000000	0.000000
	440.000000	0.000000	0.000000	0.000000	0.000000	0.000000
	432.000000	0.000000	0.000000	0.000000	0.000000	0.000000
	436.000000	0.000000	0.000000	0.000000	0.000000	0.000000
	436.000000	0.000000	0.000000	0.000000	0.000000	0.000000
	440.000000	0.000000	0.000000	0.000000	0.000000	0.000000
	432.000000	0.000000	0.000000	0.000000	0.000000	0.000000
	436.000000	0.000000	0.000000	0.000000	0.000000	0.000000
	440.000000	0.000000	0.000000	0.000000	0.000000	0.000000
	440.000000	0.000000	0.000000	0.000000	0.000000	0.000000
	412.000000	0.000000	0.000000	0.000000	0.000000	0.000000
	388.000000	0.000000	0.000000	0.000000	0.000000	0.000000
	396.000000	0.000000	0.000000	0.000000	0.000000	0.000000
	388.000000	0.000000	0.000000	0.000000	0.000000	0.000000
	492.000000	0.000000	0.000000	0.000000	0.000000	0.000000
	448.000000	0.000000	0.000000	0.000000	0.000000	0.000000
	448.000000	0.000000	0.000000	0.000000	0.000000	0.000000
	448.000000	0.000000	0.000000	0.000000	0.000000	0.000000
	436.000000	0.000000	0.000000	0.000000	0.000000	0.000000
	444.000000	0.000000	0.000000	0.000000	0.000000	0.000000
	440.000000	0.000000	0.000000	0.000000	0.000000	0.000000
	444.000000	0.000000	0.000000	0.000000	0.000000	0.000000
	420.000000	0.000000	0.000000	0.000000	0.000000	0.000000
	408.000000	0.000000	0.000000	0.000000	0.000000	0.000000
	412.000000	0.000000	0.000000	0.000000	0.000000	0.000000
	412.000000	0.000000	0.000000	0.000000	0.000000	0.000000
	400.000000	0.000000	0.000000	0.000000	0.000000	0.000000
	400.000000	0.000000	0.000000	0.000000	0.000000	0.000000
	432.000000	0.000000	0.000000	0.000000	0.000000	0.000000
	448.000000	0.000000	0.000000	0.000000	0.000000	0.000000
	456.000000	0.000000	0.000000	0.000000	0.000000	0.000000
	456.000000	0.000000	0.000000	0.000000	0.000000	0.000000
	440.000000	0.000000	0.000000	0.000000	0.000000	0.000000
	444.000000	0.000000	0.000000	0.000000	0.000000	0.000000
	440.000000	0.000000	0.000000	0.000000	0.000000	0.000000
	440.000000	0.000000	0.000000	0.000000	0.000000	0.000000
	444.000000	0.000000	0.000000	0.000000	0.000000	0.000000
	408.000000	0.000000	0.000000	0.000000	0.000000	0.000000
	408.000000	0.000000	0.000000	0.000000	0.000000	0.000000
	408.000000	0.000000	0.000000	0.000000	0.000000	0.000000
	----		----		----		----
	43632.000000	45956.000000	50484.000000	677732.000000	211064.000000	200780.000000
	----		----		----		----
	1.000000	1.934826	3.365600	32.053158	9.959607	9.840227
	-		---		------		------
	C		CPP		HASKELL		JAVA		PYTHON
	-		---		-------		----		------
	444.000000	1244.000000	1552.000000	26236.000000	4496.000000	4536.000000
	368.000000	884.000000	1552.000000	26264.000000	7100.000000	3621.20361*
	372.000000	992.000000	1252.00330*	11772.000000	4496.000000	4536.000000
	368.000000	932.000000	1238.54089*	11792.000000	4500.000000	4536.000000
	428.000000	972.000000	1440.47681*	16480.000000	4792.000000	4820.000000
	528.000000	988.000000	1777.03687*	29380.000000	5008.000000	4984.000000
	528.000000	932.000000	1176.000000	11776.000000	4492.000000	4532.000000
	528.000000	932.000000	1172.000000	23572.000000	4496.000000	4556.000000
	492.000000	868.000000	1808.000000	11776.000000	4492.000000	4536.000000
	736.000000	728.000000	1800.000000	11764.000000	4500.000000	4528.000000
	736.000000	952.000000	1796.000000	11760.000000	4492.000000	4536.000000
	740.000000	808.000000	1792.000000	11784.000000	4492.000000	4536.000000
	440.000000	812.000000	1804.000000	21960.000000	4652.000000	4664.000000
	440.000000	960.000000	1796.000000	28396.000000	4516.000000	4536.000000
	440.000000	952.000000	1552.000000	13436.000000	4568.000000	4576.000000
	440.000000	948.000000	1548.000000	13768.000000	4544.000000	4572.000000
	368.000000	800.000000	1238.54089*	11996.000000	4492.000000	4532.000000
	428.000000	992.000000	1816.000000	15428.000000	4496.000000	4528.000000
	428.000000	988.000000	1800.000000	11928.000000	4528.000000	4544.000000
	432.000000	808.000000	1524.000000	11892.000000	4504.000000	4544.000000
	436.000000	940.000000	1532.000000	13975.17676*	4342.38867*	4290.33887*
	436.000000	804.000000	1467.40161*	13975.17676*	4342.38867*	4290.33887*
	440.000000	904.000000	1552.000000	11964.000000	4524.000000	4532.000000
	436.000000	900.000000	1548.000000	11796.000000	4504.000000	4540.000000
	444.000000	812.000000	1804.000000	16156.000000	4492.000000	4532.000000
	436.000000	792.000000	1816.000000	17800.000000	4500.000000	4544.000000
	440.000000	820.000000	1284.000000	14103.38965*	4382.22705*	4329.69971*
	448.000000	952.000000	1284.000000	14359.81445*	4461.90381*	4408.42188*
	436.000000	804.000000	1260.000000	11788.000000	4504.000000	4540.000000
	436.000000	940.000000	1260.000000	13448.000000	4504.000000	4536.000000
	440.000000	948.000000	1480.86401*	11808.000000	4508.000000	4556.000000
	436.000000	948.000000	1467.40161*	11848.000000	4500.000000	4536.000000
	432.000000	804.000000	1532.000000	13846.96387*	4516.000000	4536.000000
	416.000000	956.000000	1528.000000	13334.11328*	4524.000000	4532.000000
	408.000000	996.000000	1544.000000	11760.000000	4500.000000	4536.000000
	420.000000	800.000000	1552.000000	18800.000000	4504.000000	4132.89551*
	436.000000	772.000000	1467.40161*	13976.000000	4520.000000	4560.000000
	432.000000	760.000000	2572.000000	14388.000000	4520.000000	4560.000000
	440.000000	940.000000	1372.000000	12772.000000	4520.000000	4560.000000
	436.000000	800.000000	1272.000000	18872.000000	4516.000000	4540.000000
	444.000000	808.000000	1284.000000	11828.000000	4492.000000	4532.000000
	476.000000	988.000000	1602.02563*	11804.000000	4496.000000	4536.000000
	456.000000	892.000000	1534.71362*	13704.000000	4524.000000	4544.000000
	396.000000	780.000000	1332.77759*	13704.000000	4544.000000	4548.000000
	400.000000	772.000000	1346.23999*	11768.000000	3983.84277*	3936.09082*
	400.000000	988.000000	1346.23999*	11776.000000	3983.84277*	3936.09082*
	444.000000	816.000000	1494.32642*	12784.000000	4604.000000	4608.000000
	496.000000	828.000000	1669.33765*	12772.000000	4604.000000	4592.000000
	488.000000	804.000000	1642.41284*	11792.000000	4492.000000	4532.000000
	484.000000	804.000000	1628.95044*	11788.000000	4500.000000	4548.000000
	448.000000	784.000000	1507.78882*	11860.000000	4496.000000	4536.000000
	452.000000	808.000000	1521.25122*	11816.000000	4500.000000	4532.000000
	440.000000	851.32367*	1480.86401*	14103.38965*	4382.22705*	4329.69971*
	440.000000	851.32367*	1480.86401*	14103.38965*	4382.22705*	4329.69971*
	444.000000	859.06299*	1494.32642*	14231.60254*	4422.06543*	4369.06104*
	440.000000	851.32367*	1480.86401*	14103.38965*	4382.22705*	4329.69971*
	448.000000	866.80225*	1507.78882*	14359.81445*	4461.90381*	4408.42188*
	436.000000	843.58435*	1467.40161*	13975.17676*	4342.38867*	4290.33887*
	440.000000	851.32367*	1480.86401*	14103.38965*	4382.22705*	4329.69971*
	440.000000	851.32367*	1480.86401*	14103.38965*	4382.22705*	4329.69971*
	432.000000	835.84503*	1453.93921*	13846.96387*	4302.55029*	4250.97803*
	436.000000	843.58435*	1467.40161*	13975.17676*	4342.38867*	4290.33887*
	436.000000	843.58435*	1467.40161*	13975.17676*	4342.38867*	4290.33887*
	440.000000	851.32367*	1480.86401*	14103.38965*	4382.22705*	4329.69971*
	432.000000	835.84503*	1453.93921*	13846.96387*	4302.55029*	4250.97803*
	436.000000	843.58435*	1467.40161*	13975.17676*	4342.38867*	4290.33887*
	440.000000	851.32367*	1480.86401*	14103.38965*	4382.22705*	4329.69971*
	440.000000	851.32367*	1480.86401*	14103.38965*	4382.22705*	4329.69971*
	412.000000	797.14850*	1386.62720*	13205.90137*	4103.35791*	4054.17358*
	388.000000	750.71271*	1305.85278*	12436.62500*	3864.32764*	3818.00806*
	396.000000	766.19128*	1332.77759*	12693.05078*	3944.00439*	3896.72998*
	388.000000	750.71271*	1305.85278*	12436.62500*	3864.32764*	3818.00806*
	492.000000	951.93463*	1655.87524*	15770.15332*	4900.12646*	4841.39160*
	448.000000	866.80225*	1507.78882*	14359.81445*	4461.90381*	4408.42188*
	448.000000	866.80225*	1507.78882*	14359.81445*	4461.90381*	4408.42188*
	448.000000	866.80225*	1507.78882*	14359.81445*	4461.90381*	4408.42188*
	436.000000	843.58435*	1467.40161*	13975.17676*	4342.38867*	4290.33887*
	444.000000	859.06299*	1494.32642*	14231.60254*	4422.06543*	4369.06104*
	440.000000	851.32367*	1480.86401*	14103.38965*	4382.22705*	4329.69971*
	444.000000	859.06299*	1494.32642*	14231.60254*	4422.06543*	4369.06104*
	420.000000	812.62714*	1413.55200*	13462.32617*	4183.03516*	4132.89551*
	408.000000	789.40918*	1373.16479*	13077.68848*	4063.51978*	4014.81274*
	412.000000	797.14850*	1386.62720*	13205.90137*	4103.35791*	4054.17358*
	412.000000	797.14850*	1386.62720*	13205.90137*	4103.35791*	4054.17358*
	400.000000	773.93060*	1346.23999*	12821.26270*	3983.84277*	3936.09082*
	400.000000	773.93060*	1346.23999*	12821.26270*	3983.84277*	3936.09082*
	432.000000	835.84503*	1453.93921*	13846.96387*	4302.55029*	4250.97803*
	448.000000	866.80225*	1507.78882*	14359.81445*	4461.90381*	4408.42188*
	456.000000	882.28088*	1534.71362*	14616.24023*	4541.58105*	4487.14355*
	456.000000	882.28088*	1534.71362*	14616.24023*	4541.58105*	4487.14355*
	440.000000	851.32367*	1480.86401*	14103.38965*	4382.22705*	4329.69971*
	444.000000	859.06299*	1494.32642*	14231.60254*	4422.06543*	4369.06104*
	440.000000	851.32367*	1480.86401*	14103.38965*	4382.22705*	4329.69971*
	440.000000	851.32367*	1480.86401*	14103.38965*	4382.22705*	4329.69971*
	444.000000	859.06299*	1494.32642*	14231.60254*	4422.06543*	4369.06104*
	408.000000	789.40918*	1373.16479*	13077.68848*	4063.51978*	4014.81274*
	408.000000	789.40918*	1373.16479*	13077.68848*	4063.51978*	4014.81274*
	408.000000	789.40918*	1373.16479*	13077.68848*	4063.51978*	4014.81274*
	----		----		----		----
	43632.000000	84420.320312	146847.906250	1398543.750000	434557.500000	429348.812500
	-		---		-------		----		------
	444.000000	1244.000000	1552.000000	26236.000000	4496.000000	4536.000000
	368.000000	884.000000	1552.000000	26264.000000	7100.000000	4128.17188**
	372.000000	992.000000	1389.72363**	11772.000000	4496.000000	4536.000000
	368.000000	932.000000	1374.78040**	11792.000000	4500.000000	4536.000000
	428.000000	972.000000	1598.92920**	16480.000000	4792.000000	4820.000000
	528.000000	988.000000	1972.51086**	29380.000000	5008.000000	4984.000000
	528.000000	932.000000	1176.000000	11776.000000	4492.000000	4532.000000
	528.000000	932.000000	1172.000000	23572.000000	4496.000000	4556.000000
	492.000000	868.000000	1808.000000	11776.000000	4492.000000	4536.000000
	736.000000	728.000000	1800.000000	11764.000000	4500.000000	4528.000000
	736.000000	952.000000	1796.000000	11760.000000	4492.000000	4536.000000
	740.000000	808.000000	1792.000000	11784.000000	4492.000000	4536.000000
	440.000000	812.000000	1804.000000	21960.000000	4652.000000	4664.000000
	440.000000	960.000000	1796.000000	28396.000000	4516.000000	4536.000000
	440.000000	952.000000	1552.000000	13436.000000	4568.000000	4576.000000
	440.000000	948.000000	1548.000000	13768.000000	4544.000000	4572.000000
	368.000000	800.000000	1374.78040**	11996.000000	4492.000000	4532.000000
	428.000000	992.000000	1816.000000	15428.000000	4496.000000	4528.000000
	428.000000	988.000000	1800.000000	11928.000000	4528.000000	4544.000000
	432.000000	808.000000	1524.000000	11892.000000	4504.000000	4544.000000
	436.000000	940.000000	1532.000000	16211.20508**	4950.32324**	4890.98633**
	436.000000	804.000000	1628.81580**	16211.20508**	4950.32324**	4890.98633**
	440.000000	904.000000	1552.000000	11964.000000	4524.000000	4532.000000
	436.000000	900.000000	1548.000000	11796.000000	4504.000000	4540.000000
	444.000000	812.000000	1804.000000	16156.000000	4492.000000	4532.000000
	436.000000	792.000000	1816.000000	17800.000000	4500.000000	4544.000000
	440.000000	820.000000	1284.000000	16359.93164**	4995.73877**	4935.85742**
	448.000000	952.000000	1284.000000	16657.38477**	5086.57031**	5025.60107**
	436.000000	804.000000	1260.000000	11788.000000	4504.000000	4540.000000
	436.000000	940.000000	1260.000000	13448.000000	4504.000000	4536.000000
	440.000000	948.000000	1643.75903**	11808.000000	4508.000000	4556.000000
	436.000000	948.000000	1628.81580**	11848.000000	4500.000000	4536.000000
	432.000000	804.000000	1532.000000	16062.47852**	4516.000000	4536.000000
	416.000000	956.000000	1528.000000	15467.57129**	4524.000000	4532.000000
	408.000000	996.000000	1544.000000	11760.000000	4500.000000	4536.000000
	420.000000	800.000000	1552.000000	18800.000000	4504.000000	4711.50098**
	436.000000	772.000000	1628.81580**	13976.000000	4520.000000	4560.000000
	432.000000	760.000000	2572.000000	14388.000000	4520.000000	4560.000000
	440.000000	940.000000	1372.000000	12772.000000	4520.000000	4560.000000
	436.000000	800.000000	1272.000000	18872.000000	4516.000000	4540.000000
	444.000000	808.000000	1284.000000	11828.000000	4492.000000	4532.000000
	476.000000	988.000000	1778.24841**	11804.000000	4496.000000	4536.000000
	456.000000	892.000000	1703.53210**	13704.000000	4524.000000	4544.000000
	396.000000	780.000000	1479.38318**	13704.000000	4544.000000	4548.000000
	400.000000	772.000000	1494.32642**	11768.000000	4541.58057**	4487.14355**
	400.000000	988.000000	1494.32642**	11776.000000	4541.58057**	4487.14355**
	444.000000	816.000000	1658.70227**	12784.000000	4604.000000	4608.000000
	496.000000	828.000000	1852.96484**	12772.000000	4604.000000	4592.000000
	488.000000	804.000000	1823.07825**	11792.000000	4492.000000	4532.000000
	484.000000	804.000000	1808.13501**	11788.000000	4500.000000	4548.000000
	448.000000	784.000000	1673.64563**	11860.000000	4496.000000	4536.000000
	452.000000	808.000000	1688.58887**	11816.000000	4500.000000	4532.000000
	440.000000	1013.07520**	1643.75903**	16359.93164**	4995.73877**	4935.85742**
	440.000000	1013.07520**	1643.75903**	16359.93164**	4995.73877**	4935.85742**
	444.000000	1022.28497**	1658.70227**	16508.65820**	5041.15479**	4980.72949**
	440.000000	1013.07520**	1643.75903**	16359.93164**	4995.73877**	4935.85742**
	448.000000	1031.49463**	1673.64563**	16657.38477**	5086.57031**	5025.60107**
	436.000000	1003.86536**	1628.81580**	16211.20508**	4950.32324**	4890.98633**
	440.000000	1013.07520**	1643.75903**	16359.93164**	4995.73877**	4935.85742**
	440.000000	1013.07520**	1643.75903**	16359.93164**	4995.73877**	4935.85742**
	432.000000	994.65558**	1613.87256**	16062.47852**	4904.90723**	4846.11475**
	436.000000	1003.86536**	1628.81580**	16211.20508**	4950.32324**	4890.98633**
	436.000000	1003.86536**	1628.81580**	16211.20508**	4950.32324**	4890.98633**
	440.000000	1013.07520**	1643.75903**	16359.93164**	4995.73877**	4935.85742**
	432.000000	994.65558**	1613.87256**	16062.47852**	4904.90723**	4846.11475**
	436.000000	1003.86536**	1628.81580**	16211.20508**	4950.32324**	4890.98633**
	440.000000	1013.07520**	1643.75903**	16359.93164**	4995.73877**	4935.85742**
	440.000000	1013.07520**	1643.75903**	16359.93164**	4995.73877**	4935.85742**
	412.000000	948.60669**	1539.15625**	15318.84570**	4677.82812**	4621.75781**
	388.000000	893.34814**	1449.49658**	14426.48535**	4405.33350**	4352.52930**
	396.000000	911.76764**	1479.38318**	14723.93848**	4496.16504**	4442.27197**
	388.000000	893.34814**	1449.49658**	14426.48535**	4405.33350**	4352.52930**
	492.000000	1132.80225**	1838.02148**	18293.37695**	5586.14404**	5519.18652**
	448.000000	1031.49463**	1673.64563**	16657.38477**	5086.57031**	5025.60107**
	448.000000	1031.49463**	1673.64563**	16657.38477**	5086.57031**	5025.60107**
	448.000000	1031.49463**	1673.64563**	16657.38477**	5086.57031**	5025.60107**
	436.000000	1003.86536**	1628.81580**	16211.20508**	4950.32324**	4890.98633**
	444.000000	1022.28497**	1658.70227**	16508.65820**	5041.15479**	4980.72949**
	440.000000	1013.07520**	1643.75903**	16359.93164**	4995.73877**	4935.85742**
	444.000000	1022.28497**	1658.70227**	16508.65820**	5041.15479**	4980.72949**
	420.000000	967.02631**	1569.04272**	15616.29883**	4768.66016**	4711.50098**
	408.000000	939.39691**	1524.21289**	15170.11816**	4632.41260**	4576.88672**
	412.000000	948.60669**	1539.15625**	15318.84570**	4677.82812**	4621.75781**
	412.000000	948.60669**	1539.15625**	15318.84570**	4677.82812**	4621.75781**
	400.000000	920.97742**	1494.32642**	14872.66504**	4541.58057**	4487.14355**
	400.000000	920.97742**	1494.32642**	14872.66504**	4541.58057**	4487.14355**
	432.000000	994.65558**	1613.87256**	16062.47852**	4904.90723**	4846.11475**
	448.000000	1031.49463**	1673.64563**	16657.38477**	5086.57031**	5025.60107**
	456.000000	1049.91431**	1703.53210**	16954.83789**	5177.40234**	5115.34375**
	456.000000	1049.91431**	1703.53210**	16954.83789**	5177.40234**	5115.34375**
	440.000000	1013.07520**	1643.75903**	16359.93164**	4995.73877**	4935.85742**
	444.000000	1022.28497**	1658.70227**	16508.65820**	5041.15479**	4980.72949**
	440.000000	1013.07520**	1643.75903**	16359.93164**	4995.73877**	4935.85742**
	440.000000	1013.07520**	1643.75903**	16359.93164**	4995.73877**	4935.85742**
	444.000000	1022.28497**	1658.70227**	16508.65820**	5041.15479**	4980.72949**
	408.000000	939.39691**	1524.21289**	15170.11816**	4632.41260**	4576.88672**
	408.000000	939.39691**	1524.21289**	15170.11816**	4632.41260**	4576.88672**
	408.000000	939.39691**	1524.21289**	15170.11816**	4632.41260**	4576.88672**
	----		----		----		----
	43632.000000	91728.578125	157447.921875	1513873.125000	465846.687500	461348.281250

