1804289383 99999999999999
846930886 99999999999999
1681692777 99999999999999
1714636915 99999999999999
1957747793 99999999999999
424238335 99999999999999
719885386 99999999999999
1649760492 99999999999999
596516649 99999999999999
1189641421 99999999999999
1025202362 99999999999999
1350490027 99999999999999
783368690 99999999999999
1102520059 99999999999999
2044897763 99999999999999
1967513926 99999999999999
1365180540 99999999999999
1540383426 99999999999999
304089172 99999999999999
1303455736 99999999999999
35005211 99999999999999
521595368 99999999999999
294702567 99999999999999
1726956429 99999999999999
336465782 99999999999999
861021530 99999999999999
278722862 99999999999999
233665123 99999999999999
2145174067 99999999999999
468703135 99999999999999
1101513929 99999999999999
1801979802 99999999999999
1315634022 99999999999999
635723058 99999999999999
1369133069 99999999999999
1125898167 99999999999999
1059961393 99999999999999
2089018456 99999999999999
628175011 99999999999999
1656478042 99999999999999
1131176229 99999999999999
1653377373 99999999999999
859484421 99999999999999
1914544919 99999999999999
608413784 99999999999999
756898537 99999999999999
1734575198 99999999999999
1973594324 99999999999999
149798315 99999999999999
2038664370 99999999999999
0 0