7447
39393
9669
54145
67376
42624
92629
77077
22622
53335
12621
3553
76567
31113
18281
33633
94249
98889
92229
68786
5665
585
5555
73737
69196
30203
25652
67476
95559
7887
25052
97879
47274
29492
46764
9449
72027
39393
81318
94649
87578
93939
93039
64146
19891
6116
92629
14141
99899
84848
77777
5445
80308
83238
79097
49394
8338
99699
16861
98689
7447
41814
96469
54645
66066
38183
58985
38083
72327
40204
27572
54745
28982
20602
18881
48884
21612
6226
57875
21412
85958
30403
26762
66166
13631
686
10401
21912
282
27172
20502
7777
63836
11811
57275
29892
44844
16161
62826
17171
51215
85258
71917
80208
646
85558
23932
22222
86668
76567
43534
67376
6996
65156
28382
15451
65856
38683
32123
66166
60706
47474
68686
24542
59295
25852
49194
98989
36863
6886
10901
82928
92129
77677
57875
92729
58085
81818
9779
44644
53135
53335
6886
60106
13331
35253
75457
79197
73837
7557
40104
34543
49894
3663
53835
3993
24442
97879
2882
61216
4774
13731
38883
91619
91319
96769
84348
44244
78487
88988
88888
26562
37173
95759
86568
50405
25752
56865
29492
99599
59195
64446
28882
8998
68086
77577
12921
92429
75457
15751
48484
80108
24342
87378
66666
10501
84048
50905
54745
57475
39893
38383
83938
76967
28982
65256
22222
54745
22022
46564
49094
76067
10901
72927
85058
73837
50405
92729
61116
25852
3333
9559
747
27672
91719
67376
33033
70607
13131
82528
27972
47774
15851
6776
19591
39593
66766
41714
94249
83638
88188
38283
59695
93939
11111
39493
67776
56365
32223
28782
82128
35553
33133
77777
57975
24842
45054
85858
95359
53035
68386
18181
737
78987
19791
15151
18581
86568
56865
7667
65056
39893
45854
24642
33733
51815
64146
96269
8118
91219
25052
85058
26762
53035
62726
79597
77877
7777
65356
68086
55655
28582
81118
56365
7447
777
71517
20902
82128
23132
28482
47174
62926
74347
66666
91519
21012
25652
87778
29092
16861
7667
14041
38483
55555
76767
17971
28282
79297
78187
96269
34943
1551
72227
86068
3883
67876
52425
24742
49994
75457
53235
91919
33333
22422
53435
19691
43334
79097
2222
67176
90809
4774
81218
29292
60306
52825
42124
88488
32123
20302
79597
61816
21812
51715
42724
25652
19491
95059
45254
64346
65356
98389
51115
93539
15651
4554
13131
58885
78487
15351
21012
69296
14941
2112
98489
75157
49794
40504
63636
76667
55555
43234
38483
72227
89798
81118
92729
4114
71017
37873
68386
36363
31113
14341
24742
46664
18881
37773
373
92129
47874
21312
61316
62826
18281
54645
37973
68086
89898
96469
44644
45454
34543
77977
17671
19091
53935
10301
23232
24942
42924
91619
56065
73937
5885
80708
20602
19591
13331
15851
11611
61216
37173
67776
18781
50305
22422
51515
18281
12321
47974
57775
52625
77277
35653
65056
96369
89498
70107
19491
9229
13031
5995
65356
86968
6666
45954
2332
26162
59295
18081
32723
15251
50105
95359
34043
262
17671
85558
13431
24742
28282
71117
77277
5555
1661
37173
96769
91119
7227
16261
282
20202
17071
60506
1991
23632
6446
4224
44644
60506
17171
77277
75757
62126
72627
4664
57275
85058
90109
70607
9779
13231
36563
82028
18781
38083
19091
15451
24042
26362
26562
24342
41314
43534
84748
43234
67176
85958
42324
11811
46464
54445
83938
17071
16461
51315
21612
73637
31313
6556
39093
35953
19791
75557
17871
33433
8558
31813
43734
32523
52925
65156
51715
89098
8668
31313
32323
70607
12121
69496
77177
53335
23932
55955
70407
35153
2112
86768
3663
33333
88188
42724
69196
7887
13131
81918
36163
21612
8558
74747
48984
61416
39793
95559
50505
48384
26762
77577
13731
38783
47074
90909
92129
65856
41714
57275
95859
43734
44044
99499
77077
32223
37073
41114
34943
50205
23032
65956
66666
31413
40604
10501
87678
80308
5995
32923
23532
27672
10501
37173
61216
52425
22922
48184
13131
59395
5445
8888
3113
44344
3223
75057
71417
40304
11011
1221
85258
33933
67076
51915
60206
7667
57275
42624
82728
63236
75557
6226
85758
80908
38183
46964
33333
55955
95059
41314
15351
95359
50205
13331
39693
53435
83238
5885
88488
94149
6996
73737
22922
68886
25652
77877
71317
77777
20502
54045
40904
90909
55055
21512
71817
88088
68386
99999
38883
63436
41214
49094
53635
86168
62326
93239
34443
45554
93939
22822
34443
808
96569
57375
69696
17071
35153
35853
94649
55655
89798
30503
46564
39693
51915
13131
27772
15151
13131
61416
73337
49094
10401
26962
35253
67576
20102
69596
7997
13931
87378
42424
9669
78687
99699
74147
95659
34843
9889
85258
85358
94549
10501
26762
34243
57275
39893
56765
72327
47774
18181
45654
96869
28582
72527
26962
96069
87378
91419
3993
96169
78687
41214
5775
57375
40904
74747
47874
70607
84648
27972
50705
74047
38383
77477
8118
95659
12121
64846
67876
54745
77877
8448
46364
1221
80908
73337
97279
68186
64646
96169
59295
38183
37373
64946
90409
73137
34543
38283
43634
13931
66166
94349
87878
99399
66566
95959
89898
73537
55755
57775
28182
28382
66066
74547
29592
41814
42624
26762
4884
7227
17771
64046
45454
55055
23832
35753
28182
58285
68886
66566
72227
29892
55755
59995
24142
17171
50905
14041
90609
1441
71717
13631
29792
32623
82928
59295
74347
25552
80908
73937
27672
98589
37973
67876
48584
61716
98489
71517
19991
62226
38083
86968
92029
93739
46964
16161
10801
92629
24942
96169
94049
96569
4664
23732
24042
87578
82928
93139
7997
63836
67076
35553
57275
4994
98289
5775
61516
96669
77177
81518
58785
15151
68486
45654
3773
10301
56665
9339
2882
81518
343
96869
72927
4994
15451
91719
92529
98289
84848
95359
56965
46664
25652
14141
46464
23932
14741
7997
15451
91819
89498
69096
1881
52725
14741
373
57875
66166
9669
60706
42624
10101
52425
15451
15051
67776
1991
2332
60906
86768
97579
12721
28282
23232
21712
74747
42024
36363
82728
57375
23032
67076
26462
24842
14641
36063
25252
72427
97079
29792
27972
39593
34643
80308
49894
49594
42924
51815
46764
98689
33433
39193
11411
61716
57275
33033
36463
99299
64246
19191
51515
87278
81018
72727
12121
95659
8668
32223
67976
545
56865
95959
40104
91419
71117
84848
41014
8888
36563
82628
7557
69996
21812
13731
26562
79097
41614
62926
73137
5885
