553692042
219940562
4729322
268492333
2557768
112918567
39138331
441248740
74554129
680699652
126707556
72952903
376922122
505031888
226574801
52684123
355521967
2003628
15343
111382326
144754419
274207382
167215784
27164920
5922979
1336945
248959808
234741677
110299378
233998035
338354685
4076964
252793025
75470726
31692446
297603971
124476855
508893782
226349600
272156726
138104066
130895099
220928054
6276
421271891
4543824
367401
805
1703482
638019
5482617
30658
90223791
476474605
466326142
32493360
873302
376465
89205558
84400679
323151327
3318264
587579485
483141900
87873489
303171892
59374407
10269239
25854196
153336015
9838854
18920262
180474156
77330018
127289931
123882301
33192005
1391086
102570941
51430105
120519954
343643542
325811738
960296
7479316
59614103
558300383
152383008
56276267
529239996
41197909
194364100
331704218
399895905
42094024
642986983
151127753
496270
13425242
245278499
