100
84
797 578 683 660 665 48 597 226 489 660 161 719 702 684 232 525 884 458 401 354 26 108 873 676 502 317 616 6 747 396 673 207 817 719 575 473 268 17 609 395 218 568 244 648 660 169 461 782 735 388 764 704 839 65 503 748 568 51 682 2 536 567 241 167 138 474 209 430 691 388 351 412 344 227 559 864 391 884 67 400 103 504 845 153 
804 602 706 664 674 54 627 236 503 693 189 746 714 710 265 547 914 466 415 373 42 120 900 706 511 331 646 24 764 412 700 225 828 724 576 483 280 41 616 403 234 583 269 663 667 190 493 799 763 419 773 710 866 84 520 759 577 58 702 7 552 589 269 189 160 486 231 441 703 399 369 434 354 253 573 883 412 890 75 433 112 527 871 165 
65
541 869 134 813 511 849 298 826 423 588 651 73 695 866 835 49 620 341 598 144 588 39 829 803 512 618 681 580 769 600 840 268 359 403 259 563 332 526 260 304 315 430 108 868 50 374 8 539 44 722 281 843 679 270 590 206 893 694 141 671 21 171 480 695 147 
561 881 150 827 540 870 324 835 443 593 671 93 713 885 860 57 634 356 618 146 589 40 830 825 542 648 702 587 796 617 849 295 363 417 292 564 333 550 268 324 317 446 135 889 60 377 31 542 45 737 309 873 693 297 620 229 917 710 168 673 25 190 509 713 148 
91
428 462 668 104 313 606 363 408 473 828 487 530 542 4 784 81 806 442 563 370 17 887 407 537 256 338 230 350 604 630 568 788 46 740 272 278 879 670 351 365 167 143 67 862 243 851 698 77 465 751 423 423 690 786 191 144 648 152 473 179 101 23 264 644 313 259 18 533 567 245 363 513 369 518 473 53 223 473 176 9 403 622 39 823 70 760 249 236 732 856 848 
456 481 693 118 346 608 376 420 504 856 501 544 563 26 816 84 836 451 585 401 25 902 411 551 259 367 263 370 610 663 593 812 65 747 290 302 880 680 380 398 196 152 70 873 274 859 706 83 493 779 434 424 712 797 222 155 652 166 485 188 102 50 275 675 319 272 27 556 586 256 372 517 372 533 481 71 225 485 183 24 436 648 42 825 83 761 278 266 750 863 880 
72
467 748 559 656 160 166 359 494 788 221 604 249 722 871 644 399 362 560 3 762 32 735 142 446 683 340 53 402 682 593 649 31 635 120 601 494 602 114 350 764 624 816 485 542 86 385 624 538 702 690 35 728 602 174 503 480 537 597 109 81 771 623 280 545 611 780 608 76 846 657 881 665 
498 756 565 678 174 172 372 512 819 252 625 262 741 893 663 404 371 584 30 788 54 757 157 478 712 366 81 431 705 610 672 52 666 128 619 518 630 119 364 781 655 839 494 574 117 386 627 553 731 709 55 744 619 194 525 483 545 601 117 89 788 643 306 559 632 809 609 94 876 668 883 695 
55
361 138 413 163 650 556 896 314 209 630 729 455 695 652 360 356 293 411 818 378 24 566 660 42 336 774 107 837 24 526 550 799 773 341 885 653 445 325 595 766 435 789 364 741 709 465 41 894 674 0 449 359 666 494 447 
394 146 439 179 677 580 906 327 214 634 762 465 722 653 379 362 320 427 837 396 51 568 675 44 364 805 128 861 52 543 581 829 806 347 892 680 472 356 601 789 467 812 392 771 711 498 43 913 677 16 457 363 699 498 475 
7
883 576 462 57 802 107 762 
910 597 468 64 803 132 780 
71
72 281 892 420 120 431 545 370 554 304 326 532 299 75 807 198 484 349 2 223 647 132 325 20 663 750 118 353 129 669 372 311 743 124 518 263 695 556 591 692 593 739 318 524 16 175 259 37 840 242 806 118 593 709 42 637 437 139 62 895 352 764 53 108 359 143 548 854 332 821 262 
88 314 915 423 125 456 546 402 563 323 343 555 315 106 829 221 511 382 28 233 677 134 339 48 673 757 147 384 162 689 375 333 769 137 534 273 711 563 601 710 604 747 334 536 46 206 260 64 845 251 829 149 620 710 43 655 445 151 92 896 369 787 70 115 378 148 577 867 333 840 291 
78
95 239 491 241 652 730 157 768 683 887 459 296 878 16 616 749 695 58 684 548 404 193 702 404 268 223 332 219 873 651 799 93 280 275 143 498 895 802 445 576 389 836 110 724 379 364 370 268 4 109 159 388 91 245 892 645 412 498 724 1 193 777 219 6 381 64 416 90 138 736 850 807 753 884 726 471 646 275 
96 257 510 261 671 762 189 775 712 907 469 310 897 29 634 775 699 60 696 580 407 223 707 420 284 225 348 238 876 668 809 94 294 278 164 518 921 825 460 607 422 856 121 739 380 393 372 289 30 114 180 390 96 254 914 657 414 500 756 19 203 783 223 28 395 73 431 101 168 739 874 811 761 916 744 504 673 276 
65
281 566 242 208 593 527 847 273 859 575 311 485 118 634 175 344 173 545 810 804 261 222 482 327 824 200 242 222 278 816 851 602 270 836 397 77 565 559 488 280 285 338 255 581 813 680 756 580 321 601 46 169 671 747 110 660 300 616 351 485 188 719 338 466 606 
304 572 273 235 608 560 858 294 877 606 317 490 119 645 205 373 200 574 816 831 292 240 487 356 835 207 266 253 284 839 860 618 287 859 427 81 567 591 510 305 302 348 261 608 826 691 786 600 324 633 66 192 692 772 123 663 310 648 371 510 193 737 364 478 617 
81
48 636 308 199 871 19 22 378 764 162 258 539 160 165 336 387 563 133 883 528 351 12 356 347 153 336 628 407 1 401 894 117 604 220 572 232 87 693 327 357 342 288 658 551 59 95 533 4 453 813 369 444 82 594 68 583 436 173 358 852 172 469 249 635 94 826 88 614 298 272 654 470 221 76 467 95 668 137 731 718 112 
78 647 337 207 878 22 53 410 796 166 282 549 189 196 358 397 574 134 898 532 378 30 374 349 155 344 632 419 28 420 906 149 617 246 574 244 119 710 337 386 360 289 673 568 78 117 560 21 468 842 372 455 115 607 75 601 444 183 388 879 197 479 279 656 127 851 107 647 322 299 670 488 248 83 485 98 680 161 734 735 136 
92
497 91 400 336 448 634 512 110 239 583 498 709 670 628 387 369 770 47 255 433 673 134 542 772 371 453 393 483 833 451 275 599 73 710 425 726 408 175 797 525 797 236 31 146 327 876 209 142 617 305 491 33 683 642 552 242 333 431 892 21 570 316 869 152 706 123 280 592 662 37 293 454 451 387 859 156 703 101 326 652 106 428 625 745 146 392 150 461 228 440 50 111 
507 119 428 354 468 641 530 124 253 592 521 718 688 641 395 384 793 53 269 435 686 139 546 773 401 454 417 494 859 477 280 611 87 715 428 749 419 185 809 553 813 257 35 158 345 900 216 154 631 313 510 62 706 651 562 245 360 458 912 42 577 340 877 180 719 156 309 618 689 53 323 480 459 404 881 185 713 106 342 653 136 453 649 753 157 413 156 489 256 444 61 119 
61
212 792 868 868 748 458 494 707 29 219 102 500 53 694 491 215 455 565 426 255 579 230 350 538 875 47 667 117 25 470 447 616 484 722 505 876 186 653 539 608 740 888 598 622 609 536 569 158 521 458 352 606 333 163 341 782 525 82 567 242 589 
222 820 901 901 757 477 524 738 50 242 130 523 56 705 501 225 483 588 446 274 590 248 356 561 889 67 676 123 37 478 457 623 500 748 520 906 199 682 563 615 765 897 630 630 635 567 598 161 553 468 385 609 348 188 352 790 544 83 590 269 611 
52
257 886 639 561 10 766 120 405 257 270 197 816 399 354 1 799 42 361 145 238 106 396 317 12 473 408 411 782 32 277 160 589 652 577 61 348 315 692 635 602 679 570 126 396 84 489 541 744 820 486 632 446 
272 904 660 591 15 767 135 409 262 292 213 819 424 378 31 818 46 390 154 261 130 421 330 32 497 428 419 785 63 278 164 621 672 606 80 354 317 703 657 629 682 588 128 401 95 510 564 763 831 488 658 449 
77
534 403 370 412 874 298 692 806 639 699 587 428 270 136 548 566 544 211 670 482 18 465 30 868 817 277 153 7 808 321 613 33 649 863 561 161 621 686 392 716 715 209 491 688 53 249 688 318 824 548 724 460 127 492 295 225 697 374 46 81 863 161 9 781 155 110 534 721 509 577 313 311 335 90 540 778 196 
547 423 400 422 887 306 715 814 660 714 590 442 290 140 558 586 571 237 703 509 36 474 31 898 818 302 180 21 820 323 619 40 672 882 590 193 631 701 411 747 730 228 515 710 64 269 695 331 844 562 732 486 140 517 309 240 703 375 72 108 871 178 10 787 179 143 559 732 534 579 332 340 346 108 556 782 216 
46
502 122 674 238 481 166 110 215 485 622 749 81 639 107 746 483 61 476 553 180 611 67 814 131 696 389 249 774 417 525 721 7 110 12 890 796 528 718 542 840 692 881 195 621 427 272 
522 129 676 240 494 170 123 229 507 631 751 109 658 112 768 492 92 485 585 205 640 90 843 150 723 415 280 801 437 547 737 20 115 19 918 807 551 744 574 872 697 896 203 635 429 303 
68
279 157 734 444 111 246 257 11 23 294 625 547 351 599 828 40 64 661 116 210 644 895 540 801 651 311 221 844 810 863 477 339 497 132 600 534 194 641 830 90 131 649 655 321 827 697 879 638 234 782 805 871 339 823 549 245 711 429 882 426 726 607 655 576 807 516 268 800 
289 188 763 464 119 257 290 14 46 307 632 565 375 610 835 56 76 670 124 238 677 912 572 806 660 343 247 868 836 868 497 352 525 135 613 546 197 648 839 110 155 676 688 352 840 716 896 668 252 790 833 877 349 849 568 274 738 452 885 439 742 618 682 584 810 521 300 824 
34
722 439 219 546 43 490 230 608 698 802 681 642 99 802 44 476 175 898 529 300 347 455 584 724 268 216 208 582 399 290 684 607 176 650 
738 442 235 563 73 495 247 635 726 808 712 644 116 811 63 486 208 923 546 318 360 478 588 732 272 246 232 593 425 322 711 616 191 655 
27
50 287 823 821 382 46 211 8 72 260 299 31 410 637 333 351 502 620 296 499 832 477 35 3 494 652 364 
72 301 854 831 397 61 212 22 94 281 315 60 414 638 356 354 507 636 318 511 863 499 37 29 514 677 372 
41
171 683 94 329 419 790 362 738 54 310 110 794 82 562 819 21 402 364 17 667 155 368 680 350 280 624 545 300 368 294 899 68 713 591 521 860 310 888 226 517 691 
180 700 120 337 436 807 372 764 57 340 126 817 95 588 826 50 413 385 41 669 171 388 701 378 304 644 563 306 374 301 905 93 724 608 525 864 342 892 258 524 711 
57
335 890 216 48 246 264 770 634 307 251 698 367 498 97 791 386 482 276 20 893 382 607 42 840 124 729 760 403 592 450 530 401 5 205 399 885 147 725 625 835 251 67 254 160 663 726 844 404 300 567 204 272 836 541 157 101 535 
339 922 218 53 279 297 783 662 318 266 708 398 500 130 804 401 502 289 25 922 399 620 44 848 142 735 785 423 619 465 540 419 10 217 409 893 180 745 649 848 264 99 268 186 667 735 873 406 321 571 221 290 862 557 184 123 542 
97
185 372 95 550 619 188 770 827 398 534 106 83 788 460 489 804 655 796 348 831 15 624 610 146 118 253 708 880 291 583 158 544 456 355 282 564 700 478 235 814 98 874 196 797 84 59 659 451 440 712 487 415 59 92 13 340 469 313 859 845 382 285 300 48 38 858 531 209 662 578 604 480 24 530 92 26 774 307 444 310 511 405 333 129 311 760 418 780 221 426 279 480 456 624 539 780 895 
205 401 99 583 646 199 778 855 403 552 133 84 801 487 519 827 668 802 362 855 40 652 634 178 139 266 710 899 292 614 178 558 457 365 301 580 701 483 261 828 113 896 228 826 96 88 666 478 463 730 490 429 64 112 30 345 488 324 887 861 409 287 318 52 70 869 545 240 666 591 619 495 32 545 120 31 779 324 445 335 513 434 356 160 318 767 442 797 233 455 304 503 460 642 560 812 903 
88
328 718 298 875 636 489 832 0 871 121 304 143 844 777 468 78 444 308 410 749 289 16 28 157 161 419 880 760 136 313 183 797 584 162 783 535 645 84 260 672 817 580 150 116 164 286 821 371 79 291 544 727 774 357 450 248 13 856 59 746 798 868 7 15 268 642 530 496 677 230 675 582 703 544 5 680 214 17 85 604 636 858 211 65 98 203 170 254 
356 748 319 898 664 510 852 17 880 131 320 162 874 792 498 93 464 313 426 759 292 46 40 165 188 440 906 784 163 317 190 807 612 191 790 551 677 111 285 699 831 603 167 143 177 315 832 379 98 304 550 758 781 369 473 257 30 864 65 754 822 901 13 21 276 657 541 508 710 238 703 604 713 553 30 709 228 32 87 611 637 875 239 86 114 217 176 273 
79
195 428 208 194 644 336 119 709 42 369 733 287 252 595 107 856 393 283 406 852 289 520 670 566 95 297 83 352 140 768 604 847 502 390 103 455 322 196 95 498 489 118 479 600 209 560 290 305 429 493 433 320 715 540 367 398 329 220 680 219 684 802 79 558 298 734 188 882 363 507 55 379 817 885 816 585 677 68 385 
222 444 229 214 654 352 129 735 46 391 752 299 279 609 114 875 412 287 436 874 314 550 693 593 115 317 109 363 158 778 619 868 529 394 114 483 346 228 105 500 493 145 496 613 232 582 305 307 457 524 460 323 726 566 390 407 343 239 683 248 702 828 103 562 328 754 210 885 382 522 76 409 840 912 825 599 682 90 415 
73
79 790 55 188 703 862 458 604 178 223 515 152 797 578 716 402 764 101 27 570 88 352 793 786 655 835 229 779 417 768 750 425 857 224 509 704 424 243 508 376 831 829 694 581 857 137 113 408 484 44 525 86 300 57 151 466 437 537 498 739 359 853 834 235 91 203 424 60 311 27 243 236 284 
103 814 66 202 730 882 484 629 207 239 527 180 804 599 743 406 765 130 29 586 102 375 799 813 672 850 238 805 423 776 776 440 859 226 523 733 439 273 537 393 859 833 697 593 866 143 142 431 509 75 528 117 309 58 161 479 448 540 507 759 391 865 843 256 111 205 434 63 332 45 258 268 294 
23
178 443 439 277 351 840 124 367 335 493 661 779 843 152 349 327 698 852 584 841 261 793 87 
195 466 447 287 369 857 152 385 342 510 693 782 875 174 356 352 727 873 607 871 263 814 96 
45
423 103 666 450 645 129 260 388 545 134 238 118 19 759 678 311 716 772 513 459 529 318 732 675 658 852 567 258 56 79 224 331 497 521 216 59 360 633 778 262 8 827 579 854 895 
437 126 676 453 646 153 267 399 547 149 247 148 30 790 694 321 727 799 546 478 554 335 747 700 671 867 580 287 72 101 247 354 524 538 225 80 369 662 806 267 33 848 607 878 903 
98
218 195 8 175 9 770 307 783 718 157 891 576 642 211 448 241 655 321 527 473 443 687 580 42 849 750 263 197 879 678 345 490 147 456 703 607 64 391 655 142 29 839 110 296 236 208 685 374 4 2 254 348 398 360 272 152 186 890 819 78 52 429 678 363 732 182 371 98 369 318 356 636 254 532 308 625 886 791 650 138 15 260 850 848 212 654 430 804 411 253 134 169 725 179 610 648 637 100 
246 224 38 183 27 775 322 793 751 163 909 600 659 218 457 271 677 346 559 478 447 715 595 60 880 766 273 229 887 695 367 507 180 484 708 616 71 415 658 175 57 851 130 324 249 216 702 383 37 13 287 360 416 383 277 170 188 891 821 89 54 442 687 395 755 192 395 120 387 344 385 654 256 546 320 639 892 820 663 156 48 279 862 877 228 669 456 809 425 280 138 202 756 201 629 655 668 107 
37
344 876 351 733 743 845 166 708 526 562 403 888 179 753 405 247 433 449 161 614 492 875 312 495 600 512 281 515 498 638 498 446 503 508 573 65 473 
377 885 364 746 763 868 195 712 536 591 435 907 185 783 412 267 437 473 171 638 495 903 335 524 608 544 303 519 515 656 499 471 532 526 587 94 491 
90
181 110 411 324 241 424 114 430 686 860 17 16 824 440 107 307 885 100 377 602 337 707 610 262 47 200 473 439 148 781 447 841 605 520 158 393 39 641 733 440 521 240 254 787 350 53 855 21 629 630 158 75 16 243 115 25 117 126 34 169 679 875 513 281 834 425 728 587 9 285 306 760 566 190 294 380 879 399 351 129 385 69 143 649 279 276 37 405 715 302 
186 116 434 354 253 451 139 450 709 864 36 23 855 455 134 331 904 130 394 634 339 738 622 266 52 222 495 445 152 810 467 867 614 531 174 411 69 649 760 447 537 256 274 805 354 71 883 48 661 653 167 102 35 253 123 31 126 148 40 185 693 905 521 287 855 439 761 618 12 312 327 790 584 211 313 408 911 402 361 136 418 92 167 662 305 277 40 411 726 306 
30
682 626 571 784 38 429 831 429 82 262 254 153 44 194 454 684 475 372 318 487 116 38 647 327 148 242 228 782 844 2 
713 650 596 810 39 457 842 438 84 283 256 159 48 202 478 703 499 377 319 496 133 57 670 347 174 270 229 802 864 30 
27
82 547 400 502 577 465 591 636 235 305 103 449 281 738 417 429 263 683 462 111 233 424 485 80 318 40 182 
95 561 433 523 578 478 593 658 256 323 110 474 306 762 437 435 290 700 469 132 254 429 517 95 322 51 184 
32
464 450 717 646 344 691 282 515 1 537 72 598 708 230 860 237 416 36 462 538 799 605 393 294 707 308 618 68 683 346 711 461 
490 483 728 657 368 713 312 548 12 541 99 609 738 249 867 251 426 41 470 563 802 614 394 325 708 312 644 70 700 368 713 482 
84
497 823 85 474 729 797 642 448 292 884 89 81 448 791 581 789 862 149 835 450 70 404 331 375 873 21 757 142 518 732 743 69 727 146 534 116 340 405 166 393 832 190 209 388 57 619 532 900 599 712 139 529 141 546 507 436 146 819 651 776 218 608 876 504 149 500 540 460 153 78 738 792 833 31 710 390 95 778 398 338 93 529 57 106 
520 838 100 478 748 821 673 470 325 903 101 109 473 820 584 821 891 175 857 482 99 432 348 392 900 46 763 173 551 751 770 97 756 175 550 137 354 437 193 403 847 212 226 403 68 637 547 923 629 736 146 545 163 560 533 469 167 844 655 793 222 621 887 530 164 512 565 466 158 103 742 795 841 54 741 413 100 794 400 354 115 532 76 127 
18
184 625 157 323 332 370 693 324 571 881 426 442 750 114 577 121 591 549 
196 649 180 330 333 379 698 333 594 888 429 456 769 127 588 133 614 568 
80
873 776 778 670 429 242 233 42 132 303 511 280 659 526 383 344 178 630 324 627 48 369 560 132 204 395 370 47 806 326 342 40 583 873 763 155 865 182 25 614 147 341 774 338 60 364 128 616 768 114 881 531 784 162 721 434 875 177 263 526 577 717 88 515 714 576 592 331 315 680 62 697 385 784 490 666 93 267 607 730 
896 790 808 680 454 266 249 53 162 322 529 309 678 534 415 377 179 656 351 659 60 396 593 160 213 407 390 57 826 351 370 44 614 896 790 162 870 212 58 643 148 370 783 361 78 375 160 620 776 132 893 535 802 179 742 456 890 182 283 542 581 728 90 543 719 585 625 360 325 712 81 713 389 805 502 690 117 281 619 762 
96
405 192 535 620 139 784 245 134 100 105 538 593 835 122 297 317 142 403 572 201 571 756 302 432 762 299 205 211 459 549 867 547 771 182 468 549 161 351 87 559 716 645 245 754 884 252 61 354 849 671 316 248 417 337 778 751 546 10 144 288 563 670 439 852 56 498 635 246 742 52 568 609 91 697 780 56 625 759 246 244 125 71 578 11 890 731 560 166 456 282 344 471 164 826 733 109 
412 207 559 646 167 802 248 149 103 134 561 619 856 153 313 326 149 406 590 230 584 777 328 464 764 329 238 221 461 559 885 548 775 200 495 577 181 369 101 566 725 647 264 778 900 253 75 374 882 672 327 280 423 346 809 781 557 17 153 301 589 691 449 873 65 529 646 260 753 83 600 616 116 700 788 76 649 763 258 249 134 73 607 43 923 740 583 170 482 289 361 502 195 831 756 136 
97
181 579 125 181 224 442 301 516 474 301 115 670 592 871 586 158 42 354 527 347 66 208 377 324 666 753 391 314 98 537 509 243 522 710 826 593 638 655 319 658 99 855 429 870 246 607 291 99 240 357 658 156 248 202 285 641 768 271 556 220 737 53 470 336 655 875 140 501 634 44 59 699 72 817 608 827 656 265 725 331 691 585 128 308 581 176 433 557 342 530 302 186 732 877 449 432 9 
209 581 137 187 238 469 306 535 484 324 129 703 622 875 619 168 53 385 541 374 68 227 400 335 683 785 416 323 131 562 519 265 529 717 843 606 654 676 349 659 128 863 452 876 272 626 317 118 261 375 679 175 273 207 289 670 798 285 571 228 747 58 501 367 664 895 149 530 643 60 90 705 82 829 641 853 667 274 741 353 707 602 140 329 588 206 443 585 357 535 326 207 757 881 480 459 41 
21
138 468 268 770 46 259 483 775 431 411 458 762 708 238 476 800 635 603 882 605 316 
146 490 291 791 76 278 516 790 442 412 459 772 730 268 505 803 656 629 891 636 345 
77
799 146 820 535 627 259 601 672 598 240 751 310 886 756 495 285 504 210 304 821 34 464 302 372 45 300 12 343 185 306 610 768 122 33 516 753 431 582 543 425 358 176 731 664 410 93 661 334 631 1 618 193 764 574 224 687 823 348 779 66 477 706 416 416 199 690 568 362 757 531 134 355 577 404 507 141 629 
828 173 833 540 628 286 619 703 618 259 770 320 900 779 509 316 510 223 328 825 45 487 323 379 64 322 41 372 202 331 629 772 128 43 545 769 437 609 567 451 380 188 741 686 430 116 689 362 637 28 630 195 777 577 249 696 832 376 801 77 501 719 437 433 205 713 584 392 772 559 161 372 597 422 529 154 650 
60
441 727 878 673 208 554 808 863 120 332 253 274 334 246 769 729 267 293 492 733 117 429 372 2 67 660 162 426 174 607 558 649 684 764 701 372 379 238 588 333 872 670 721 25 264 631 761 441 114 216 593 128 181 516 300 217 635 97 182 747 
449 735 879 691 239 566 827 878 125 337 254 293 335 265 798 732 268 325 518 749 139 438 377 31 72 669 173 435 206 626 589 677 713 796 709 380 388 270 592 349 895 682 734 33 272 634 773 442 134 242 605 147 193 544 307 238 664 123 197 764 
28
774 309 799 61 159 192 698 324 175 157 103 155 823 271 754 791 472 574 143 266 6 742 118 561 347 110 841 540 
793 311 822 93 189 223 705 328 182 184 107 163 836 283 785 792 492 601 150 294 21 770 120 569 359 128 860 550 
60
207 423 689 487 119 725 817 157 264 186 819 173 283 270 262 515 327 484 780 94 17 149 639 606 861 125 63 208 318 588 303 743 833 440 387 712 146 636 861 482 529 392 302 632 771 289 215 497 152 256 561 340 622 285 713 799 771 627 286 485 
227 426 693 488 129 735 818 169 267 210 824 181 297 292 289 525 349 512 806 121 19 181 648 631 868 133 70 218 348 612 315 744 843 461 407 745 158 657 866 514 551 407 320 646 791 290 217 524 176 264 586 369 655 307 736 807 794 630 298 501 
13
774 278 520 751 375 810 730 758 298 14 30 332 676 
788 294 539 752 405 832 733 790 309 18 38 347 689 
89
727 752 852 772 393 401 365 552 17 358 864 530 520 153 354 832 131 674 557 633 832 88 321 798 602 854 142 386 459 592 889 390 306 499 401 605 662 25 731 114 474 394 245 675 716 13 889 220 260 246 643 390 41 181 634 600 353 220 567 95 657 779 809 633 213 227 227 658 726 436 827 657 823 274 268 564 775 67 234 545 372 700 182 867 385 159 231 285 190 
753 784 860 795 402 418 370 576 40 360 883 535 526 178 379 833 135 695 578 662 849 117 354 818 630 877 160 410 463 611 910 397 320 500 432 630 666 56 736 134 477 402 275 680 726 39 896 239 283 265 654 420 69 193 642 627 354 245 597 124 676 780 825 641 214 248 258 678 734 458 849 680 837 292 278 576 804 81 258 557 381 730 193 897 396 188 260 303 217 
6
755 295 496 540 367 517 
759 316 503 546 386 543 
77
388 708 458 270 770 848 643 550 188 83 576 405 800 473 893 41 684 40 215 481 137 481 661 108 411 154 451 489 331 580 438 695 766 760 442 759 461 458 470 763 451 661 872 45 607 320 346 59 542 887 852 663 184 327 480 329 206 329 636 777 396 180 300 648 454 323 775 510 900 704 126 203 815 806 303 289 869 
408 710 475 281 782 871 662 561 196 97 584 426 813 493 920 43 710 46 245 482 155 491 688 122 415 169 452 500 333 593 457 698 778 778 463 770 465 462 472 790 461 675 878 62 624 352 351 70 550 907 862 693 199 335 495 348 210 361 655 793 404 182 314 672 458 336 779 532 905 734 151 212 823 810 323 315 899 
93
269 585 855 831 787 265 609 45 21 688 685 852 316 317 296 646 286 766 342 292 701 767 452 894 78 519 91 791 798 511 686 451 884 608 705 246 250 14 320 572 680 854 57 871 645 445 738 799 5 135 199 316 790 548 635 300 706 581 691 719 429 263 853 680 64 65 592 713 711 86 876 553 332 842 478 559 12 569 379 220 559 104 62 127 871 11 896 320 492 748 614 373 624 
277 608 857 836 818 297 623 53 35 694 713 862 343 326 315 664 316 784 374 301 729 772 479 899 108 531 109 796 810 538 695 471 899 610 726 251 262 35 339 581 711 855 63 895 658 455 764 824 32 151 230 341 818 557 636 325 707 590 716 740 442 287 874 690 67 91 601 717 736 100 904 572 356 874 501 574 25 574 394 232 560 116 78 134 895 41 917 329 500 769 637 401 629 
19
399 505 345 343 248 416 220 726 21 783 872 493 451 710 315 462 835 53 549 
417 509 349 352 267 430 230 746 40 812 879 507 471 735 336 474 859 85 567 
45
193 381 867 128 428 607 479 667 291 22 674 326 104 542 30 645 378 823 532 465 559 828 309 648 349 464 841 611 271 418 280 217 585 695 487 267 422 878 184 727 394 657 773 72 313 
196 395 898 138 456 623 495 669 324 26 707 353 116 543 54 646 406 839 556 475 560 832 311 674 366 481 858 627 287 446 299 246 591 696 488 279 452 890 199 759 422 669 795 75 319 
62
593 651 31 739 377 208 213 797 883 166 311 866 21 708 42 291 40 75 228 309 2 821 612 853 634 200 268 76 795 444 775 562 173 282 244 402 197 760 435 492 227 807 858 479 163 382 451 248 76 422 814 865 543 612 228 543 896 41 125 397 235 622 
617 657 58 770 389 238 245 816 904 191 325 894 47 730 67 295 44 86 247 325 12 826 630 854 644 220 295 84 826 457 787 563 194 290 260 403 227 788 460 506 243 827 870 505 183 410 471 255 77 431 816 870 552 620 250 575 915 53 132 400 244 642 
47
870 592 823 105 273 687 223 17 407 718 207 675 464 359 684 254 843 845 254 8 858 613 856 2 797 308 183 227 441 683 721 570 882 220 256 455 616 86 797 627 503 193 414 730 95 476 548 
896 612 825 110 275 703 229 36 418 728 239 705 471 368 691 272 871 847 255 9 861 643 882 31 798 333 192 228 450 694 728 581 911 247 268 483 623 103 801 658 518 195 423 731 103 505 554 
35
826 491 609 11 732 602 371 426 887 50 874 799 258 701 354 741 595 736 744 216 321 68 599 549 350 654 158 846 655 886 284 684 751 877 58 
859 496 634 32 736 620 383 457 896 65 900 828 280 732 364 752 606 738 754 219 351 78 611 572 372 667 174 862 667 887 297 714 772 898 75 
32
676 30 401 710 271 433 260 233 433 58 559 622 31 811 893 281 202 226 529 382 434 187 594 768 695 361 403 585 17 753 291 371 
687 47 417 717 279 446 284 235 462 82 582 632 47 842 912 298 225 239 545 388 461 196 627 770 714 371 423 601 39 764 321 373 
70
894 369 271 760 752 473 718 362 357 443 697 754 126 275 828 396 657 246 123 807 353 840 374 805 711 567 17 788 877 95 327 120 50 407 166 445 692 383 380 293 328 390 677 182 737 853 165 841 737 686 57 214 308 609 281 274 555 351 31 678 206 625 100 280 310 532 890 513 136 679 
908 374 298 782 785 479 720 386 365 454 707 765 146 290 843 429 679 270 152 827 363 873 397 807 725 586 36 796 885 110 347 133 64 427 176 446 721 411 400 307 332 411 698 205 752 866 181 847 761 688 86 229 310 617 283 289 568 376 60 702 224 632 126 304 314 543 914 532 169 686 
47
349 174 170 738 878 603 627 104 651 602 562 399 879 841 771 115 474 323 786 437 161 163 807 773 297 67 236 663 855 106 357 639 205 268 518 547 241 260 374 102 3 630 328 146 391 404 771 
370 193 198 754 885 627 655 106 660 610 585 420 900 853 788 133 491 348 805 454 187 195 834 797 307 97 267 677 883 132 360 651 217 293 524 564 256 274 387 108 33 650 348 153 411 424 777 
46
75 36 414 406 676 750 886 619 578 79 512 359 258 595 482 169 327 714 640 331 127 32 755 463 232 42 706 332 707 158 754 539 226 22 264 74 226 198 155 206 896 825 344 160 580 735 
92 62 418 432 689 762 904 642 587 103 519 364 266 597 489 197 355 744 658 359 154 46 774 477 257 65 729 345 734 177 764 560 256 53 267 83 257 202 177 211 915 831 362 162 607 744 
73
671 267 329 80 0 601 363 856 581 712 564 867 68 797 248 724 637 130 314 441 672 115 516 851 106 720 867 888 199 113 509 455 622 4 489 646 586 692 525 399 97 698 598 692 865 37 139 709 772 192 257 621 392 145 452 340 752 9 516 644 3 44 867 299 566 495 428 162 24 529 841 719 701 
700 294 361 92 14 619 372 875 613 720 596 875 80 802 273 751 643 160 335 465 683 146 518 858 115 743 892 906 210 145 536 475 630 37 510 671 615 707 528 427 127 714 607 712 885 56 145 716 789 195 283 623 406 160 453 362 776 23 547 660 18 71 868 329 567 516 452 172 57 542 872 745 702 
62
613 886 225 831 326 62 646 54 378 127 888 520 672 579 883 102 25 779 743 14 789 25 323 499 339 691 753 187 789 384 568 456 266 240 439 871 23 555 669 443 472 731 237 542 179 887 205 133 776 878 23 633 240 86 134 412 160 624 557 513 886 881 
644 916 242 834 355 93 679 85 395 158 903 549 689 584 909 120 35 812 750 41 822 35 340 520 360 705 757 199 792 405 589 472 284 263 453 895 28 565 674 460 483 756 240 574 196 916 225 134 798 904 24 646 251 109 149 417 192 627 587 515 902 897 
7
113 214 35 203 855 520 30 
127 239 62 236 856 537 53 
23
857 71 876 503 654 62 616 523 452 267 617 232 740 813 205 743 469 871 302 67 590 685 468 
881 93 904 522 675 63 630 525 480 272 648 260 767 832 222 754 481 898 323 95 617 693 476 
7
316 319 0 280 44 205 57 
318 342 7 300 51 230 85 
18
812 772 342 356 218 835 340 309 114 710 594 739 58 489 44 734 725 134 
845 800 362 389 238 840 368 342 126 742 610 763 77 504 74 766 756 151 
88
787 690 202 865 398 718 165 81 412 534 251 740 541 596 226 113 129 34 891 331 355 172 118 393 619 326 130 137 258 5 891 290 614 143 324 686 613 288 509 658 401 791 547 895 157 685 415 861 697 426 271 789 467 110 254 599 249 582 814 96 268 514 549 505 875 455 242 525 817 180 800 518 368 637 765 648 307 212 736 895 143 351 189 788 304 869 848 45 
801 710 233 894 407 737 167 111 424 561 283 750 566 606 241 129 145 61 904 349 379 174 141 394 635 338 150 164 277 28 914 315 621 159 328 690 614 303 510 677 406 820 563 927 177 717 439 875 703 439 298 822 483 122 279 626 276 597 820 103 297 544 573 518 877 457 245 544 827 209 825 541 376 662 777 681 339 236 739 909 167 381 200 796 312 886 870 59 
100
682 242 37 218 883 432 464 239 286 499 205 258 869 517 804 832 519 793 844 549 581 318 311 751 271 849 646 146 361 464 893 543 261 156 843 428 478 657 700 179 550 844 631 9 754 346 562 49 720 128 604 274 698 367 232 261 70 474 591 486 651 883 216 235 227 688 315 111 686 600 719 493 759 887 243 587 96 306 591 337 598 748 780 719 427 276 676 134 231 380 582 765 328 79 405 529 838 708 28 74 
686 258 40 246 892 464 494 271 316 517 233 274 887 533 830 857 531 818 871 558 582 328 316 753 299 859 666 162 363 487 895 563 280 179 871 441 511 678 726 182 556 853 633 36 774 373 591 79 739 152 618 278 717 380 241 289 95 476 616 512 661 910 245 249 235 712 316 139 700 627 739 524 783 889 269 608 105 339 593 352 611 772 809 747 450 302 686 150 252 389 588 773 336 93 420 544 866 712 49 102 
21
350 414 528 143 121 22 175 208 175 444 152 825 46 250 112 608 495 374 764 166 828 
371 438 556 172 149 35 186 237 180 471 169 850 66 256 119 638 522 407 769 192 857 
90
102 72 152 882 145 361 267 13 808 241 6 139 523 592 276 668 154 213 129 743 712 37 900 612 461 869 612 596 754 434 760 202 634 13 610 433 356 797 817 855 757 538 625 395 213 4 723 383 622 319 549 446 15 350 544 3 821 562 171 420 579 754 27 255 29 673 119 573 859 364 623 299 304 782 612 860 419 385 346 788 7 43 175 855 638 329 378 598 282 554 
108 84 180 894 171 375 282 30 838 265 25 158 538 619 283 696 173 241 145 746 742 54 906 615 487 888 614 608 768 459 791 230 654 42 634 441 369 825 835 869 778 556 657 397 244 36 730 394 635 345 551 465 33 378 550 15 823 574 192 432 581 765 59 257 53 683 142 575 864 372 655 300 313 815 635 871 438 416 354 814 28 62 201 867 651 334 379 609 296 556 
89
513 289 65 365 315 406 478 447 180 228 305 570 880 612 302 21 583 835 134 146 130 721 778 197 540 852 103 572 566 828 285 180 556 309 710 536 404 844 19 338 556 197 504 435 152 434 608 98 124 349 258 170 33 339 245 305 660 857 371 125 150 49 570 417 851 25 444 267 2 223 383 445 427 98 189 113 180 494 607 544 471 766 161 789 136 104 36 355 346 
526 292 86 371 322 410 496 479 201 243 334 574 912 623 314 46 585 854 142 151 153 740 794 205 546 858 113 603 582 842 303 191 583 317 730 547 419 857 26 366 562 208 508 456 164 443 611 112 140 375 285 177 59 341 248 311 687 877 391 140 158 72 577 419 869 45 467 286 10 232 397 459 455 99 196 121 182 513 636 570 482 787 164 802 156 121 37 358 374 
75
833 166 253 459 629 43 337 448 170 537 113 427 379 383 115 589 306 12 777 59 338 187 111 423 8 1 699 446 801 109 459 656 849 721 535 23 883 44 241 68 517 667 794 483 439 402 686 158 221 450 759 125 684 528 627 571 358 252 847 639 724 75 892 838 213 365 256 803 650 361 719 16 61 120 103 
865 176 270 488 657 56 359 472 193 569 124 438 397 396 147 604 336 19 800 90 350 209 142 442 12 15 732 468 829 135 472 676 875 737 558 53 902 76 267 99 550 673 825 495 463 415 694 164 242 459 788 134 703 554 650 574 388 266 878 653 751 93 913 868 221 380 264 818 679 394 748 49 67 137 108 
73
828 459 287 67 599 558 106 265 491 200 810 884 886 503 652 70 53 105 14 533 319 75 328 264 432 182 685 120 110 654 381 133 45 468 707 68 884 847 178 823 368 645 567 220 785 231 94 393 602 496 654 830 698 344 681 279 668 598 789 705 792 632 400 421 84 203 571 771 900 641 174 521 42 
860 465 291 92 630 581 139 276 495 223 819 900 914 517 685 85 78 129 24 536 327 77 360 293 457 199 688 151 135 678 396 149 65 501 727 99 905 878 183 837 375 670 592 222 813 234 119 408 625 500 664 863 725 355 701 301 685 629 821 725 814 633 403 443 109 232 591 798 922 647 199 549 49 
14
228 71 324 326 200 424 832 199 704 233 24 813 315 621 
233 102 332 355 220 428 863 204 715 257 41 839 330 636 
78
840 795 287 697 212 287 520 891 779 457 587 828 838 439 44 128 604 654 205 671 546 476 34 819 820 112 697 333 660 492 557 84 336 241 585 355 663 693 695 5 679 220 146 505 118 610 112 24 829 387 871 139 69 727 235 478 840 488 340 892 485 826 87 443 809 221 671 809 886 0 159 828 869 481 201 163 766 681 
845 823 317 728 229 318 537 911 787 477 594 847 870 448 64 135 630 668 224 702 568 500 64 831 845 116 699 358 685 504 582 117 350 243 603 356 686 703 726 23 695 237 154 517 121 619 116 31 844 404 873 144 71 732 266 498 849 514 346 903 511 859 110 454 818 224 676 841 902 3 182 852 892 491 220 164 770 683 
53
223 838 179 219 318 219 357 805 664 200 781 678 365 514 541 780 721 312 227 233 284 894 585 565 494 221 66 419 759 579 489 856 573 2 492 741 84 506 324 415 332 589 31 226 734 883 661 28 799 529 860 255 499 
236 847 207 225 330 232 369 838 676 218 784 687 374 537 557 784 728 340 252 262 293 908 613 581 500 250 74 445 777 598 515 882 604 30 512 765 112 517 336 441 353 610 56 233 758 890 673 38 816 559 882 282 518 
13
823 525 659 727 588 680 361 153 642 108 285 296 395 
853 548 669 756 621 690 388 164 653 122 309 310 427 
95
736 483 780 767 866 139 111 496 128 435 516 613 504 877 839 892 895 15 77 483 602 462 82 391 228 111 143 423 268 312 734 277 470 294 768 591 192 875 804 178 587 271 113 170 787 885 478 140 246 892 3 275 428 164 614 155 325 724 209 513 168 111 451 89 378 504 59 875 128 511 470 736 785 631 245 189 137 455 245 682 22 105 165 866 207 729 539 572 520 517 239 575 701 360 368 
746 500 791 797 881 152 115 521 138 451 517 639 515 907 841 905 903 34 109 484 622 491 109 417 238 127 169 447 277 313 749 295 477 297 783 610 205 895 835 184 605 281 137 179 806 889 499 157 267 922 22 276 452 165 643 178 349 743 240 522 171 124 483 104 389 523 81 898 131 542 496 743 802 657 263 218 148 461 276 706 49 106 190 890 216 749 547 585 535 522 243 591 703 380 370 
33
687 467 286 129 446 101 541 191 582 274 426 716 474 558 6 882 217 857 688 172 385 149 335 78 825 157 125 548 214 515 599 309 340 
713 469 289 157 476 113 564 197 599 287 438 745 484 565 19 891 245 866 719 196 404 169 337 94 856 188 127 577 247 529 616 324 369 
15
127 581 726 807 585 523 765 154 397 158 637 6 359 562 843 
153 609 734 808 613 549 784 161 417 179 665 14 363 581 866 
66
366 56 688 327 287 150 132 736 819 802 896 317 317 207 454 661 690 340 420 401 331 388 73 205 483 598 64 123 527 359 455 0 232 711 701 756 764 891 467 521 599 825 827 738 675 533 612 464 568 289 487 500 388 880 82 598 114 435 569 790 162 267 650 411 105 81 
381 66 693 357 314 158 136 744 830 816 926 328 320 226 480 690 713 373 422 408 343 420 76 213 489 611 84 156 552 361 464 18 263 732 710 783 768 923 496 537 623 826 841 771 689 549 641 480 581 313 513 505 393 913 90 630 121 441 596 811 166 294 683 435 113 111 
6
878 25 614 243 271 21 
879 57 639 251 298 32 
34
358 722 795 364 153 289 727 58 680 182 18 425 586 863 352 456 305 652 557 658 525 68 738 852 118 327 169 124 183 456 831 642 883 733 
386 734 817 379 166 311 751 68 706 201 51 434 613 883 373 458 324 678 584 678 542 70 739 876 130 335 195 126 209 468 856 666 908 750 
58
787 429 407 67 722 345 307 718 2 342 722 613 15 408 374 610 386 490 8 723 834 674 342 400 757 422 114 104 72 835 252 103 78 532 844 509 512 117 170 891 51 298 240 889 608 155 763 598 247 621 574 67 513 435 395 403 530 8 
788 462 425 73 746 348 311 741 15 352 740 635 24 428 386 612 405 508 40 751 851 693 346 405 769 433 146 126 101 859 261 120 100 556 865 516 523 140 200 919 54 300 242 895 639 188 781 625 261 643 607 69 531 456 406 425 550 20 
5
898 504 30 376 458 
914 512 44 403 461 
80
84 419 564 536 363 553 792 601 450 885 2 851 790 892 269 702 38 704 102 769 706 323 467 711 29 363 554 844 421 610 539 132 632 270 571 300 253 666 340 736 568 93 503 655 268 407 777 178 772 639 883 809 355 351 744 757 79 624 580 1 139 449 641 217 471 647 291 85 823 133 316 474 829 373 873 150 476 721 325 124 
103 424 574 561 388 559 817 613 465 913 8 884 809 898 278 720 50 714 127 780 715 336 473 718 43 373 561 875 434 612 571 145 637 299 589 305 272 689 346 746 596 96 527 676 300 431 783 184 792 672 885 835 372 361 751 763 81 656 583 27 145 475 655 233 499 679 308 100 856 153 323 480 857 404 892 177 477 754 341 135 
7
168 580 126 41 151 275 875 
175 589 144 68 176 287 878 
2
469 271 
473 275 
100
421 84 65 741 118 392 677 98 694 159 541 679 798 83 108 242 463 341 320 27 510 714 787 486 348 822 476 801 437 107 498 767 369 885 685 820 727 877 238 887 504 872 200 146 448 875 296 402 344 751 695 719 96 532 555 317 723 228 753 353 320 643 465 382 828 334 596 541 541 720 383 47 414 822 342 260 898 378 740 371 82 687 550 163 489 683 109 771 698 186 659 198 141 515 129 649 680 285 455 817 
451 115 73 772 137 405 686 117 718 191 549 707 822 93 114 273 467 357 325 57 527 726 812 500 352 849 495 818 459 114 518 793 400 917 702 840 759 898 260 890 515 904 216 179 452 904 305 415 369 754 699 721 112 553 573 343 741 248 756 354 345 670 478 384 842 344 616 558 571 723 408 54 428 828 353 277 930 411 753 386 84 693 580 184 513 685 121 791 731 191 684 207 168 516 137 680 681 312 478 835 
69
600 828 775 821 331 17 851 315 882 349 341 636 538 320 278 201 367 99 273 501 69 174 282 239 181 219 544 90 315 862 466 867 886 471 679 259 284 461 318 225 388 417 91 510 610 396 328 404 725 264 344 341 649 590 602 565 51 714 885 845 489 165 99 526 842 120 710 606 363 
619 837 780 845 334 34 856 329 889 367 354 653 553 322 306 225 396 104 303 526 91 191 295 242 193 221 552 94 341 873 477 899 915 474 704 279 285 466 347 252 412 446 99 525 643 415 350 419 741 271 351 358 674 605 627 591 84 724 905 849 501 191 103 541 861 141 720 636 387 
55
361 783 854 561 245 39 770 698 776 608 605 216 900 892 437 676 485 41 819 830 576 697 42 824 555 309 722 843 896 575 814 24 8 530 361 387 121 779 371 674 630 284 301 271 754 423 296 154 809 528 540 603 495 518 579 
376 794 869 564 261 62 771 720 788 619 614 229 904 921 441 697 502 50 846 845 607 702 50 851 571 319 753 864 897 578 830 42 26 558 392 405 127 802 382 705 648 298 326 285 769 451 301 183 810 559 568 627 496 532 606 
72
308 868 666 427 344 782 65 561 830 294 578 495 199 252 50 748 304 811 603 725 106 750 627 235 745 152 530 157 415 884 42 814 240 713 161 889 540 133 237 824 590 504 415 38 467 384 150 252 122 629 900 244 147 202 438 466 794 40 127 831 100 797 9 333 807 107 371 138 422 299 763 384 
319 883 671 431 372 806 86 577 862 299 607 513 217 259 73 776 332 834 623 751 115 782 638 236 760 153 550 161 429 913 63 817 268 722 175 913 552 147 239 851 606 525 427 41 497 412 167 279 138 651 933 257 178 232 444 476 809 58 144 847 116 824 10 340 826 116 374 164 436 329 773 387 
92
424 349 588 900 532 308 573 884 844 699 324 410 309 823 151 692 633 771 776 620 110 782 160 110 347 388 523 425 565 94 322 380 322 672 418 2 111 607 341 67 627 449 650 774 321 119 447 391 146 363 246 488 842 25 309 665 241 274 484 601 708 240 615 123 486 722 842 189 198 759 296 235 430 824 349 214 36 411 175 810 109 493 30 230 589 428 8 819 865 748 663 470 
445 365 616 918 550 310 591 905 870 712 353 435 313 846 161 696 657 803 786 637 138 808 190 131 361 421 530 447 596 110 344 381 323 696 430 34 131 623 374 70 660 468 672 787 336 143 456 402 166 377 251 489 872 30 326 671 245 293 510 611 729 248 635 126 503 754 864 199 212 770 312 244 432 836 369 247 54 414 199 816 123 517 34 247 599 437 15 831 872 780 669 501 
61
277 680 52 316 33 407 894 96 460 386 295 484 67 493 367 327 732 247 844 557 623 681 96 94 254 175 701 379 557 887 857 360 112 868 863 626 886 895 580 33 569 780 265 226 824 538 218 864 0 80 752 241 806 214 621 716 754 351 547 633 186 
310 707 81 328 53 408 922 123 479 410 321 490 93 509 394 354 756 269 857 573 634 697 122 113 278 185 702 406 568 901 868 387 132 886 878 655 900 920 596 48 584 801 269 231 845 553 238 892 20 82 761 262 812 238 637 739 781 358 569 641 210 
52
702 609 564 509 688 758 814 432 110 214 226 444 753 373 605 364 603 231 7 782 747 616 425 158 520 629 876 783 888 743 591 691 278 856 157 377 169 60 833 526 284 891 417 680 721 689 728 100 193 688 188 650 
710 637 575 521 702 784 824 454 126 232 242 460 764 389 617 382 629 260 22 790 758 640 457 171 521 650 895 807 912 755 598 711 281 888 176 384 172 76 838 540 306 909 418 682 734 712 730 115 214 704 204 652 
73
710 782 270 5 620 635 341 609 223 384 219 588 871 155 83 380 257 208 287 141 171 191 310 169 315 324 439 798 642 533 258 609 867 736 129 556 753 210 339 389 328 881 121 870 524 281 812 694 806 428 802 29 524 510 14 13 107 803 465 388 68 267 659 154 886 292 63 838 560 847 445 610 548 
726 800 299 35 627 660 373 634 225 392 242 614 893 171 112 401 272 224 311 142 180 200 314 182 320 332 467 823 668 553 262 638 874 761 148 581 767 242 365 404 359 903 138 874 542 307 837 696 835 454 816 35 536 519 28 44 117 835 495 419 89 297 669 162 906 306 77 862 580 873 465 618 555 
26
409 862 145 458 685 576 503 37 14 623 315 241 10 589 442 136 872 439 123 835 811 554 759 495 346 168 
412 879 168 467 699 584 524 64 35 632 345 242 34 622 470 137 878 446 142 861 828 564 765 513 360 200 
80
706 695 329 142 186 490 829 703 234 131 561 297 733 895 31 734 89 734 875 37 663 740 827 209 550 896 578 156 155 757 797 617 812 701 723 343 661 474 419 145 420 873 730 805 873 765 45 754 624 139 688 329 359 433 882 242 114 193 640 522 452 777 560 751 581 126 165 511 654 401 314 731 552 669 714 597 72 159 203 608 
738 714 330 154 219 495 841 733 256 136 563 320 757 911 42 740 111 760 897 58 670 771 847 216 570 921 593 177 179 771 819 623 820 731 755 356 666 493 422 174 451 877 763 816 898 786 54 774 646 147 715 348 386 454 906 254 117 224 643 543 483 779 592 768 612 127 171 532 674 423 336 761 564 688 746 601 82 187 225 632 
45
735 758 457 637 476 507 499 464 396 28 749 451 147 822 187 442 345 300 375 391 705 160 625 815 172 203 227 639 530 521 652 728 352 591 164 371 672 262 254 814 714 140 465 405 131 
759 759 486 663 493 529 528 489 423 43 755 458 180 852 188 446 369 330 405 408 726 186 636 817 192 235 249 672 544 546 662 730 380 605 179 373 673 279 263 825 744 155 475 406 138 
42
783 332 430 262 21 23 411 846 205 414 232 168 689 371 772 685 166 623 874 249 21 875 223 330 339 753 68 230 57 36 86 277 234 849 281 498 767 132 688 814 602 688 
799 363 440 287 26 54 433 867 233 422 262 201 711 380 788 689 180 630 897 267 41 904 226 334 353 768 88 248 78 49 110 309 246 873 284 522 787 159 718 831 605 706 
36
17 437 860 398 39 311 897 617 709 59 745 661 358 601 268 800 591 894 692 23 439 462 842 25 791 326 827 634 568 101 399 814 326 35 596 244 
18 464 863 413 66 336 902 649 721 88 755 685 390 605 282 831 605 898 712 52 471 469 848 35 811 335 847 665 596 109 422 835 353 49 603 265 
51
102 325 892 765 698 595 827 145 674 353 894 693 775 793 450 9 894 526 706 653 584 377 624 762 899 160 53 486 158 454 98 853 491 669 563 492 166 746 787 880 218 469 91 495 126 847 204 9 367 684 496 
130 353 903 780 716 628 834 153 694 379 927 706 779 821 461 38 925 555 736 675 603 402 655 790 909 161 65 515 159 476 111 862 496 684 577 504 185 765 818 908 250 480 97 517 150 860 226 20 392 708 521 
26
662 715 119 827 35 166 453 494 336 638 737 867 597 612 537 892 220 246 524 36 535 856 115 176 81 409 
670 732 148 842 62 177 464 514 338 666 749 878 602 636 560 898 243 264 540 53 540 864 119 206 98 417 
53
672 741 753 348 151 356 289 778 127 85 84 742 646 11 98 99 366 581 396 652 369 801 792 208 808 645 160 218 472 761 147 736 492 426 139 832 274 859 807 481 757 398 702 218 539 844 632 597 493 201 893 833 558 
688 749 773 354 170 386 307 799 156 104 87 765 674 20 131 118 397 610 402 673 370 830 819 237 819 651 170 223 490 778 161 764 518 449 160 851 297 860 834 483 765 410 731 235 564 872 665 611 504 217 902 847 568 
